6.00 3.56 3.98 3.21 5.14 3.16 2.41 4.32 3.53 2.84 3.86 6.51 2.71 2.93 3.25 3.40 3.00 3.98 4.13 2.33 5.87 5.46 4.46 3.70 6.90 3.77 2.86 4.64 2.39 5.13 2.59 4.27 4.08 4.42 3.08 3.64 4.12 5.11 5.66 3.61 6.66 5.84 4.89 3.91 3.74 4.53 3.68 6.06 2.48 4.09
3.69 4.72 3.61 4.31 6.58 5.05 3.67 3.91 4.14 5.31 2.82 4.19 5.73 4.96 2.90 5.93 4.06 4.77 3.44 5.27 5.69 5.79 3.56 6.30 3.06 5.10 2.27 4.69 2.78 6.64 4.09 4.55 4.27 6.33 3.71 5.41 3.89 5.58 4.39 6.06 5.22 3.33 3.35 3.48 2.76 5.02 3.85 4.17 5.46 5.07
3.65 3.32 3.43 3.92 4.11 5.49 4.73 4.03 4.64 1.96 3.05 5.76 4.70 5.28 5.23 2.87 3.70 5.95 4.24 2.55 5.98 2.92 3.15 3.57 2.45 6.36 3.56 4.56 5.16 2.67 3.53 2.99 4.71 2.41 5.00 5.66 5.86 3.22 4.07 4.93 5.37 5.16 3.25 3.02 4.56 2.41 5.81 3.20 2.27 4.10
2.10 3.26 5.41 6.25 3.95 4.67 3.04 4.69 6.47 2.57 5.38 3.23 3.13 6.06 2.78 4.30 5.58 2.38 3.69 2.38 3.14 5.01 3.58 3.17 4.40 5.59 5.53 6.69 5.76 5.93 2.82 5.38 4.32 2.70 4.03 3.36 3.49 3.85 5.60 3.84 2.69 3.10 5.99 5.57 4.91 5.62 4.73 3.85 3.28 5.00
4.96 5.53 6.19 2.19 2.68 6.43 5.92 4.31 4.56 3.85 2.19 2.95 5.68 2.51 3.63 5.31 3.10 4.88 5.63 3.50 6.16 4.51 6.39 5.01 5.85 2.68 3.13 4.55 5.65 2.46 3.28 5.47 4.16 5.31 3.69 2.74 4.85 5.08 4.79 6.22 2.78 5.16 3.61 3.27 2.70 3.72 5.93 6.18 5.99 3.11
3.35 3.13 3.36 2.11 2.83 2.98 6.16 2.52 4.99 4.37 2.87 3.27 4.82 4.34 2.79 3.02 5.98 5.83 5.12 2.38 3.33 5.38 3.89 4.84 6.08 5.51 4.28 2.55 5.32 4.11 5.61 4.45 6.00 4.23 2.97 3.83 3.06 2.39 5.57 3.08 4.18 3.83 3.86 5.84 4.38 5.31 4.08 3.81 5.84 2.29
5.28 2.32 2.17 5.46 3.17 4.55 2.91 5.95 4.51 6.16 4.27 3.60 3.26 4.43 4.58 4.82 6.34 5.84 6.45 5.63 2.56 2.77 4.89 4.74 4.68 2.34 5.13 3.59 3.45 4.73 4.88 5.73 4.98 3.69 2.83 5.98 2.75 4.32 2.76 2.61 4.51 3.43 5.42 3.27 5.66 5.98 5.28 2.75 6.52 3.25
3.39 2.96 5.77 3.08 3.08 2.75 4.78 2.49 5.41 3.99 4.94 5.27 4.56 2.97 4.82 2.66 2.40 5.88 3.06 6.15 6.50 6.26 5.71 5.65 2.36 6.24 5.54 3.86 2.81 3.39 3.50 2.69 4.18 2.79 5.19 3.32 4.65 5.81 3.70 5.92 6.10 2.39 4.58 5.80 4.75 3.16 5.84 5.81 3.49 3.17
3.24 6.02 4.60 4.91 4.03 3.95 3.82 5.81 2.37 2.50 5.95 5.79 3.92 3.77 4.27 5.82 3.73 5.01 3.73 6.01 4.69 2.99 4.73 4.22 2.85 2.39 5.04 6.47 3.54 6.35 3.36 5.90 4.26 5.14 4.24 2.63 5.20 2.76 3.99 5.56 6.25 2.72 3.87 2.68 4.38 5.08 4.74 4.43 3.57 4.44
2.48 4.28 4.49 4.67 4.57 5.69 4.02 3.45 2.66 4.48 5.27 6.26 2.61 3.01 5.63 3.38 5.59 4.65 5.85 3.07 4.75 5.78 2.56 4.14 3.90 3.51 4.24 3.55 4.65 6.67 5.70 5.82 4.26 4.38 5.80 5.03 2.60 5.60 3.65 4.21 2.35 4.77 4.69 2.18 5.89 3.13 6.16 6.37 5.67 3.69
