71.31 22.38 130.16 115.62 -42.82 86.41 187.27 10.11 110.08 96.15 81.26 -53.41 132.21 63.84 200.19 45.75 171.36 92.71 84.67 92.62 -45.44 -55.34 -19.15 27.69 3.51 107.55 140.81 -2.73 151.57 -52.70 126.34 32.66 18.36 18.58 87.37 75.55 51.76 -35.93 -82.44 43.84 -72.05 -34.10 32.15 77.46 162.58 26.36 92.46 -17.70 133.31 10.90
16.09 -9.92 28.07 -5.25 -86.58 47.76 71.71 134.45 59.74 -9.14 135.33 146.36 -61.41 -6.43 106.86 -49.28 15.82 -25.26 60.01 -23.48 76.32 -96.38 102.27 -70.68 119.61 13.03 110.43 -25.89 122.93 -33.51 -27.58 65.62 135.31 -82.25 67.67 5.74 141.92 -7.43 4.18 -67.44 -1.72 80.54 131.04 61.66 164.50 -27.87 169.07 86.44 -57.21 -41.72
77.51 175.45 79.18 42.29 17.30 -14.49 -46.90 55.87 -31.92 89.67 157.97 -29.73 12.45 9.36 -82.80 139.88 78.16 -77.56 45.91 111.48 -45.61 69.09 111.08 42.40 271.92 -46.68 41.81 97.67 -19.07 90.37 98.96 114.83 12.58 227.23 125.53 -56.53 -21.54 111.21 47.83 -0.91 -60.50 31.49 135.10 174.68 29.67 122.67 -48.52 155.35 85.91 53.19
156.14 121.55 -33.93 -94.47 48.11 41.58 85.36 16.29 -73.57 157.34 -50.98 127.00 120.30 -35.92 88.82 -15.58 -48.85 143.95 46.60 165.19 166.09 -27.42 80.32 85.31 93.20 -12.04 -8.01 -39.43 -22.52 -61.30 105.52 -29.92 33.75 101.52 80.49 170.17 99.46 57.83 -38.74 133.57 82.47 148.76 -35.44 -60.35 76.19 -5.74 29.42 49.72 59.15 65.69
62.08 5.35 -107.84 157.42 157.46 -65.92 -68.47 14.65 51.82 121.69 168.62 148.49 -21.75 141.62 26.89 22.49 74.12 1.90 -24.65 38.66 -62.95 62.56 -68.37 -48.06 -108.03 128.82 81.02 19.68 -36.14 150.22 82.48 37.92 66.00 -72.72 74.46 124.36 50.92 -30.50 46.21 -88.12 138.82 75.21 109.40 142.00 121.39 145.43 -12.44 -94.53 -95.81 176.11
60.82 110.76 97.96 125.10 152.66 136.64 -99.68 106.69 15.92 19.81 193.03 126.00 -34.03 4.09 132.57 162.66 -49.89 -103.97 5.57 106.85 105.07 -71.51 113.86 -44.75 -39.73 -15.23 82.66 87.58 20.24 86.09 -87.95 5.34 -72.56 84.28 94.56 40.74 93.14 119.81 7.59 181.33 23.93 85.44 70.54 -19.57 40.59 -64.46 16.25 58.04 -49.14 172.57
-16.13 161.12 139.41 21.12 174.65 -6.01 101.84 -82.05 39.20 -95.32 34.70 51.09 45.21 64.54 6.19 29.21 -84.33 -79.72 -74.63 -30.44 139.97 179.45 -33.42 48.16 68.87 200.38 20.73 62.78 41.19 17.62 -29.30 64.09 -8.43 99.75 110.47 -33.16 96.47 10.54 161.86 121.48 101.90 63.47 -6.56 162.01 -60.36 -59.35 -93.17 100.86 -66.13 96.93
61.87 92.34 -88.88 81.38 155.43 108.48 -29.45 119.51 -68.64 8.05 -0.36 4.95 25.22 118.12 -11.66 144.11 113.83 23.11 102.68 -63.25 31.82 -57.96 -45.87 -25.35 92.48 -94.06 -2.83 42.16 76.59 76.79 101.48 181.82 -6.40 122.58 55.54 134.26 39.99 -58.85 48.71 -9.54 -67.16 130.33 120.44 28.96 31.24 80.13 -56.81 -67.13 85.71 180.86
92.09 -91.57 -40.41 69.79 31.07 27.00 98.09 -3.46 122.31 212.58 -74.39 -42.30 94.04 114.35 5.90 -50.57 43.53 -20.55 78.71 -68.29 92.91 110.94 -21.50 82.10 220.29 108.76 -44.92 0.21 98.66 -77.01 60.29 -80.16 43.56 27.54 26.06 177.96 -60.50 185.95 52.77 29.91 -74.99 134.08 78.01 221.77 88.93 -12.75 -13.55 63.24 41.26 106.59
121.17 -10.03 5.73 76.22 -7.85 -0.81 45.90 41.35 119.30 -14.63 -3.63 -4.74 128.91 174.39 20.70 98.34 -83.45 -4.84 -33.49 162.73 107.15 -79.29 243.99 154.38 19.44 99.56 32.25 145.18 3.51 60.23 -8.39 -40.86 6.07 -2.72 -6.75 -26.63 132.93 -1.31 89.46 97.70 213.46 -5.82 55.45 129.80 -40.38 48.52 9.95 -59.10 -24.31 44.46
