220.41 390.04 254.55 299.75 349.07 330.24 280.68 343.86 288.79 343.71 293.90 277.47 314.16 384.11 240.85 372.65 266.62 279.87 280.14 397.27 305.75 342.98 372.65 369.02 225.43 278.59 299.03 338.79 312.92 365.63 325.26 316.79 351.79 321.88 344.87 318.42 311.28 339.93 358.99 358.50 281.81 295.25 285.11 296.86 242.03 315.60 292.86 270.35 328.51 359.97
388.97 333.91 383.04 361.46 298.13 267.48 315.15 255.99 302.81 300.43 306.91 234.93 325.75 320.44 332.16 301.92 356.22 354.94 346.97 315.64 225.82 365.88 293.02 296.90 307.12 294.09 369.78 357.26 316.93 253.88 419.08 275.09 239.69 311.67 319.82 282.54 248.99 285.33 343.07 310.98 296.49 334.85 284.14 341.93 285.47 339.87 235.47 280.16 340.61 350.04
311.42 252.56 328.10 336.37 350.63 291.54 383.00 309.72 375.12 445.68 272.73 293.80 314.52 287.31 395.10 298.53 311.37 328.47 311.61 349.31 295.08 378.65 308.85 359.59 226.03 278.53 356.23 253.31 315.53 366.87 301.79 316.12 313.89 253.02 220.69 331.70 280.85 306.08 314.93 313.19 356.38 271.90 284.41 262.83 309.91 345.94 309.62 269.21 403.36 308.27
332.62 290.65 322.51 327.62 328.83 288.20 346.79 312.21 294.61 297.58 340.46 291.97 304.59 286.46 359.17 380.20 322.64 324.41 342.70 304.51 261.92 340.51 314.54 335.22 261.64 287.89 288.70 257.82 287.70 311.82 336.90 316.78 312.26 354.71 290.03 251.09 299.89 317.74 311.85 256.82 375.84 280.22 286.65 332.94 251.26 277.42 297.25 331.00 357.71 255.50
260.57 275.30 346.06 322.67 293.81 289.20 322.03 340.31 288.00 267.03 312.38 286.46 288.81 317.04 371.76 272.86 354.46 319.08 294.68 370.02 305.11 276.58 297.15 362.13 377.41 319.57 343.62 315.18 306.41 312.28 332.69 257.72 292.39 374.13 316.00 319.02 274.26 337.15 277.69 320.03 302.74 244.85 284.01 274.27 329.71 252.95 270.15 334.26 351.51 260.07
348.78 309.64 310.60 366.84 286.90 294.43 340.58 357.79 298.58 325.30 253.53 286.28 360.40 343.66 307.53 271.48 297.97 370.05 298.00 367.57 303.42 365.91 270.23 374.61 287.54 290.89 275.36 384.50 277.28 280.59 374.18 337.68 324.43 277.56 338.46 341.14 335.98 350.62 271.53 255.35 336.67 295.39 305.31 280.87 305.26 361.48 354.17 317.31 307.82 304.63
308.77 309.48 349.03 264.82 257.90 345.08 336.09 337.55 297.89 336.84 323.42 342.01 382.83 282.69 329.50 292.13 312.24 344.74 298.27 303.80 314.20 271.19 352.63 278.89 268.33 275.57 285.53 334.80 373.43 308.52 348.80 229.78 316.89 286.74 334.59 285.20 351.90 343.25 285.09 333.14 250.37 343.44 290.75 260.48 331.30 309.93 413.34 348.36 286.31 317.53
349.56 341.60 359.68 344.26 279.38 338.08 358.36 341.75 360.81 372.79 315.81 291.59 314.25 315.33 336.89 306.65 356.86 251.00 323.02 306.33 223.30 293.05 310.05 293.55 394.35 328.80 284.04 337.20 376.51 329.61 298.53 270.84 380.80 316.28 255.01 277.34 291.56 321.90 344.70 272.80 308.32 337.69 239.10 251.73 294.69 342.32 314.08 325.45 316.75 251.22
321.96 340.68 399.69 257.41 338.32 350.26 285.89 271.20 350.01 260.64 330.13 305.16 283.18 271.33 352.49 311.11 343.37 324.31 304.59 315.74 249.19 320.88 348.91 276.70 240.97 359.38 355.52 241.13 297.48 305.82 353.87 335.19 311.95 276.36 330.18 277.12 366.97 266.92 316.48 260.34 311.51 310.96 298.94 245.78 268.43 319.74 341.12 280.71 361.20 248.33
340.98 375.13 338.83 263.49 344.89 272.78 319.89 371.81 331.67 360.27 294.67 254.28 322.57 266.82 259.00 308.79 366.23 334.49 289.84 268.50 238.24 348.29 235.58 233.27 363.72 296.24 324.30 262.07 326.89 204.40 278.15 301.53 349.68 357.17 274.39 338.44 318.24 282.97 300.88 266.46 264.93 329.95 277.58 354.86 296.63 392.90 246.89 287.28 292.24 345.24
