-0.01 2.56 4.44 7.04 7.69 3.21 3.44 -0.01 2.76 5.01 -0.01 4.21 3.85 -0.01 4.44 2.64 6.45 4.04 -0.01 2.65 5.80 4.20 3.04 -0.01 4.81 3.44 -0.01 4.41 3.16 5.44 4.76 6.49 -0.01 2.44 5.85 6.24 6.84 1.84 5.60 3.96 6.16 7.36 7.36 7.76 7.36 3.36 3.41 2.04 5.85 2.84
2.04 4.01 6.81 4.80 -0.01 4.76 7.16 5.64 1.96 7.04 2.81 4.65 4.89 2.36 6.65 2.44 5.21 7.29 3.56 7.76 -0.01 3.01 7.21 -0.01 4.16 4.44 3.84 3.84 5.81 3.05 2.64 8.20 6.89 5.44 5.44 5.44 5.64 3.76 4.85 7.29 2.36 4.45 5.65 5.80 4.65 5.89 4.96 4.81 5.16 5.84
6.36 6.05 4.00 4.81 3.65 1.16 3.21 3.81 7.49 6.84 5.16 5.16 3.16 4.45 5.24 3.56 6.56 5.00 1.16 5.21 -0.01 2.64 2.21 6.01 4.56 7.56 5.00 1.16 5.41 3.84 7.29 3.96 6.04 3.16 2.85 6.16 4.24 -0.01 8.09 7.36 -0.01 7.01 5.01 4.56 7.56 5.00 1.16 6.01 4.56 7.56
5.04 6.01 5.00 3.41 1.76 6.01 5.00 3.41 3.76 4.96 0.96 1.96 5.85 5.56 3.81 4.21 4.64 4.45 -0.01 2.64 -0.01 3.24 -0.01 2.64 3.96 2.64 6.29 5.16 6.64 4.85 3.45 6.81 5.21 4.76 -0.01 5.40 6.09 5.65 4.64 6.64 4.85 3.45 4.76 4.69 5.76 6.05 2.96 3.25 6.76 5.24
3.01 3.21 4.21 2.85 3.96 6.04 7.16 3.05 4.09 3.41 4.21 -0.01 -0.01 4.44 3.81 2.65 5.25 5.60 3.01 1.81 3.41 4.21 3.56 2.21 2.56 -0.01 3.89 6.45 2.45 -0.01 5.85 4.09 3.61 -0.01 5.84 6.21 -0.01 6.96 7.00 2.24 -0.01 1.61 5.16 -0.01 5.64 4.61 4.49 5.84 4.81 7.09
4.16 7.69 5.61 -0.01 4.04 2.61 6.00 2.61 6.20 4.45 -0.01 4.21 2.44 3.61 2.44 3.61 2.44 6.21 4.21 7.36 5.81 6.40 6.00 2.61 6.20 5.65 7.20 1.76 3.56 2.96 -0.01 5.80 1.56 3.24 2.01 2.96 6.00 4.61 4.04 5.40 6.45 -0.01 2.36 6.80 2.96 6.60 4.44 5.04 -0.01 3.44
-0.01 2.24 5.56 4.84 7.01 4.84 6.04 2.64 4.45 4.81 5.60 1.81 4.44 -0.01 2.25 0.96 5.24 4.64 3.21 7.80 -0.01 2.76 7.16 6.69 5.76 3.24 -0.01 3.84 -0.01 5.09 6.24 2.24 4.36 4.84 5.16 4.81 5.80 6.29 7.49 3.81 4.44 4.40 4.76 6.36 6.44 4.64 1.81 7.01 6.04 6.04
3.69 3.45 -0.01 6.45 3.01 3.64 5.04 5.00 4.49 7.01 3.45 5.96 1.16 6.44 3.64 5.24 7.69 7.36 4.69 -0.01 2.85 3.56 3.61 7.89 4.21 2.61 3.81 7.41 5.20 5.69 7.41 5.20 6.69 7.01 3.65 4.24 4.01 4.76 2.36 -0.01 5.40 5.81 5.16 -0.01 5.40 3.41 5.61 5.09 -0.01 5.96
8.20 5.16 3.84 2.44 4.56 4.40 2.65 2.85 4.25 4.41 2.21 3.64 5.24 2.25 7.69 2.64 -0.01 7.29 5.81 3.85 4.21 7.16 2.64 2.01 4.84 3.65 4.25 4.21 3.96 4.05 3.01 4.05 1.41 3.64 6.84 2.24 6.69 4.01 5.56 4.84 5.61 6.76 5.00 8.09 -0.01 4.09 3.36 4.16 2.04 6.96
3.36 6.04 6.81 6.61 6.20 6.36 3.05 3.01 4.21 3.44 1.36 5.44 2.65 6.44 2.76 4.65 4.01 3.01 -0.01 4.24 6.49 2.36 4.24 6.96 4.56 -0.01 5.16 4.09 4.80 -0.01 7.89 -0.01 6.56 4.36 3.41 -0.01 4.49 4.85 6.44 3.41 4.64 5.05 5.61 7.29 5.89 3.41 2.81 6.45 2.45 3.89
