5.60 3.44 5.49 -0.01 7.01 3.89 4.96 3.44 5.49 6.61 5.05 4.89 4.96 5.04 4.05 2.64 5.16 4.45 2.96 4.09 4.81 2.45 3.04 5.64 5.49 3.44 7.49 2.81 5.89 7.29 4.04 -0.01 3.76 3.61 5.85 6.24 6.45 4.00 4.24 3.24 4.21 5.84 -0.01 6.24 7.01 3.69 -0.01 3.21 6.24 3.89
3.21 1.96 6.81 3.44 5.80 5.64 7.16 6.81 4.36 7.76 3.24 6.09 2.16 4.76 5.81 3.24 7.49 7.60 -0.01 6.24 -0.01 3.01 7.89 5.00 3.81 4.05 4.25 5.20 5.81 1.76 1.41 7.21 6.89 7.60 5.01 -0.01 7.16 5.81 3.56 6.61 5.09 5.56 7.40 -0.01 4.65 -0.01 8.00 7.40 8.20 6.89
5.64 5.21 0.96 7.40 -0.01 3.21 2.04 4.80 7.49 7.21 5.16 8.20 6.20 4.45 3.56 3.21 5.04 4.01 4.20 5.21 2.16 2.64 4.16 6.01 2.16 6.04 3.64 1.16 5.41 3.45 6.24 3.96 5.16 5.89 3.24 6.80 -0.01 5.64 5.81 7.36 7.21 7.36 5.01 2.16 6.04 3.64 1.16 6.01 2.16 6.04
5.41 5.25 2.84 4.64 4.80 5.25 2.84 6.00 4.64 3.01 -0.01 4.01 5.85 -0.01 5.76 -0.01 4.21 4.84 4.84 1.76 2.01 3.24 4.84 1.76 2.01 1.84 5.61 7.56 5.84 4.01 3.04 5.21 5.21 5.21 3.21 4.04 4.65 4.36 2.96 5.84 4.01 3.04 6.05 -0.01 4.65 4.76 4.25 2.41 7.40 6.29
-0.01 2.76 3.04 -0.01 6.01 8.20 5.64 3.05 1.81 4.09 6.80 5.24 7.01 6.29 4.24 1.81 6.69 3.44 3.44 2.24 4.09 6.80 5.24 3.81 2.56 -0.01 -0.01 5.16 2.04 3.04 5.85 4.40 4.60 4.96 5.84 4.61 5.44 6.61 4.84 1.81 4.49 -0.01 2.76 6.20 5.21 4.96 3.44 -0.01 3.21 5.24
3.81 -0.01 6.84 2.44 -0.01 5.20 -0.01 4.89 3.61 3.16 5.45 5.44 2.85 2.85 2.85 2.85 2.01 5.84 -0.01 6.64 -0.01 5.04 -0.01 4.89 3.61 4.36 5.04 3.05 5.96 5.69 5.56 5.49 -0.01 3.65 4.60 5.36 6.00 6.89 5.21 3.65 8.20 2.24 2.81 5.44 4.25 5.96 5.49 5.04 -0.01 3.81
4.01 1.81 5.21 4.84 5.41 6.20 6.84 2.21 4.84 4.36 3.01 1.81 4.81 4.05 -0.01 3.01 5.65 2.96 5.80 6.44 -0.01 3.64 6.81 4.84 6.40 5.09 7.00 3.84 4.76 4.41 5.85 4.40 4.36 6.20 6.84 4.81 4.81 4.85 5.64 3.81 4.05 2.65 4.41 5.64 5.21 4.25 2.24 7.01 7.40 -0.01
1.41 2.61 -0.01 5.16 4.96 2.76 4.24 2.84 3.05 7.36 3.04 5.96 1.16 7.49 5.00 6.76 5.84 -0.01 1.96 4.89 2.44 4.44 5.21 5.61 4.21 5.20 -0.01 7.41 4.21 6.00 7.04 4.89 4.84 5.84 5.09 3.44 2.84 3.65 5.09 4.41 4.41 7.41 7.21 4.41 4.41 5.01 5.16 4.76 4.60 6.60
6.45 7.89 3.45 1.56 5.44 -0.01 1.36 2.01 5.69 5.40 1.76 5.00 5.24 1.84 6.25 2.25 2.01 7.29 7.76 4.96 3.45 4.76 2.25 2.01 6.69 2.81 5.36 4.56 3.96 -0.01 -0.01 4.44 0.96 4.69 6.04 3.76 7.00 5.00 4.84 3.16 5.24 5.24 4.36 -0.01 3.61 2.65 -0.01 4.16 -0.01 7.29
-0.01 5.24 7.80 4.56 5.89 4.41 3.81 5.60 4.21 4.61 2.24 4.56 4.09 -0.01 2.76 -0.01 4.44 5.29 4.96 3.81 5.81 5.09 -0.01 5.44 6.61 8.40 5.61 -0.01 3.81 5.80 7.56 5.21 5.84 7.09 1.81 6.29 2.21 6.29 5.21 2.65 6.49 -0.01 5.96 6.96 3.16 4.64 -0.01 8.20 4.20 1.16
