24.87 50.37 146.77 23.79 158.73 166.33 103.94 27.08 52.64 75.00 25.71 164.33 124.38 25.48 112.37 128.16 46.82 89.87 25.28 130.42 169.24 133.52 83.04 24.88 163.13 82.24 23.13 79.40 51.84 101.89 141.99 24.13 26.98 103.13 99.60 120.96 107.57 110.44 151.50 143.59 77.73 99.14 23.38 98.34 151.09 180.58 26.50 103.93 108.77 149.97
103.93 54.31 141.92 153.10 24.67 45.97 163.29 96.73 54.36 135.99 69.59 126.42 53.84 53.56 68.55 99.05 76.40 194.85 24.68 98.34 22.36 60.88 158.33 25.47 157.49 112.37 90.27 152.30 143.92 53.62 80.35 164.44 185.85 103.24 65.19 25.08 99.54 50.71 50.02 159.53 53.44 123.18 127.12 24.67 102.00 24.73 48.02 77.57 47.62 143.97
138.79 69.75 56.02 77.57 27.11 55.91 103.93 171.24 184.65 129.16 167.29 47.62 51.62 102.40 50.80 158.69 100.74 170.84 55.62 145.12 26.08 83.84 81.73 143.52 53.96 98.74 152.70 42.32 144.72 113.57 143.17 169.69 45.17 51.84 114.77 182.95 26.59 25.19 75.20 162.89 23.60 151.09 145.52 53.96 98.74 152.70 42.32 143.52 53.96 98.74
132.76 116.66 108.44 76.35 54.42 116.66 108.44 80.37 47.97 80.13 27.28 54.31 99.60 25.18 78.53 26.60 66.79 111.57 25.68 51.97 27.90 82.64 25.68 51.97 82.13 100.25 161.53 47.96 92.25 72.15 91.87 74.60 56.48 42.52 26.70 151.90 126.42 48.42 52.00 92.25 72.15 91.87 47.62 25.93 122.78 47.62 51.22 75.35 181.75 145.17
26.90 46.52 101.93 27.91 50.31 102.04 99.54 105.20 83.20 165.93 78.77 25.59 23.80 103.89 67.59 76.55 125.22 107.24 69.19 71.59 165.93 78.77 50.80 80.60 39.52 22.36 26.73 46.82 93.87 27.79 99.60 201.25 171.64 25.78 121.76 75.80 25.39 151.89 104.44 71.59 26.13 28.30 52.76 24.27 64.79 155.89 148.77 24.99 78.60 102.29
157.49 22.93 71.95 28.08 26.79 81.97 24.47 81.60 79.97 50.82 25.31 74.75 93.07 121.46 93.07 121.46 71.19 131.16 26.60 136.79 25.00 149.90 24.47 81.60 79.97 48.42 104.04 53.62 51.16 52.24 25.18 198.45 26.68 91.47 83.17 52.36 209.61 77.60 99.93 131.12 125.52 28.28 47.32 149.10 51.22 183.35 146.77 123.36 22.36 135.96
25.90 71.59 154.69 79.44 74.20 150.30 91.85 70.79 111.57 43.32 81.17 63.28 133.96 26.71 28.51 56.31 87.47 52.00 80.77 147.10 22.36 49.97 151.49 103.09 183.75 106.29 23.47 125.76 23.48 163.93 108.77 109.64 168.89 150.30 47.60 57.28 169.24 126.02 101.49 59.28 112.37 133.12 156.29 138.79 72.75 111.97 71.59 141.52 147.90 24.48
84.00 74.95 22.36 46.82 80.13 49.97 95.45 108.44 129.62 151.09 91.87 165.69 42.32 142.77 152.70 100.34 101.09 23.38 54.24 25.73 93.07 48.37 77.80 75.60 147.12 81.97 27.00 140.72 170.44 198.05 128.76 199.65 103.09 96.33 128.42 97.05 102.33 124.78 53.44 25.50 170.04 73.40 47.91 25.50 170.04 78.20 41.72 177.78 25.87 183.35
125.52 47.84 113.57 52.37 46.37 26.07 54.42 76.15 127.22 170.04 48.52 152.70 122.96 94.27 123.22 115.97 27.90 185.05 74.53 124.38 120.26 48.76 115.97 62.88 103.09 74.55 123.58 156.69 169.69 26.71 26.90 112.37 50.12 148.37 91.85 106.34 196.05 170.84 140.39 51.60 132.36 100.34 186.55 22.53 27.20 130.42 27.38 36.32 28.48 173.38
24.88 93.45 165.24 49.11 197.65 77.33 121.06 81.17 58.48 101.13 52.77 46.37 130.42 24.39 39.12 26.11 67.19 80.80 25.78 67.59 161.13 53.44 26.28 99.94 49.11 22.07 41.72 26.53 171.24 24.67 172.18 25.60 138.39 49.44 81.40 24.33 82.40 126.02 72.75 121.86 103.49 25.71 153.89 173.38 51.84 76.35 27.10 125.52 133.52 55.84
