3178.05 1767.77 633.43 3205.90 572.31 572.31 883.88 3259.60 1619.71 1146.82 3224.90 572.31 745.82 3259.60 823.27 745.36 1702.94 1012.42 3535.53 723.50 551.44 707.11 1118.03 3259.60 572.31 1118.03 3181.74 1146.82 1619.71 865.13 658.81 3181.74 3186.89 910.54 894.43 745.36 823.27 851.47 614.64 658.81 1125.77 883.88 3186.89 883.88 600.28 528.87 3333.33 910.54 823.27 633.43
910.54 1644.41 638.88 614.64 3178.05 1767.77 559.02 910.54 1629.80 658.81 1317.62 723.50 1619.71 1629.80 1229.27 950.15 1111.11 472.71 3535.53 883.88 4472.14 1490.71 572.31 3178.05 600.28 823.27 1012.42 614.64 638.88 1702.94 1178.51 551.44 496.90 851.47 1317.62 3259.60 883.88 1644.41 1702.94 572.31 1619.71 745.82 707.11 3178.05 894.43 3181.74 1612.45 1100.50 1612.45 633.43
658.81 1229.27 1612.45 1100.50 3224.90 1644.41 910.54 551.44 496.90 694.16 559.02 1612.45 1612.45 894.43 1666.67 600.28 883.88 551.44 1612.45 638.88 3535.53 1118.03 1125.77 638.88 1629.80 883.88 614.64 2236.07 638.88 823.27 633.43 559.02 1767.77 1619.71 823.27 506.21 3205.90 3205.90 1111.11 559.02 3194.38 600.28 638.88 1629.80 883.88 614.64 2236.07 638.88 1629.80 883.88
694.16 777.23 851.47 1178.51 1612.45 777.23 851.47 1100.50 1767.77 1125.77 3535.53 1644.41 894.43 3186.89 1125.77 3194.38 1317.62 823.27 3259.60 1767.77 3333.33 1118.03 3259.60 1767.77 1125.77 950.15 572.31 1629.80 950.15 1229.27 1012.42 1146.82 1490.71 1900.29 3333.33 614.64 723.50 1702.94 1666.67 950.15 1229.27 1012.42 1702.94 3181.74 745.82 1702.94 1702.94 1229.27 506.21 633.43
3333.33 1900.29 910.54 3224.90 1644.41 851.47 883.88 894.43 1111.11 572.31 1100.50 3205.90 3194.38 865.13 1317.62 1229.27 723.50 851.47 1317.62 1317.62 572.31 1100.50 1666.67 1146.82 2236.07 4472.14 3181.74 1702.94 1012.42 3205.90 894.43 472.71 551.44 3186.89 745.36 1146.82 3205.90 600.28 851.47 1317.62 3181.74 3333.33 1629.80 3178.05 1317.62 600.28 633.43 3205.90 1146.82 865.13
600.28 3181.74 1178.51 3259.60 3205.90 1100.50 3178.05 1111.11 1100.50 1702.94 3224.90 1178.51 1012.42 777.23 1012.42 777.23 1317.62 694.16 3194.38 658.81 3194.38 614.64 3178.05 1111.11 1100.50 1702.94 851.47 1702.94 1629.80 1619.71 3186.89 472.71 3535.53 1012.42 1100.50 1629.80 447.21 1111.11 910.54 707.11 707.11 3259.60 1900.29 614.64 1702.94 506.21 633.43 745.36 4472.14 694.16
3333.33 1317.62 600.28 1118.03 1146.82 614.64 950.15 1317.62 823.27 1900.29 1100.50 1490.71 694.16 3224.90 3224.90 1644.41 1012.42 1666.67 1100.50 614.64 4472.14 1767.77 600.28 865.13 506.21 865.13 3178.05 745.36 3535.53 572.31 823.27 851.47 559.02 614.64 1666.67 1490.71 551.44 723.50 865.13 1490.71 823.27 707.11 600.28 658.81 1178.51 823.27 1317.62 638.88 614.64 3259.60
1111.11 1229.27 4472.14 1702.94 1125.77 1767.77 950.15 851.47 723.50 600.28 1012.42 559.02 2236.07 633.43 614.64 883.88 865.13 3186.89 1619.71 3181.74 1012.42 1767.77 1146.82 1111.11 638.88 1100.50 3194.38 638.88 551.44 472.71 694.16 472.71 865.13 910.54 723.50 950.15 910.54 745.82 1619.71 3333.33 551.44 1146.82 1644.41 3333.33 551.44 1146.82 1900.29 528.87 3178.05 506.21
707.11 1619.71 823.27 1767.77 1767.77 3178.05 1702.94 1229.27 723.50 551.44 1900.29 614.64 745.36 1012.42 723.50 823.27 3333.33 496.90 1125.77 745.82 777.23 1629.80 823.27 1490.71 865.13 1229.27 745.82 600.28 559.02 3224.90 3333.33 823.27 1900.29 633.43 950.15 883.88 472.71 551.44 658.81 1666.67 694.16 883.88 506.21 3181.74 3194.38 723.50 3186.89 2236.07 3259.60 528.87
3535.53 950.15 551.44 1644.41 472.71 1125.77 777.23 1100.50 1490.71 910.54 1767.77 1767.77 723.50 3205.90 2236.07 3224.90 1317.62 1111.11 3186.89 1317.62 572.31 1619.71 3259.60 883.88 1644.41 3178.05 1900.29 3181.74 551.44 3178.05 528.87 3194.38 658.81 1619.71 1146.82 3181.74 1111.11 723.50 1178.51 777.23 865.13 3224.90 600.28 528.87 1619.71 1178.51 3333.33 707.11 707.11 1619.71
