279.70 412.53 287.82 445.26 347.21 285.70 342.12 444.17 301.35 416.83 360.47 363.51 450.34 346.67 334.20 347.97 362.47 330.69 392.23 461.10 408.15 292.74 284.74 293.24 321.88 370.88 428.05 419.78 419.65 456.97 456.76 434.26 253.19 399.80 407.74 393.58 292.74 292.74 292.74 292.74 295.24 410.05 426.05 410.05 420.55 422.08 436.08 277.14 291.72 295.25
436.34 288.74 299.24 407.55 379.69 276.74 317.25 393.42 429.53 414.78 396.64 392.83 351.97 459.67 289.70 368.56 338.12 457.21 457.34 449.77 431.67 386.73 457.21 335.38 418.15 419.14 288.75 265.42 264.92 415.14 310.75 326.69 251.20 274.20 389.64 261.42 265.42 261.42 265.42 261.42 265.42 261.42 265.42 265.42 268.42 387.30 278.70 260.92 417.64 261.42
428.53 407.03 392.08 276.96 372.58 284.70 328.38 272.32 346.71 416.55 321.71 364.56 365.56 269.46 273.46 273.46 454.76 250.46 428.03 433.65 449.20 407.74 335.97 341.67 366.23 408.24 371.36 397.19 410.33 284.48 309.48 446.76 445.76 445.67 449.17 428.34 307.74 387.92 466.17 437.10 390.42 293.88 302.32 335.32 325.47 308.48 296.48 308.48 296.48 308.48
385.19 365.80 411.33 403.28 408.05 428.78 402.43 402.43 399.43 318.71 372.51 466.17 454.60 460.26 411.43 357.86 257.46 275.46 307.38 245.46 273.96 294.14 438.64 423.15 287.64 371.73 348.38 391.69 301.24 447.26 456.77 459.27 457.64 400.14 352.88 346.86 431.28 257.46 423.05 443.14 405.03 402.43 402.43 402.43 402.43 401.43 358.73 426.43 456.67 454.21
460.34 306.25 286.75 314.38 348.11 311.25 321.82 311.88 397.42 462.97 452.53 414.53 438.97 375.67 294.75 322.69 395.65 404.03 395.15 395.15 395.15 422.65 396.05 427.28 394.05 394.05 394.05 394.05 397.05 412.70 402.65 394.05 394.05 394.05 394.05 394.05 414.05 394.05 394.05 394.05 394.05 394.05 394.05 394.05 391.55 279.24 431.55 397.43 417.65 392.33
366.30 372.58 270.70 271.42 415.81 410.05 264.46 345.56 396.05 315.88 278.20 410.64 424.03 367.73 344.88 431.78 369.73 369.73 369.73 369.73 369.23 355.01 355.01 355.01 355.01 355.01 352.51 320.20 343.20 368.23 350.62 335.19 282.35 362.36 279.64 295.64 279.64 294.64 358.17 275.35 279.85 286.24 353.12 350.73 320.20 340.20 320.20 340.20 320.20 340.20
449.03 425.43 395.65 426.53 419.20 400.33 430.33 455.14 440.14 408.28 430.53 422.83 430.43 424.43 426.64 401.03 435.93 440.70 404.15 399.93 443.20 443.20 443.20 443.20 443.20 443.20 440.70 424.65 409.28 409.28 409.28 409.28 407.78 361.73 354.23 378.24 340.19 318.69 377.73 359.73 354.88 370.17 444.53 394.41 352.56 352.56 352.56 353.06 379.58 386.58
392.31 277.70 443.67 313.48 362.86 355.86 459.67 453.67 459.67 453.67 459.67 453.67 459.67 453.67 459.67 453.67 459.67 453.67 459.67 453.67 459.67 453.67 459.67 453.67 453.17 376.86 240.02 419.70 426.64 434.14 401.55 416.64 437.70 407.93 425.20 428.53 465.14 453.14 465.14 453.14 463.64 448.67 452.67 418.43 462.67 458.67 462.67 458.67 462.67 458.67
272.20 289.25 281.70 379.80 271.35 283.85 310.20 331.97 357.97 398.93 323.69 422.43 431.17 363.51 351.23 318.19 375.51 377.23 337.51 348.71 347.69 437.67 329.21 349.21 349.21 349.21 350.21 402.58 451.27 336.61 321.38 313.38 321.38 320.38 424.53 406.53 389.80 389.80 389.80 386.30 399.58 399.58 399.58 400.08 430.05 426.05 430.05 426.05 430.05 426.05
461.17 449.26 454.84 434.03 351.88 387.91 267.20 267.20 267.20 267.20 267.20 267.20 267.20 266.70 261.46 418.05 265.46 409.05 364.56 349.56 247.96 330.71 245.46 272.96 367.58 383.08 356.56 453.67 450.17 457.71 447.14 318.98 353.17 372.86 353.12 459.34 275.64 275.64 277.14 346.86 334.86 350.86 401.78 339.88 380.41 392.91 395.69 378.69 384.42 403.36
