23.25 27.25 20.36 46.36 54.36 45.25 32.01 24.41 29.00 47.64 54.84 56.36 52.36 16.36 27.96 -0.01 15.96 49.96 34.36 17.96 18.84 12.69 42.01 45.96 15.25 19.64 27.96 39.96 54.69 54.41 55.64 36.41 50.41 46.01 18.36 27.64 46.69 44.69 47.64 50.84 50.41 38.01 -0.01 45.00 20.01 51.00 19.25 14.01 17.00 42.01
41.64 -0.01 54.41 21.25 36.01 33.00 16.69 -0.01 56.01 32.41 14.84 23.64 28.01 47.64 50.01 53.64 23.96 11.25 37.96 42.41 30.41 14.36 10.84 26.36 37.64 42.84 23.25 52.01 -0.01 34.69 54.84 35.00 9.96 -0.01 26.84 51.96 -0.01 14.41 33.00 50.69 39.00 36.41 31.64 53.64 13.96 51.64 37.00 44.36 27.64 38.36
48.41 19.25 34.69 53.00 36.41 56.69 35.00 23.64 46.36 20.84 15.64 -0.01 25.96 36.84 42.41 46.36 32.84 50.36 11.64 28.36 30.01 26.41 19.00 45.96 -0.01 24.01 46.41 44.36 36.41 22.69 19.64 31.00 -0.01 14.41 38.36 -0.01 15.00 23.96 14.41 48.36 40.01 23.64 54.36 19.64 53.00 48.41 37.25 36.01 34.01 11.64
-0.01 21.00 35.96 20.69 51.64 20.01 32.41 49.64 17.00 12.41 -0.01 51.25 49.00 19.64 37.96 15.64 54.84 52.84 11.25 20.84 55.25 54.36 38.01 -0.01 48.36 44.41 47.64 14.84 30.36 34.01 54.41 14.36 28.84 55.64 -0.01 47.64 20.84 27.25 25.25 54.84 50.41 -0.01 -0.01 36.36 9.96 -0.01 15.00 39.00 25.25 44.84
11.25 47.00 36.41 54.41 17.25 16.36 40.69 50.01 45.64 28.36 15.64 17.96 -0.01 -0.01 -0.01 14.69 46.41 38.41 21.96 29.00 12.69 -0.01 38.84 34.01 28.69 18.01 19.25 10.41 25.64 -0.01 24.36 56.36 56.69 42.36 14.41 39.25 30.69 44.41 30.84 24.01 12.01 22.01 33.25 42.84 33.64 24.36 22.36 46.84 50.84 19.25
48.84 30.41 41.00 30.41 39.00 54.84 38.69 34.01 24.01 27.96 29.25 37.00 21.00 42.69 13.96 34.01 42.01 27.00 45.25 56.01 14.01 44.84 20.01 -0.01 20.84 14.01 46.84 9.96 25.64 52.69 39.25 24.41 9.96 43.64 54.69 22.41 40.41 36.84 51.25 -0.01 10.41 -0.01 28.69 37.64 22.69 33.00 -0.01 28.36 33.25 54.69
46.69 20.01 24.84 -0.01 38.01 30.69 20.41 44.84 20.41 24.84 39.96 41.64 54.36 16.69 33.00 37.25 -0.01 43.64 45.64 15.96 11.64 17.96 45.96 33.64 25.25 36.36 56.69 20.84 35.64 16.41 28.41 38.84 43.00 55.00 16.41 26.41 43.00 29.00 43.96 -0.01 31.64 55.25 12.01 47.96 -0.01 30.01 9.96 44.41 22.84 16.01
35.25 56.01 47.64 52.41 24.41 14.84 41.00 23.64 34.01 43.00 54.41 54.84 10.84 -0.01 50.84 50.41 -0.01 33.25 12.41 32.01 30.41 36.41 41.25 15.25 28.84 38.36 29.96 28.01 28.84 16.36 35.00 -0.01 25.64 25.96 36.41 29.25 51.96 38.01 45.96 52.36 19.64 32.41 52.41 42.41 18.69 40.69 46.69 -0.01 16.01 54.41
26.36 28.84 46.84 32.69 -0.01 46.36 41.96 32.41 32.01 11.64 -0.01 39.96 26.84 14.36 51.64 12.41 53.96 35.00 10.84 12.01 55.00 24.41 41.96 42.41 35.00 12.84 35.00 32.84 12.69 46.84 20.69 35.64 16.84 38.36 54.69 43.64 18.41 25.25 21.64 -0.01 31.25 21.96 15.64 49.96 -0.01 21.00 38.41 35.00 24.84 54.41
14.01 38.41 44.69 46.84 19.64 40.36 48.84 26.41 24.84 31.96 47.96 50.69 32.69 24.36 44.69 14.84 -0.01 12.84 52.69 51.64 37.64 32.36 12.41 19.96 41.25 44.41 10.84 50.36 29.64 14.36 41.64 44.41 32.36 24.41 44.01 31.64 24.41 30.01 46.69 35.96 21.64 -0.01 28.36 45.64 15.00 34.36 54.36 42.84 -0.01 46.84
