49.64 45.25 13.64 -0.01 24.01 35.00 25.64 43.00 34.41 -0.01 10.84 45.00 54.36 27.00 50.41 28.84 -0.01 47.96 36.36 30.41 10.41 -0.01 42.01 23.96 27.00 52.41 50.69 35.64 47.64 40.41 22.36 14.01 53.96 31.96 48.01 33.96 42.84 20.69 18.69 49.00 41.96 17.00 42.01 11.96 -0.01 30.84 13.96 -0.01 43.64 34.84
17.96 32.01 19.00 -0.01 30.01 35.00 43.64 30.84 45.96 36.69 56.36 50.01 13.96 27.25 27.00 38.41 48.36 43.00 40.41 48.36 19.00 35.96 11.25 14.36 42.41 50.01 37.96 -0.01 34.01 -0.01 50.69 55.64 56.69 -0.01 40.41 48.36 35.00 45.64 29.96 34.84 33.25 16.69 39.64 18.41 25.96 9.96 53.25 54.41 38.41 40.01
33.96 38.84 51.25 48.01 51.96 14.69 34.01 29.64 25.96 23.96 27.00 32.41 32.36 22.69 12.41 32.41 10.84 29.00 40.36 15.25 47.96 14.36 54.41 28.41 30.41 28.41 10.41 44.01 36.36 38.41 40.36 21.25 23.96 33.00 30.69 49.25 15.64 38.01 25.64 43.00 18.41 9.96 51.25 52.01 -0.01 14.84 33.25 42.41 18.01 -0.01
17.64 53.00 -0.01 28.01 34.41 18.36 9.96 45.25 13.64 27.00 52.41 18.69 45.00 30.36 46.41 36.36 23.64 28.01 46.41 -0.01 56.01 43.00 14.41 42.01 32.69 37.64 32.84 44.41 30.69 53.25 12.41 16.41 38.36 37.64 -0.01 29.00 56.36 38.01 47.64 48.41 22.41 20.36 10.84 29.00 12.36 10.84 31.00 28.36 25.00 17.64
20.36 38.84 19.25 49.96 41.00 36.36 15.00 54.84 45.00 36.36 42.41 52.01 -0.01 -0.01 19.64 22.01 24.01 25.00 19.64 31.00 38.36 35.64 49.64 51.25 32.01 15.00 48.84 18.41 19.96 49.00 32.84 50.41 12.84 25.25 56.36 38.01 13.64 25.00 17.64 31.00 52.36 29.96 30.84 19.96 29.00 14.36 42.41 18.01 -0.01 27.96
34.01 25.64 41.00 44.36 17.25 14.36 28.41 48.41 26.41 24.01 47.00 -0.01 40.01 22.84 18.84 52.01 -0.01 51.64 -0.01 44.01 32.36 50.69 19.64 17.00 42.01 56.36 26.01 32.69 43.64 36.84 47.64 36.41 12.41 32.41 56.36 32.01 31.00 36.36 42.41 40.01 22.84 10.84 19.00 9.96 49.64 55.25 23.64 38.01 25.64 17.00
40.36 11.25 38.36 13.64 39.00 18.69 37.00 45.00 56.36 34.01 32.36 48.69 48.36 29.00 14.36 32.41 22.36 28.01 34.41 38.36 45.64 13.96 18.36 19.96 39.00 18.69 11.25 38.36 31.64 29.00 14.36 54.41 24.41 14.01 43.96 16.69 13.64 39.00 20.69 24.69 31.96 56.01 25.00 37.64 32.84 14.41 14.01 17.96 34.01 43.64
15.64 48.01 21.96 36.69 44.36 49.25 11.64 36.01 53.25 -0.01 26.41 18.01 -0.01 9.96 39.25 44.41 18.69 30.01 49.00 9.96 21.25 9.96 13.25 30.01 37.00 35.00 27.64 39.96 -0.01 38.36 31.64 17.25 34.36 39.25 28.41 26.41 38.01 37.64 52.84 -0.01 12.36 54.84 53.00 50.01 13.96 37.25 13.00 42.84 22.69 46.41
56.01 53.00 54.01 46.41 20.36 30.84 23.96 17.00 50.01 23.96 41.00 48.36 19.00 35.96 15.25 19.96 33.00 14.69 18.01 -0.01 28.36 19.00 39.96 50.69 25.64 13.00 36.84 41.64 54.69 24.41 26.01 36.69 46.36 -0.01 35.00 39.64 34.41 22.36 14.01 17.96 18.01 -0.01 14.36 28.41 32.41 12.36 16.84 31.96 55.00 56.01
33.00 50.69 16.36 -0.01 46.01 19.25 27.96 56.69 24.41 22.01 14.01 43.96 26.69 38.36 49.64 21.25 53.96 47.96 14.01 33.96 20.84 14.36 52.41 18.69 55.00 18.01 -0.01 50.01 25.96 33.96 24.84 27.64 27.96 42.69 42.41 16.01 26.36 36.84 51.64 -0.01 23.64 -0.01 47.96 48.36 39.00 52.69 50.41 40.41 18.36 13.96
