7.52 10.52 -0.08 10.92 2.78 3.05 17.25 10.15 1.86 7.40 3.25 -0.05 8.43 17.30 5.40 9.64 2.96 8.64 -0.04 5.98 12.84 12.36 15.94 12.44 6.78 -0.18 2.92 10.22 13.58 8.52 8.36 15.20 6.20 0.41 0.41 4.29 12.01 12.01 12.01 12.01 9.86 9.96 1.96 9.96 5.96 9.96 3.80 11.80 17.58 16.52
14.92 14.36 7.84 12.44 18.29 19.58 5.64 7.64 1.88 9.96 15.96 19.40 -0.05 2.92 2.36 3.10 21.05 7.87 -0.07 -0.01 16.96 5.14 4.69 17.82 5.96 5.88 18.96 6.69 8.69 8.69 8.69 10.69 20.69 10.69 20.69 8.69 6.69 8.69 6.69 8.69 6.69 8.69 6.69 6.69 6.69 6.69 6.69 10.69 6.69 8.69
3.64 14.52 4.36 4.36 14.36 4.36 2.36 16.36 4.36 8.36 16.36 6.36 4.36 6.36 4.36 10.36 4.36 15.84 1.96 -0.04 1.40 1.25 14.80 18.84 12.38 0.41 16.41 11.70 9.40 17.64 -0.06 -0.01 -0.01 -0.01 16.43 18.01 5.58 -0.06 -0.01 19.94 7.64 19.64 19.64 3.64 19.64 5.64 11.64 5.64 11.64 5.64
17.14 15.82 9.96 15.96 11.96 3.96 15.96 15.96 18.84 17.10 -0.05 -0.01 -0.01 3.45 10.35 20.76 12.36 4.36 12.36 18.36 3.94 7.86 16.36 4.01 6.72 8.84 12.84 12.68 16.36 18.26 -0.03 -0.01 7.41 14.64 8.84 12.84 3.60 11.80 9.96 11.96 13.96 15.96 15.96 15.96 15.96 16.92 15.92 -0.02 -0.01 -0.01
1.58 9.64 19.64 9.64 1.64 7.64 9.64 11.64 9.64 2.76 7.76 19.64 13.64 3.64 15.20 11.90 17.96 13.96 17.96 17.96 17.96 3.96 17.96 3.96 17.96 17.96 17.96 17.96 17.96 17.96 13.96 17.96 17.96 17.96 17.96 17.96 7.96 17.96 17.96 17.96 17.96 17.96 17.96 17.96 20.36 17.86 -0.04 17.96 5.96 17.96
16.41 15.23 10.69 4.23 6.76 10.36 10.36 16.36 18.36 8.36 5.84 9.96 4.92 10.84 14.84 2.84 10.84 10.84 10.84 10.84 11.30 11.25 11.25 11.25 11.25 11.25 11.25 11.25 1.25 11.25 3.25 6.15 14.01 20.01 10.01 2.01 10.01 4.01 10.01 16.01 14.01 16.01 3.15 19.25 11.25 1.25 11.25 1.25 11.25 1.25
7.98 3.96 17.96 3.96 13.96 13.96 1.96 13.96 13.96 13.96 -0.04 3.96 1.96 3.96 1.96 15.96 -0.04 3.96 13.96 17.96 3.96 3.96 3.96 3.96 3.96 3.96 3.96 3.96 13.96 13.96 13.96 13.96 15.40 15.25 19.25 15.25 3.25 15.25 6.80 14.84 8.84 14.84 10.84 2.84 10.84 10.84 10.84 10.38 10.41 16.41
17.23 15.10 11.00 5.00 5.00 15.00 5.00 11.00 5.00 11.00 5.00 11.00 5.00 11.00 5.00 11.00 5.00 11.00 5.00 11.00 5.00 11.00 5.00 11.00 7.00 11.00 7.80 13.96 5.96 15.96 13.96 7.96 5.96 13.96 11.96 5.96 3.96 15.96 3.96 15.96 5.40 17.25 7.25 17.25 3.25 7.25 3.25 7.25 3.25 7.25
10.69 18.69 6.69 10.69 18.69 11.05 17.25 17.25 5.25 17.25 13.25 13.25 17.25 7.25 19.25 15.25 1.25 7.25 19.25 1.25 1.25 13.25 11.25 1.25 1.25 1.25 0.35 0.41 7.82 7.64 5.64 9.64 5.64 7.64 5.64 12.32 4.41 4.41 4.41 6.41 0.41 0.41 0.41 -0.06 -0.04 1.96 -0.04 1.96 -0.04 1.96
-0.01 -0.01 10.96 14.84 10.84 6.68 12.36 12.36 12.36 12.36 12.36 12.36 12.36 12.36 12.36 6.36 10.36 12.36 6.36 12.36 18.36 10.36 18.36 6.36 18.36 10.36 -0.08 -0.01 -0.01 -0.01 11.90 1.80 14.01 16.01 6.01 2.01 12.01 12.01 10.72 10.84 16.84 10.84 16.84 16.84 10.84 4.38 10.41 18.41 10.41 0.41
