5.82 10.84 16.36 9.10 2.60 3.94 -0.07 11.41 5.10 7.40 3.20 14.15 6.72 15.30 5.25 9.25 1.25 9.25 -0.05 8.43 12.01 12.01 16.44 11.52 4.76 2.68 1.84 7.96 -0.02 -0.01 -0.01 15.41 8.69 1.05 2.60 4.36 12.36 12.36 12.36 12.36 12.36 12.36 4.36 12.36 6.26 10.41 2.29 12.01 18.87 15.05
14.01 14.01 10.44 12.68 18.68 20.78 4.23 5.94 2.92 13.14 19.10 19.40 15.20 3.05 0.64 4.22 -0.07 -0.01 8.47 17.35 17.25 -0.05 2.96 20.22 8.87 6.69 18.69 6.69 5.82 7.88 7.20 10.60 20.36 7.84 21.32 8.69 6.69 8.69 6.69 8.69 6.69 8.69 6.69 6.69 4.23 6.76 6.78 7.82 7.32 8.69
1.96 12.44 5.70 2.20 15.23 3.46 2.52 15.10 1.90 7.40 14.80 4.84 5.60 7.00 5.00 -0.10 5.90 17.40 4.08 -0.14 0.44 1.82 16.08 19.15 13.25 2.15 16.72 7.92 11.80 19.00 12.20 18.36 19.20 19.00 -0.10 18.92 4.26 19.35 -0.05 18.47 8.76 19.94 20.01 3.15 21.50 7.00 13.00 7.00 13.00 7.00
14.41 19.70 10.60 18.68 12.68 5.30 17.25 17.25 17.25 17.25 5.25 -0.05 20.92 1.84 13.80 21.00 13.00 3.40 13.40 19.00 5.00 -0.10 13.98 5.80 7.00 11.05 12.23 12.29 -0.07 -0.01 10.47 7.94 3.96 17.32 11.10 11.80 2.84 14.36 -0.08 13.94 15.20 17.25 17.25 17.25 17.25 17.25 17.25 9.25 9.05 10.69
3.41 10.69 20.28 9.52 2.96 7.87 10.44 10.26 -0.03 -0.01 5.98 -0.02 12.96 5.14 16.69 13.87 19.58 16.08 20.01 20.01 20.01 6.44 18.68 6.68 20.36 20.36 20.36 20.36 17.84 20.36 16.44 20.36 20.36 20.36 20.36 20.36 10.36 20.36 20.36 20.36 20.36 20.36 20.36 20.36 20.36 20.36 1.10 20.15 9.30 21.00
18.28 14.36 10.78 4.23 3.94 11.80 8.60 13.92 17.88 8.96 8.69 11.46 5.20 13.05 13.82 3.40 11.25 11.25 11.25 11.25 11.25 11.25 11.25 11.25 11.25 11.25 13.50 13.00 0.60 12.22 4.87 6.69 12.23 21.70 11.00 3.00 11.00 2.60 11.14 16.69 14.28 15.10 2.80 21.60 13.00 3.00 13.00 3.00 13.00 3.00
9.30 6.15 19.58 3.88 17.80 17.00 -0.10 -0.01 14.96 15.76 3.40 5.00 3.25 7.05 3.46 17.20 -0.10 6.36 15.15 17.90 3.96 3.96 3.96 3.96 3.96 3.96 6.36 4.72 14.84 14.84 14.84 14.84 14.84 14.84 18.38 17.23 4.69 14.64 7.30 17.05 9.46 -0.06 10.96 4.68 12.36 12.36 12.36 12.36 12.36 -0.08
16.76 -0.08 9.94 2.76 2.84 -0.04 -0.01 -0.01 -0.01 -0.01 -0.01 -0.01 -0.01 -0.01 -0.01 -0.01 -0.01 -0.01 -0.01 -0.01 -0.01 -0.01 -0.01 -0.01 4.47 11.70 7.80 17.32 -0.09 18.92 16.78 7.82 7.40 13.90 13.88 -0.06 -0.01 -0.01 -0.01 -0.01 -0.01 -0.01 5.98 -0.02 -0.01 -0.01 -0.01 -0.01 -0.01 -0.01
9.52 18.52 4.26 10.29 18.01 13.30 17.40 17.64 3.88 19.32 11.82 -0.02 17.45 6.80 21.14 15.05 0.80 7.30 20.60 2.78 -0.09 14.92 12.36 2.36 2.36 2.36 2.36 -0.08 7.94 8.52 6.36 10.36 6.36 5.84 3.96 15.32 6.69 6.69 6.69 8.28 2.36 2.36 2.36 2.36 2.36 4.36 2.36 4.36 2.36 4.36
4.60 15.94 -0.07 17.41 10.64 7.14 12.69 12.69 12.69 12.69 12.69 12.69 12.69 13.10 9.80 7.80 7.80 10.92 4.84 13.60 17.00 11.50 19.00 4.20 16.41 8.88 19.60 11.00 14.60 7.82 9.88 0.76 12.38 15.35 -0.05 3.90 13.00 13.00 13.00 13.00 19.00 9.80 19.32 16.64 10.84 4.84 10.84 19.76 12.08 0.72
