15.80 11.00 -6.00 -3.00 -0.20 8.00 15.40 18.20 11.20 -0.50 8.60 6.40 3.00 6.60 -1.50 15.00 3.00 2.80 5.00 12.60 -0.20 -0.20 9.40 -2.20 1.00 -1.90 -0.10 3.00 -1.90 19.80 11.80 13.80 -4.00 -2.20 1.00 5.80 -1.20 11.40 11.40 11.40 11.40 1.40 11.40 -2.20 12.20 2.00 13.80 1.00 7.00 7.80
-1.00 -7.00 11.40 -1.00 -1.90 -0.10 -0.10 -0.10 -0.10 -0.10 10.60 -2.60 7.00 -5.20 5.00 16.20 3.80 2.00 8.20 -1.40 11.00 -1.80 3.40 -0.60 9.80 9.60 9.00 15.00 -0.90 -0.10 6.60 8.60 13.00 7.20 -3.40 9.00 4.00 -1.00 2.20 8.20 3.40 5.00 5.60 3.40 3.00 -1.00 -8.80 7.40 -2.60 15.40
7.00 -2.20 5.00 7.00 11.00 5.00 -1.00 5.00 3.80 -1.00 2.20 6.20 10.20 2.20 0.20 8.20 -2.40 -3.40 13.00 -2.20 9.40 -5.00 3.00 -8.00 3.00 3.00 5.00 5.00 3.80 -1.00 5.00 7.00 -5.00 1.00 -5.00 6.00 -5.00 -7.00 -3.40 -5.80 5.00 -1.00 5.00 -1.00 5.00 -1.50 15.80 9.40 3.40 3.40
1.00 5.00 1.00 5.00 1.00 -1.00 -1.10 12.20 7.00 -1.00 2.20 2.60 9.40 5.40 11.40 -0.60 3.40 3.40 14.60 -3.00 6.40 5.40 5.80 4.20 -1.70 19.00 3.00 -10.20 9.00 9.00 5.00 9.00 15.40 -0.60 1.00 -3.80 13.40 13.40 15.40 5.40 11.40 11.40 5.40 2.20 2.80 -3.00 -1.80 5.40 5.40 5.40
-1.00 -13.60 2.20 2.20 -3.00 2.40 2.60 9.40 5.40 -0.30 7.00 -0.60 2.20 4.20 16.40 7.00 3.00 -0.50 -0.10 -0.10 4.20 1.00 5.00 9.00 3.00 7.00 -1.00 5.00 -1.00 -1.50 -0.10 -0.10 -0.10 -0.10 -0.10 -0.10 -0.10 -0.10 -0.10 -0.10 -0.10 -0.10 -0.10 -0.10 -0.10 -0.10 -0.10 -0.10 7.40 -0.60
9.40 13.40 7.40 17.40 3.40 3.40 6.00 2.20 3.40 -0.60 13.80 4.20 4.20 0.20 4.20 -3.00 -4.00 7.00 5.40 10.20 4.20 0.20 4.20 4.20 10.20 2.20 8.20 -1.40 5.40 0.40 -8.20 -1.70 -0.10 -0.10 -0.10 -0.10 -0.10 -0.10 -0.10 -0.10 -0.10 -0.10 -0.10 -0.10 -0.10 -0.10 -0.10 -0.10 -0.10 -0.10
3.40 9.40 7.40 5.40 -0.20 8.20 8.20 14.20 4.20 -2.40 7.40 1.40 1.40 9.40 -5.80 4.00 1.00 5.00 5.00 9.00 13.00 15.00 13.00 15.00 12.20 15.40 13.40 3.40 11.40 9.40 11.40 -0.60 7.40 2.00 -5.00 -6.00 3.40 -0.60 -8.00 5.40 7.40 9.40 7.40 9.40 7.40 7.00 -1.00 -1.20 3.00 9.00
-0.60 -1.20 7.40 1.40 -2.60 -3.80 3.40 -5.80 -7.00 -5.40 13.40 13.40 9.40 2.60 8.60 14.00 1.00 3.00 11.00 15.00 13.00 15.00 1.00 11.00 7.00 -0.90 -0.10 -0.10 -0.10 -0.10 -0.10 -0.10 -0.10 -0.10 -0.10 -0.10 19.00 11.00 9.00 11.00 1.00 11.00 15.00 5.00 -11.60 8.60 1.40 11.00 1.00 -4.00
6.20 13.40 11.40 -0.60 15.40 11.40 7.40 -0.60 7.40 15.40 9.40 1.40 7.40 7.40 17.40 5.40 15.60 9.00 1.00 -1.00 2.20 2.20 0.60 13.40 17.40 -0.60 3.40 15.40 -0.60 7.40 7.40 3.40 5.40 11.60 11.00 -0.50 -0.10 -0.10 -0.10 -0.10 19.40 1.40 9.40 -0.20 13.40 7.40 17.40 17.40 3.40 13.40
6.80 15.00 4.20 -1.70 -0.10 -0.10 -0.10 -0.10 -0.10 -0.10 -0.10 -0.10 -0.10 -0.10 -0.10 -0.10 -0.10 -0.10 -0.10 -0.10 -0.10 17.80 -2.20 8.20 10.00 11.00 9.00 15.00 3.00 15.00 9.00 13.00 3.00 -3.00 3.00 -5.00 -1.00 -5.00 -1.80 15.40 2.40 7.40 1.40 7.40 7.40 7.40 7.40 7.40 7.40 7.40
