-262.77 204.77 -2176.15 609.71 -2188.74 -2207.30 654.28 -111.88 626.09 321.33 -2194.32 446.03 295.77 -129.61 705.85 -2225.38 482.10 499.56 303.38 702.93 -93.59 -153.32 271.27 667.32 -234.27 518.56 -3480.64 -2232.90 751.62 -2209.30 537.15 448.92 662.82 601.93 -238.27 569.93 609.42 651.78 651.78 654.78 283.38 311.88 -2192.12 -2174.62 -2209.38 -2204.38 243.50 98.07 313.33 562.15
316.38 696.86 607.00 604.42 724.40 -2212.38 -2355.33 -2185.65 -2198.38 -2182.65 -2196.82 219.27 299.83 653.59 549.65 463.60 -83.38 509.06 -137.61 -88.80 292.88 609.21 -96.59 -2334.83 -133.61 401.19 -112.30 389.19 427.69 -3491.64 -2196.24 406.19 -140.61 571.21 568.65 314.26 700.35 302.27 454.53 336.62 495.45 479.48 342.62 -107.80 661.78 728.62 760.12 -2202.12 -82.30 -263.77
587.71 543.52 288.77 327.51 277.27 325.26 330.83 408.19 533.52 -230.27 -151.82 -2203.38 -2223.38 506.06 504.45 441.03 484.42 -85.80 308.26 495.95 516.02 -98.59 -2209.15 703.76 -2196.24 413.19 409.19 409.19 407.69 479.48 667.86 663.36 706.35 564.24 684.86 489.06 -115.11 -89.65 687.26 663.82 469.48 481.48 469.48 481.48 469.48 494.48 -2225.88 450.92 558.65 -104.09
-237.77 329.51 337.51 331.51 302.77 -2230.90 648.82 -2193.80 -237.77 -2228.40 -2201.24 645.09 -249.27 -506.71 -95.15 -69.65 -90.80 -156.32 -145.11 698.36 -86.88 595.42 539.65 565.43 602.43 -3511.14 688.40 726.40 -2190.30 -2210.30 612.00 305.83 -105.38 -76.47 -116.11 515.06 -98.88 -257.77 -261.77 -242.77 -138.11 -101.97 -90.97 -75.65 603.92 477.42 602.71 594.92 594.92 594.92
633.82 663.82 306.26 683.35 723.39 691.90 735.89 -105.80 -73.15 -2341.83 -2184.12 330.01 489.98 473.92 -185.82 304.38 267.00 214.27 -2180.12 -2181.12 -2174.74 -97.97 -109.47 675.85 700.90 699.85 -2189.80 573.24 -2180.30 -2173.80 -2225.90 -2208.88 -2242.90 -2347.33 -2333.33 -2345.83 -2230.40 -2183.24 -2192.24 -2243.40 -2237.90 -2211.88 -2187.24 -2194.74 -2196.88 -2225.90 -2209.38 -2199.88 -2195.74 -105.09
-97.47 -111.30 -130.11 -113.97 -84.47 -119.61 -236.77 -2190.24 -239.27 -95.59 -106.47 473.42 215.77 -2200.38 348.12 -151.82 509.06 -133.61 408.19 461.92 -162.32 481.42 208.27 411.69 476.48 -159.32 489.45 361.12 -506.71 -72.65 674.61 -80.38 -2348.33 -2186.30 -2177.30 -2178.82 -2194.24 -2186.12 -2186.12 -2179.62 -2336.33 -2201.38 -2211.88 -2182.24 -2191.12 -2193.24 -2181.74 -3489.14 -2187.80 -2172.62
682.76 -118.30 592.92 -112.30 695.76 199.77 441.03 450.42 497.45 358.62 -2188.12 -2191.12 466.92 537.15 481.42 648.09 -2191.24 -130.61 524.52 584.21 468.10 465.60 -144.61 -150.11 472.10 -90.97 -2365.33 -71.15 -2358.33 -170.82 -95.15 -68.15 -163.82 -154.82 567.65 509.56 581.43 577.93 585.74 595.42 540.65 536.65 540.65 536.65 540.65 535.15 577.21 655.82 331.26 201.27
630.00 646.09 452.92 671.28 691.26 687.28 295.27 -2180.82 663.11 717.40 627.82 555.44 -123.59 449.03 465.92 -178.82 567.15 -2197.24 513.52 552.24 243.00 -150.61 532.52 581.71 -136.61 599.21 -2191.32 -2185.32 -2185.15 -2188.62 -2182.30 -2182.30 -2169.30 -2348.33 -2179.30 -2180.15 -2220.24 397.19 399.69 540.65 559.65 568.93 591.71 -2209.24 744.89 -2208.24 611.42 -95.15 726.62 657.32
325.51 -260.77 -95.38 -148.32 -145.61 -107.80 -109.59 -146.82 -507.21 -261.27 -513.21 -88.30 -97.80 -509.21 -121.30 -84.88 -117.80 330.26 -2233.40 339.51 686.85 308.76 331.76 -177.32 -120.30 -85.80 -75.65 -261.77 -230.77 -129.61 -100.30 -91.80 -107.59 -100.47 194.27 346.01 -3474.14 -2193.82 -2229.90 -2177.30 -2205.15 297.27 -2207.32 588.44 -175.82 -162.82 -527.71 -185.82 -83.97 -175.82
333.51 -2263.90 700.93 327.76 -2176.80 -2179.74 -2182.82 -2186.74 -2194.38 -3479.14 -2212.88 -2229.90 -2202.88 -2224.90 -2344.33 -2173.30 -2348.33 -2173.30 -2186.15 -2195.74 -2351.33 -2368.33 314.38 480.48 -172.32 -142.11 476.60 389.19 414.19 -148.61 -136.61 -144.61 -126.61 535.52 662.26 704.40 713.40 -2192.15 603.21 -102.15 -83.97 623.49 602.42 622.99 622.99 622.99 622.99 622.99 622.99 622.99
