-4.20 -1.10 2.60 -9.50 -0.30 1.90 -1.30 3.10 2.70 2.70 1.90 0.50 4.10 0.50 3.00 -1.50 1.40 3.50 -1.90 4.60 -8.50 -11.20 -1.50 7.50 -1.90 3.60 1.20 1.70 -0.30 1.20 1.70 1.20 0.10 0.40 2.40 1.20 -3.40 1.10 2.40 0.40 2.40 2.40 1.90 1.40 0.90 3.20 -1.30 1.00 -5.90 -0.50
-1.90 1.60 1.50 -0.90 2.30 2.00 -0.30 -8.00 -9.10 -1.70 4.60 2.20 -0.40 3.70 1.10 -0.90 -2.00 1.20 1.40 3.20 -0.30 -0.50 2.00 -0.50 -5.60 1.50 0.60 -4.90 -6.10 -9.50 -11.00 -8.40 0.00 0.00 0.00 -3.20 -2.50 0.90 -1.30 -2.30 -0.50 -0.90 4.90 -0.10 -3.70 -6.70 -9.00 -9.60 -1.70 -0.10
-10.00 -1.90 2.70 0.00 -3.60 -1.70 5.20 -7.00 -4.20 -2.30 1.50 -13.00 -4.00 -0.90 3.30 3.70 -1.10 3.30 -1.30 -0.10 -0.10 5.00 -1.90 2.80 -2.70 0.60 -4.20 -4.30 1.50 -1.60 -8.60 -5.50 -2.00 2.90 -5.40 -6.50 -7.00 -6.00 -2.40 -0.50 -0.10 -0.10 -0.10 -0.10 -0.10 -0.10 -0.10 -0.10 -0.10 -0.10
1.10 2.50 -11.20 -5.50 -2.10 -0.70 0.40 0.00 1.70 1.00 -1.50 -2.20 3.50 -5.50 -1.50 5.90 -0.40 -0.70 0.80 2.40 4.30 -6.40 -1.30 2.30 1.60 -8.00 -5.40 -0.20 2.90 2.40 2.40 2.50 -9.20 -1.00 2.90 5.50 -1.30 2.90 2.20 -2.40 -2.00 -8.40 -4.50 -5.60 -1.60 -4.00 1.20 -1.00 -0.80 3.90
-0.10 4.50 -5.10 1.10 0.40 -0.30 3.90 -1.10 6.70 -4.00 -3.10 -1.90 2.30 -2.80 -0.30 0.90 -8.50 -3.00 -2.30 -1.00 -2.30 -5.60 -4.70 -7.20 0.60 2.90 3.50 -1.30 4.00 -5.90 -2.20 -1.00 -0.90 6.10 -4.00 -0.90 -0.10 -0.10 -0.10 4.30 -3.90 -8.50 -1.80 -1.10 -1.50 3.60 -0.50 -0.10 -0.10 -0.10
4.90 -3.80 0.50 3.60 -3.00 -1.10 -10.30 -2.10 0.50 -4.60 -1.60 2.80 -8.40 -5.70 -0.90 2.00 -8.20 -4.00 -3.60 -3.30 -0.70 6.70 -0.00 2.50 1.40 1.90 5.10 -1.50 -0.30 0.30 -0.80 -12.00 -5.60 1.80 -1.10 -1.30 -3.00 -0.30 0.00 -1.00 2.00 -4.00 -1.80 1.40 1.90 1.10 1.00 -1.90 0.70 2.50
-1.90 5.00 0.70 1.60 3.50 -1.90 -0.10 4.70 3.00 -7.80 -4.60 -1.30 -3.80 1.50 2.10 -5.00 -1.90 -1.70 -0.10 3.90 -1.20 -2.20 0.20 2.90 -0.50 2.40 -3.00 -3.00 -6.40 -2.00 0.80 1.00 0.20 -0.70 4.50 0.10 -2.50 0.30 -1.00 0.20 -0.70 5.00 1.50 0.20 -3.70 -9.10 -6.50 -7.50 -9.30 -6.00
-4.00 -1.10 7.00 -10.50 -3.60 1.80 -4.00 -3.10 -1.20 -1.10 -1.70 -1.60 2.80 -0.50 -7.80 -1.30 3.30 -0.50 -0.90 -5.00 -11.10 -9.10 -2.00 2.50 -3.60 -3.50 -10.10 -6.00 0.50 0.60 -2.50 -0.90 5.50 -4.00 -5.60 1.40 -1.50 2.10 -1.50 0.90 3.40 1.90 -5.10 -2.40 0.00 -4.30 -8.00 -8.50 -6.70 -2.40
1.10 -0.70 3.80 -4.90 -8.00 -1.40 2.80 -0.70 -0.10 -0.10 -0.10 -0.10 -0.10 -0.10 -0.10 -0.10 -0.10 2.70 0.50 -1.60 2.70 -6.00 -5.00 -0.70 -3.50 -8.00 -12.10 -10.30 -3.60 2.00 2.00 -1.30 4.80 -7.20 -1.10 -0.10 6.60 -1.40 0.40 0.40 0.40 0.40 0.40 5.10 -3.00 3.50 2.40 -3.20 2.60 2.50
-3.60 -3.90 -4.00 -3.20 -7.50 -10.60 -3.30 0.50 -1.20 3.50 3.50 3.50 2.00 1.50 -11.50 0.20 3.80 -1.70 3.10 -1.50 -4.10 -1.60 -2.00 2.40 3.70 -2.80 -4.50 -6.00 -1.10 1.80 4.70 0.20 -0.00 -7.00 -5.50 -2.20 0.50 -0.50 2.80 -0.10 1.40 2.40 1.40 3.90 1.40 2.50 -3.00 -9.80 -2.60 -1.20
