-64.56 -33.10 29.12 -26.73 -11.98 -22.02 7.72 -31.41 -35.97 -9.98 8.86 -63.19 -71.97 -6.02 -71.14 -22.22 -36.50 -74.18 -12.28 -28.15 12.03 -25.98 -22.39 -30.11 11.08 -72.12 -32.11 -18.33 -32.92 -49.46 1.25 7.88 -86.00 -43.19 -70.18 -46.00 -42.02 -4.00 0.00 -25.96 -62.80 53.44 -39.57 -2.01 -22.93 -18.73 -2.69 -18.69 -24.92 -39.14
-14.18 -2.39 40.02 -3.41 -34.18 -4.92 -28.28 -22.99 -70.37 -24.93 -58.87 -29.96 -6.80 -2.87 18.04 -26.50 -36.45 -7.98 -49.46 -19.98 27.08 -50.46 31.07 31.72 -63.45 -32.11 -26.69 -25.52 -10.88 -4.45 -54.26 -52.28 -44.11 -22.73 -47.97 -42.87 17.44 -30.35 -39.45 -30.99 -42.01 22.29 -22.88 -10.17 -30.46 1.82 -41.10 -77.46 -44.15 -35.57
-46.01 -34.02 -69.46 -70.18 -82.00 49.50 -42.18 -24.56 -31.45 -26.01 -16.15 -43.45 -27.97 17.65 8.03 -31.97 20.43 -17.41 -10.45 2.54 -74.00 -2.46 -76.12 -30.17 -18.50 -23.97 11.44 -62.18 -6.86 -47.14 -43.97 10.29 -26.37 -0.92 1.65 -44.93 29.65 -14.39 -2.91 -48.15 -3.97 1.99 -58.28 -59.57 -22.93 -6.37 -21.10 -30.50 21.12 8.94
-5.52 -41.41 -33.10 -15.98 -47.45 40.02 0.55 -33.10 7.44 3.07 -83.45 -10.80 -52.15 -18.45 -63.14 -12.28 -12.56 -4.53 -60.15 -44.45 -67.57 -28.93 -2.17 -48.12 -20.93 -12.92 -35.14 -67.45 -5.71 -82.01 -3.45 -0.56 -10.86 -26.91 -12.45 -17.41 -42.45 -31.57 -35.52 -64.00 -12.15 33.13 21.74 -0.93 52.02 1.63 -35.19 13.55 15.08 -5.52
36.02 -34.02 -14.01 -78.00 -34.02 -46.46 42.04 -66.02 -63.19 -26.75 -58.17 -42.39 -15.10 -42.93 23.08 26.04 22.04 28.02 13.67 25.44 -30.75 -28.90 -64.56 -69.46 -38.18 57.44 -56.90 -7.14 -18.00 -10.56 -20.73 -68.12 13.01 1.13 -35.98 -50.18 -1.52 -23.19 17.67 -4.93 -58.75 -38.37 -18.73 -18.00 29.44 31.72 -55.14 -0.12 8.94 -38.11
-42.18 7.72 -29.41 -28.28 17.13 31.72 -25.46 -63.97 -23.14 -11.98 -46.02 -33.52 -44.12 -10.73 -2.22 -46.88 -19.52 -68.56 -27.52 -52.12 12.02 -74.80 -7.52 44.02 -29.98 -86.46 -16.12 9.13 -30.88 -30.26 -46.91 -40.56 6.54 -31.97 -86.46 -28.12 -4.93 -35.97 -63.45 -28.53 -2.75 21.98 19.07 0.81 -50.91 -66.28 -22.00 -50.18 -13.52 44.02
-10.45 27.47 -2.87 29.12 -20.93 45.12 -26.02 -17.96 -35.98 -16.53 -38.46 -70.80 -70.46 -31.19 8.03 -35.14 -7.97 -4.53 -35.97 -22.87 -28.92 -6.18 9.25 -18.18 -20.93 45.12 17.01 -30.75 -20.90 -31.19 8.03 -79.14 -12.50 42.04 -32.69 45.50 7.44 -30.02 5.74 13.65 -42.80 -43.98 -12.15 -18.88 -22.02 -2.17 29.12 -15.45 -10.88 -30.88
17.09 -44.53 -22.37 9.12 -22.86 -48.53 0.48 -36.12 -73.46 -24.45 -31.45 21.12 -4.50 0.81 -45.46 -67.45 37.13 -15.57 -19.98 1.99 -9.46 1.82 -1.10 10.04 -16.93 17.44 -12.90 -58.80 -37.41 -16.28 -2.35 5.01 1.55 -27.10 -27.14 -19.97 -8.11 -32.90 -64.90 -14.93 49.13 -66.26 -33.96 -37.98 -2.69 -24.53 39.08 -42.02 33.50 -60.12
-41.96 -79.19 -56.53 -60.15 -3.97 -19.57 -26.18 3.85 -29.96 -26.00 -29.41 -30.86 40.02 -50.18 17.09 -18.80 21.44 -2.93 8.43 8.94 -2.87 -0.15 -58.37 -32.11 1.67 31.07 -30.75 -40.90 -40.11 -27.45 13.14 -26.26 -66.46 -12.93 -23.41 -27.52 -36.12 -18.46 42.04 -14.00 8.43 -35.10 -2.45 -30.17 -35.14 41.14 -3.14 -42.37 -43.41 -76.12
-0.92 -64.00 -6.46 -43.41 -30.39 11.47 -34.01 -30.88 -27.45 -8.12 29.12 -66.80 15.89 -2.87 -64.56 -18.01 -86.37 -74.01 16.43 -46.46 -18.37 17.25 -71.97 41.50 -22.56 25.61 -8.93 -74.18 -14.69 -46.80 -12.73 -20.56 -35.19 -6.50 -52.56 -6.18 24.02 -43.14 -68.56 -17.41 -12.56 -36.50 -78.11 -22.87 -27.41 -49.71 -74.17 -51.14 -6.45 -6.37
