19.00 17.00 1.00 14.00 6.00 11.00 7.00 15.00 12.00 5.00 0.00 16.00 21.00 7.00 20.00 9.00 19.00 19.00 12.00 10.00 0.00 13.00 15.00 7.00 7.00 21.00 19.00 12.00 18.00 15.00 5.00 1.00 22.00 11.00 18.00 12.00 16.00 4.00 3.00 18.00 16.00 2.00 15.00 1.00 11.00 10.00 2.00 10.00 16.00 12.00
4.00 10.00 3.00 1.00 9.00 11.00 16.00 10.00 18.00 12.00 22.00 19.00 2.00 8.00 7.00 14.00 18.00 15.00 15.00 18.00 3.00 13.00 0.00 1.00 16.00 19.00 14.00 13.00 11.00 2.00 19.00 22.00 22.00 12.00 15.00 18.00 11.00 17.00 10.00 12.00 11.00 2.00 14.00 4.00 8.00 0.00 21.00 22.00 14.00 14.00
12.00 14.00 20.00 18.00 21.00 1.00 11.00 9.00 8.00 7.00 7.00 11.00 10.00 5.00 1.00 11.00 0.00 8.00 14.00 2.00 19.00 1.00 22.00 9.00 10.00 9.00 0.00 16.00 12.00 14.00 14.00 5.00 7.00 10.00 9.00 19.00 2.00 13.00 7.00 15.00 4.00 0.00 20.00 20.00 11.00 2.00 11.00 16.00 3.00 10.00
3.00 20.00 17.00 8.00 12.00 3.00 0.00 17.00 1.00 7.00 21.00 3.00 16.00 9.00 18.00 12.00 6.00 8.00 18.00 22.00 22.00 15.00 2.00 15.00 10.00 13.00 11.00 17.00 9.00 21.00 1.00 3.00 13.00 13.00 6.00 8.00 22.00 13.00 18.00 19.00 6.00 4.00 0.00 8.00 0.00 0.00 9.00 8.00 6.00 3.00
4.00 14.00 4.00 20.00 14.00 12.00 1.00 22.00 16.00 12.00 16.00 20.00 8.00 21.00 4.00 5.00 6.00 6.00 4.00 9.00 13.00 12.00 19.00 20.00 10.00 1.00 19.00 4.00 5.00 18.00 11.00 20.00 1.00 7.00 22.00 13.00 1.00 6.00 3.00 9.00 20.00 10.00 10.00 5.00 8.00 1.00 16.00 3.00 3.00 9.00
11.00 7.00 14.00 16.00 3.00 1.00 9.00 19.00 8.00 6.00 17.00 17.00 14.00 6.00 4.00 20.00 10.00 20.00 14.00 16.00 10.00 19.00 4.00 2.00 15.00 22.00 7.00 10.00 16.00 13.00 18.00 13.00 1.00 11.00 22.00 10.00 9.00 12.00 16.00 14.00 6.00 0.00 3.00 0.00 19.00 22.00 6.00 13.00 7.00 2.00
14.00 0.00 13.00 1.00 13.00 3.00 12.00 16.00 22.00 11.00 10.00 18.00 18.00 8.00 1.00 11.00 5.00 8.00 12.00 13.00 17.00 2.00 3.00 5.00 13.00 3.00 0.00 13.00 10.00 8.00 1.00 22.00 7.00 1.00 17.00 2.00 1.00 13.00 4.00 6.00 11.00 22.00 6.00 13.00 11.00 2.00 1.00 4.00 11.00 16.00
2.00 18.00 6.00 12.00 16.00 19.00 0.00 12.00 21.00 12.00 8.00 3.00 3.00 0.00 14.00 17.00 3.00 9.00 18.00 0.00 5.00 0.00 1.00 9.00 12.00 11.00 8.00 15.00 18.00 13.00 10.00 3.00 11.00 14.00 9.00 8.00 13.00 13.00 21.00 7.00 0.00 22.00 20.00 19.00 2.00 13.00 0.00 16.00 5.00 18.00
22.00 20.00 21.00 18.00 4.00 10.00 7.00 2.00 19.00 7.00 14.00 18.00 3.00 13.00 2.00 5.00 10.00 1.00 3.00 18.00 8.00 3.00 15.00 19.00 7.00 0.00 13.00 15.00 21.00 7.00 7.00 12.00 17.00 6.00 11.00 14.00 12.00 5.00 1.00 4.00 3.00 18.00 1.00 9.00 11.00 0.00 3.00 11.00 21.00 22.00
10.00 19.00 2.00 21.00 17.00 4.00 9.00 22.00 7.00 5.00 1.00 17.00 7.00 13.00 19.00 5.00 22.00 19.00 1.00 12.00 5.00 1.00 21.00 3.00 21.00 3.00 4.00 19.00 8.00 12.00 7.00 8.00 9.00 15.00 16.00 2.00 7.00 13.00 20.00 8.00 6.00 19.00 19.00 18.00 13.00 20.00 20.00 15.00 3.00 2.00
