6.00 8.00 4.00 17.00 21.00 17.00 10.00 7.00 8.00 18.00 22.00 22.00 20.00 2.00 9.00 13.00 3.00 20.00 11.00 4.00 4.00 0.00 15.00 18.00 2.00 4.00 9.00 15.00 21.00 22.00 22.00 13.00 20.00 17.00 3.00 8.00 17.00 16.00 18.00 20.00 20.00 13.00 5.00 16.00 4.00 19.00 4.00 1.00 2.00 15.00
15.00 10.00 22.00 5.00 12.00 10.00 2.00 8.00 22.00 11.00 2.00 6.00 8.00 18.00 19.00 21.00 7.00 0.00 14.00 16.00 10.00 1.00 0.00 7.00 13.00 16.00 6.00 20.00 21.00 11.00 22.00 11.00 0.00 3.00 8.00 21.00 18.00 2.00 10.00 19.00 13.00 13.00 10.00 21.00 2.00 20.00 12.00 16.00 8.00 13.00
19.00 4.00 11.00 20.00 13.00 22.00 11.00 6.00 17.00 5.00 2.00 15.00 8.00 13.00 16.00 17.00 11.00 19.00 0.00 8.00 9.00 8.00 3.00 18.00 1.00 6.00 18.00 16.00 13.00 5.00 4.00 9.00 12.00 2.00 13.00 11.00 1.00 7.00 2.00 18.00 14.00 6.00 21.00 4.00 20.00 19.00 13.00 12.00 11.00 0.00
3.00 4.00 13.00 4.00 20.00 4.00 11.00 19.00 2.00 1.00 19.00 20.00 18.00 4.00 14.00 2.00 22.00 21.00 0.00 5.00 22.00 21.00 13.00 4.00 18.00 17.00 18.00 2.00 9.00 11.00 22.00 1.00 9.00 22.00 20.00 18.00 5.00 8.00 7.00 22.00 20.00 20.00 4.00 12.00 0.00 10.00 1.00 13.00 7.00 17.00
0.00 17.00 13.00 22.00 3.00 2.00 14.00 19.00 17.00 8.00 2.00 4.00 17.00 2.00 11.00 1.00 18.00 14.00 6.00 8.00 0.00 8.00 14.00 11.00 8.00 3.00 4.00 0.00 7.00 12.00 6.00 22.00 22.00 15.00 2.00 14.00 9.00 17.00 10.00 6.00 0.00 5.00 11.00 16.00 11.00 6.00 5.00 18.00 20.00 4.00
19.00 10.00 14.00 10.00 13.00 22.00 13.00 11.00 6.00 9.00 9.00 12.00 4.00 15.00 2.00 11.00 15.00 7.00 17.00 22.00 1.00 17.00 4.00 7.00 5.00 1.00 18.00 0.00 7.00 20.00 14.00 7.00 0.00 16.00 21.00 6.00 15.00 13.00 20.00 5.00 0.00 16.00 8.00 13.00 5.00 10.00 8.00 8.00 11.00 21.00
17.00 4.00 7.00 0.00 13.00 9.00 5.00 17.00 5.00 7.00 15.00 15.00 21.00 2.00 10.00 13.00 13.00 16.00 17.00 3.00 0.00 4.00 18.00 11.00 7.00 12.00 22.00 5.00 12.00 3.00 9.00 14.00 15.00 21.00 3.00 8.00 15.00 8.00 17.00 16.00 10.00 22.00 0.00 19.00 2.00 9.00 0.00 17.00 6.00 2.00
12.00 22.00 18.00 21.00 7.00 2.00 14.00 6.00 11.00 15.00 22.00 22.00 0.00 4.00 20.00 20.00 16.00 11.00 1.00 10.00 10.00 13.00 15.00 2.00 9.00 13.00 10.00 8.00 9.00 2.00 11.00 1.00 7.00 8.00 13.00 9.00 21.00 13.00 18.00 20.00 4.00 11.00 21.00 16.00 3.00 14.00 17.00 3.00 2.00 22.00
7.00 9.00 18.00 10.00 22.00 17.00 16.00 11.00 10.00 0.00 4.00 15.00 8.00 1.00 20.00 1.00 22.00 11.00 0.00 0.00 21.00 7.00 16.00 16.00 11.00 1.00 11.00 11.00 0.00 18.00 4.00 12.00 3.00 13.00 21.00 16.00 4.00 7.00 5.00 2.00 10.00 6.00 2.00 20.00 9.00 4.00 14.00 11.00 7.00 22.00
1.00 14.00 16.00 18.00 4.00 14.00 19.00 8.00 7.00 11.00 19.00 19.00 10.00 6.00 16.00 2.00 16.00 1.00 20.00 20.00 13.00 10.00 1.00 5.00 15.00 17.00 0.00 19.00 9.00 1.00 15.00 17.00 10.00 7.00 16.00 10.00 7.00 9.00 17.00 13.00 5.00 12.00 8.00 17.00 1.00 11.00 21.00 16.00 16.00 18.00
