1229.27 745.82 528.87 3186.89 1125.77 723.50 600.28 1125.77 447.21 614.64 1317.62 528.87 600.28 3186.89 1767.77 3178.05 1629.80 1702.94 528.87 2236.07 1767.77 1619.71 551.44 1612.45 1229.27 658.81 1702.94 2236.07 723.50 3333.33 1178.51 1111.11 1178.51 777.23 600.28 823.27 3181.74 1111.11 633.43 865.13 1178.51 777.23 3181.74 851.47 777.23 447.21 894.43 551.44 707.11 3194.38
658.81 3178.05 3333.33 1229.27 1146.82 3178.05 572.31 3194.38 694.16 1317.62 1317.62 658.81 1146.82 823.27 1146.82 614.64 1666.67 723.50 1900.29 1100.50 1100.50 3186.89 883.88 1629.80 1178.51 883.88 894.43 600.28 3194.38 1111.11 3259.60 1100.50 3535.53 4472.14 1118.03 1900.29 3259.60 1229.27 472.71 633.43 506.21 3333.33 950.15 694.16 1900.29 658.81 551.44 506.21 614.64 506.21
1125.77 777.23 528.87 551.44 1900.29 528.87 1100.50 3205.90 559.02 851.47 614.64 3186.89 1767.77 1317.62 1125.77 745.82 910.54 559.02 694.16 658.81 910.54 1100.50 447.21 1612.45 3333.33 600.28 1490.71 883.88 1229.27 496.90 694.16 506.21 3178.05 1317.62 600.28 3205.90 472.71 1619.71 1111.11 883.88 777.23 694.16 506.21 745.36 472.71 1178.51 1702.94 600.28 694.16 633.43
3194.38 707.11 1666.67 496.90 745.36 777.23 1100.50 658.81 551.44 1490.71 3186.89 777.23 1612.45 3205.90 1702.94 694.16 910.54 1767.77 3224.90 910.54 745.82 1125.77 910.54 3194.38 658.81 1178.51 3205.90 1317.62 559.02 551.44 1125.77 1125.77 865.13 658.81 3186.89 694.16 865.13 1012.42 1229.27 851.47 1317.62 4472.14 3205.90 528.87 1629.80 3535.53 506.21 851.47 777.23 910.54
707.11 506.21 1100.50 1125.77 1229.27 1125.77 572.31 1644.41 694.16 745.82 3205.90 1629.80 3224.90 3194.38 3259.60 1111.11 1125.77 1146.82 2236.07 472.71 528.87 3535.53 910.54 1644.41 496.90 600.28 894.43 1100.50 950.15 3224.90 1125.77 559.02 1111.11 528.87 1490.71 745.82 496.90 1125.77 851.47 910.54 600.28 1644.41 723.50 1767.77 694.16 559.02 1125.77 1317.62 1118.03 823.27
883.88 1146.82 506.21 1111.11 614.64 865.13 572.31 694.16 572.31 1767.77 707.11 551.44 1612.45 1619.71 1900.29 600.28 638.88 3178.05 707.11 572.31 638.88 865.13 600.28 3224.90 950.15 551.44 1012.42 1900.29 658.81 472.71 894.43 1146.82 1644.41 745.36 528.87 3333.33 1900.29 1012.42 723.50 3205.90 1100.50 3186.89 723.50 3205.90 865.13 851.47 3194.38 658.81 777.23 472.71
633.43 572.31 950.15 3181.74 1146.82 528.87 1100.50 851.47 1229.27 1317.62 1612.45 614.64 506.21 633.43 851.47 777.23 3205.90 633.43 614.64 1619.71 745.36 1702.94 1612.45 1178.51 3224.90 506.21 865.13 910.54 658.81 1178.51 1146.82 910.54 1612.45 707.11 1900.29 1317.62 1100.50 1100.50 1702.94 3194.38 950.15 777.23 1644.41 1612.45 3224.90 572.31 1629.80 1900.29 3259.60 600.28
894.43 1644.41 1178.51 1317.62 1178.51 865.13 851.47 633.43 910.54 1100.50 1490.71 865.13 910.54 3205.90 865.13 1178.51 3224.90 707.11 1125.77 910.54 1146.82 1125.77 894.43 3224.90 1118.03 506.21 1629.80 600.28 865.13 559.02 472.71 3535.53 1666.67 1900.29 1229.27 723.50 1629.80 694.16 1629.80 600.28 1666.67 1900.29 1111.11 1125.77 723.50 496.90 865.13 3186.89 777.23 1111.11
658.81 865.13 883.88 572.31 3186.89 1125.77 1619.71 1100.50 600.28 658.81 3224.90 1612.45 851.47 506.21 3205.90 1178.51 1767.77 551.44 883.88 1644.41 447.21 1178.51 1619.71 1100.50 707.11 3259.60 506.21 910.54 528.87 1767.77 633.43 633.43 883.88 3186.89 865.13 745.36 1125.77 894.43 745.36 3224.90 723.50 1666.67 950.15 1644.41 3535.53 1100.50 1146.82 1612.45 865.13 1111.11
777.23 1900.29 723.50 851.47 1178.51 883.88 865.13 1229.27 3259.60 1612.45 1629.80 572.31 723.50 506.21 1111.11 3259.60 3259.60 1012.42 1619.71 1666.67 1666.67 559.02 1125.77 3535.53 745.82 1100.50 865.13 1125.77 614.64 506.21 823.27 3333.33 883.88 1146.82 638.88 950.15 1146.82 638.88 572.31 1702.94 633.43 3259.60 559.02 633.43 506.21 658.81 528.87 883.88 3224.90 851.47
