41.26 13.09 39.04 6.85 29.26 41.26 28.08 6.77 38.13 13.53 26.51 24.40 6.83 23.97 30.86 26.51 26.51 30.16 21.55 4.88 13.27 36.35 36.35 36.35 33.12 25.22 13.39 12.34 13.27 6.81 6.85 6.85 46.16 19.64 17.75 19.38 36.35 36.35 36.35 36.35 36.35 13.39 13.39 13.39 13.39 11.48 11.48 39.57 34.16 34.45
6.83 36.35 36.35 13.39 16.56 36.35 34.45 18.52 13.09 12.34 13.47 13.53 26.51 6.77 41.26 24.69 28.08 6.86 6.83 6.55 6.77 21.55 6.86 25.22 13.27 13.47 34.45 43.92 43.92 13.47 34.45 30.16 41.26 41.26 13.47 43.92 43.92 43.92 43.92 43.92 43.92 43.92 43.92 43.92 43.92 19.64 41.26 43.92 13.47 43.92
13.09 13.09 19.38 43.11 19.38 41.26 33.12 39.04 29.26 13.39 29.26 24.69 24.69 43.11 43.11 43.11 6.85 43.11 13.09 13.27 9.76 17.75 26.51 23.97 21.55 17.75 19.03 16.56 13.53 35.50 35.50 6.85 6.85 6.87 6.87 6.83 36.35 18.52 6.77 4.88 18.52 33.12 31.44 31.44 26.51 35.50 35.50 35.50 35.50 35.50
16.56 19.64 13.53 12.34 13.39 12.34 12.81 12.81 12.81 29.26 24.40 6.77 4.88 6.85 12.81 19.83 43.11 43.11 33.12 43.11 43.11 39.57 6.17 13.27 39.57 21.55 25.22 16.56 36.35 6.85 6.55 6.55 6.17 13.47 25.22 25.63 12.34 43.11 13.39 6.17 13.09 12.81 12.81 12.81 12.81 12.81 21.55 12.81 6.77 6.86
6.83 34.45 34.45 33.12 29.28 34.45 31.44 33.12 18.52 6.81 6.69 13.09 6.81 22.97 34.45 30.16 13.27 13.09 13.27 13.27 13.27 13.27 13.39 12.34 13.39 13.39 13.39 13.39 13.39 9.76 13.27 13.39 13.39 13.39 13.39 13.39 13.39 13.39 13.39 13.39 13.39 13.39 13.39 13.39 13.39 36.35 13.39 12.81 13.27 13.53
19.64 19.38 41.26 43.92 14.64 13.39 43.11 24.69 13.39 33.12 41.26 13.47 13.09 21.55 25.22 12.34 21.55 21.55 21.55 21.55 21.55 24.40 24.40 24.40 24.40 24.40 24.40 30.86 30.86 21.55 28.08 30.16 38.13 19.03 39.57 39.57 39.57 39.57 23.97 38.13 38.13 36.35 28.08 21.55 30.86 30.86 30.86 30.86 30.86 30.86
6.69 12.81 13.27 13.09 9.76 13.53 13.53 6.17 6.17 12.34 13.09 13.53 12.81 12.81 13.47 13.09 12.81 9.76 13.27 12.81 9.76 9.76 9.76 9.76 9.76 9.76 9.76 13.27 12.34 12.34 12.34 12.34 12.34 21.55 21.55 17.75 30.16 30.16 21.55 21.55 25.22 22.97 6.69 19.52 24.69 24.69 24.69 24.69 19.38 19.38
14.64 41.26 6.87 35.50 25.63 25.63 6.87 6.87 6.87 6.87 6.87 6.87 6.87 6.87 6.87 6.87 6.87 6.87 6.87 6.87 6.87 6.87 6.87 6.87 6.87 19.83 48.80 9.76 13.47 6.17 13.39 13.47 9.76 12.81 9.76 13.09 6.17 6.17 6.17 6.17 6.17 6.77 6.77 12.81 6.77 6.77 6.77 6.77 6.77 6.77
41.26 34.45 41.26 19.64 38.13 38.13 30.86 26.51 26.51 12.81 30.16 12.81 6.77 24.40 21.55 30.16 24.40 21.55 24.40 29.26 30.16 6.77 29.26 29.26 29.26 29.26 29.26 19.38 6.55 29.28 33.12 33.12 33.12 33.12 13.09 13.09 19.64 19.64 19.64 19.64 19.38 19.38 19.38 19.38 13.39 13.39 13.39 13.39 13.39 13.39
6.77 6.85 6.83 6.69 25.22 19.52 41.26 41.26 41.26 41.26 41.26 41.26 41.26 41.26 43.11 13.39 43.11 13.39 24.69 24.69 43.11 29.26 43.11 43.11 19.38 19.38 24.69 6.87 6.87 6.86 6.17 35.50 23.97 19.03 28.08 6.83 39.57 39.57 39.57 25.63 25.63 25.63 12.34 25.22 19.52 19.52 16.56 16.56 18.52 19.03
