37.66 317.16 107.04 107.50 24.96 108.18 108.18 447.21 77.72 319.44 53.55 65.40 108.18 67.76 77.72 66.67 109.26 108.18 106.72 333.33 107.04 24.96 107.50 316.77 23.54 319.44 114.68 63.89 57.23 53.55 114.68 51.31 53.55 51.31 114.68 114.68 34.24 39.76 106.72 122.93 106.72 108.18 107.04 108.18 111.11 108.18 35.65 72.35 39.76 108.18
37.66 53.55 109.26 40.98 316.67 106.72 40.98 30.62 65.40 24.96 317.16 48.86 319.44 333.33 37.66 114.68 108.18 111.11 149.07 114.68 53.55 65.40 317.53 72.35 65.40 48.86 111.11 69.47 65.92 66.67 65.40 23.54 35.65 39.76 49.69 318.17 49.85 57.23 63.89 48.86 63.89 57.23 318.17 45.40 33.22 34.40 39.76 26.86 316.77 447.21
29.81 316.67 447.21 72.35 72.35 107.04 333.33 107.50 51.31 48.86 63.89 38.88 316.67 318.17 447.21 333.33 317.53 316.67 34.40 317.16 333.33 333.33 106.72 333.33 108.18 114.68 108.18 107.04 114.68 111.11 107.04 107.50 35.65 114.68 37.66 66.67 28.12 35.65 67.76 89.44 322.49 322.49 322.49 322.49 322.49 322.49 322.49 322.49 322.49 322.49
29.47 65.92 38.88 49.85 317.16 317.16 319.44 77.72 48.86 49.85 38.88 26.86 65.92 316.93 316.93 447.21 317.53 319.44 447.21 333.33 333.33 316.77 317.16 447.21 333.33 316.93 316.67 317.53 333.33 333.33 333.33 333.33 316.67 316.93 149.07 149.07 106.72 108.18 149.07 109.26 114.68 106.72 109.26 106.72 114.68 107.50 114.68 114.68 111.11 149.07
318.17 317.53 26.86 63.89 107.04 333.33 447.21 317.53 447.21 316.93 318.17 316.77 333.33 316.77 319.44 319.44 316.93 316.77 318.17 317.16 42.74 108.18 108.18 107.04 109.26 114.68 122.93 108.18 333.33 106.72 109.26 108.18 111.11 333.33 107.04 45.40 319.44 318.17 317.16 317.16 317.16 316.93 316.77 319.44 316.93 333.33 322.49 447.21 447.21 447.21
317.16 37.66 29.81 122.93 29.81 42.74 107.04 107.04 122.93 108.18 108.18 149.07 107.04 108.18 107.04 149.07 106.72 26.86 49.69 65.92 77.72 322.49 316.93 322.49 333.33 333.33 106.72 29.81 38.88 67.76 77.72 28.12 23.54 51.31 317.53 317.53 316.93 317.53 322.49 316.93 322.49 53.55 48.14 107.50 114.68 107.50 69.47 42.74 35.65 65.92
106.72 333.33 106.72 149.07 122.93 106.72 333.33 333.33 122.93 106.72 108.18 108.18 109.26 107.50 149.07 107.50 109.26 107.04 333.33 333.33 109.26 108.18 114.68 114.68 122.93 333.33 109.26 111.11 106.72 33.22 49.69 65.40 57.23 48.14 333.33 39.76 35.65 42.74 107.50 49.85 51.31 316.77 57.23 57.23 51.31 48.86 66.67 66.67 65.92 65.92
32.19 317.53 447.21 316.67 316.67 319.44 317.53 316.67 319.44 35.65 40.66 32.19 106.72 77.72 65.40 67.76 322.49 67.76 72.35 69.47 65.40 65.92 66.67 89.44 317.53 317.53 316.67 316.77 318.17 318.17 317.53 318.17 447.21 318.17 316.67 319.44 316.93 333.33 316.93 333.33 333.33 333.33 317.16 317.16 322.49 317.53 316.93 316.93 316.77 317.53
35.65 48.14 316.77 67.76 66.67 65.92 122.93 57.23 333.33 333.33 333.33 333.33 333.33 333.33 333.33 333.33 316.77 322.49 89.44 67.76 114.68 69.47 65.40 72.35 28.12 37.66 48.14 28.12 48.86 72.35 149.07 106.72 149.07 107.04 109.26 333.33 333.33 107.04 149.07 149.07 149.07 149.07 149.07 149.07 107.50 122.93 149.07 108.18 114.68 149.07
32.19 29.47 35.65 317.53 32.19 48.14 48.86 63.89 57.23 65.92 77.72 77.72 77.72 48.14 24.96 48.14 106.72 48.86 319.44 63.89 26.86 77.72 66.67 122.93 122.93 69.47 66.67 66.67 69.47 322.49 122.93 69.47 89.44 67.76 65.40 72.35 66.67 89.44 322.49 67.76 122.93 122.93 122.93 122.93 122.93 111.11 318.17 29.47 51.31 51.31
