3178.05 1111.11 723.50 3224.90 2236.07 723.50 777.23 723.50 723.50 506.21 1125.77 1702.94 1012.42 950.15 1118.03 3224.90 633.43 1146.82 1317.62 1702.94 851.47 707.11 3178.05 3194.38 3178.05 3224.90 1666.67 1178.51 1644.41 1644.41 694.16 1146.82 559.02 3186.89 950.15 823.27 707.11 1012.42 894.43 3194.38 614.64 551.44 600.28 1146.82 1644.41 1644.41 1644.41 3194.38 551.44 883.88
1666.67 950.15 1666.67 823.27 614.64 633.43 851.47 551.44 658.81 3186.89 745.82 3535.53 3333.33 707.11 1612.45 707.11 707.11 572.31 3194.38 3178.05 3259.60 3186.89 3205.90 633.43 3205.90 472.71 506.21 3178.05 614.64 472.71 3178.05 614.64 851.47 3186.89 3259.60 3259.60 3181.74 3194.38 4472.14 1317.62 1229.27 723.50 1702.94 3224.90 3181.74 950.15 950.15 1767.77 1767.77 1644.41
3224.90 723.50 823.27 707.11 1490.71 1666.67 1702.94 1125.77 745.82 559.02 3224.90 777.23 1229.27 1317.62 3333.33 1100.50 1900.29 851.47 707.11 3194.38 3181.74 865.13 865.13 950.15 600.28 551.44 551.44 572.31 894.43 894.43 3205.90 823.27 1666.67 1178.51 1178.51 1629.80 1767.77 1612.45 1118.03 865.13 1767.77 851.47 3259.60 3259.60 851.47 1612.45 447.21 447.21 447.21 447.21
950.15 658.81 1012.42 777.23 865.13 1111.11 528.87 3224.90 723.50 777.23 823.27 894.43 745.82 3186.89 3259.60 3535.53 551.44 572.31 3194.38 551.44 823.27 745.82 894.43 894.43 1629.80 1125.77 1125.77 506.21 1629.80 883.88 1619.71 1900.29 1900.29 1900.29 1767.77 1118.03 894.43 3224.90 777.23 3333.33 865.13 3259.60 3205.90 3205.90 3224.90 3186.89 3178.05 3181.74 3205.90 3205.90
723.50 1619.71 865.13 572.31 472.71 472.71 614.64 447.21 851.47 506.21 447.21 3178.05 1100.50 1100.50 614.64 472.71 851.47 658.81 3178.05 4472.14 3535.53 1100.50 3224.90 3224.90 1125.77 1125.77 1125.77 745.82 1629.80 1629.80 600.28 1125.77 3186.89 528.87 528.87 723.50 894.43 777.23 1229.27 1229.27 1012.42 707.11 3224.90 1012.42 1012.42 1012.42 1012.42 1012.42 1012.42 3224.90
1317.62 1317.62 910.54 1317.62 1317.62 1644.41 572.31 3194.38 633.43 723.50 823.27 3224.90 3194.38 3205.90 694.16 694.16 1178.51 633.43 823.27 528.87 572.31 633.43 472.71 633.43 1619.71 3181.74 528.87 1619.71 528.87 528.87 723.50 723.50 745.82 745.82 1629.80 745.82 745.82 745.82 745.82 745.82 745.82 745.82 745.82 745.82 745.82 745.82 600.28 600.28 559.02 3186.89
496.90 472.71 723.50 1146.82 851.47 1317.62 865.13 1767.77 865.13 633.43 694.16 633.43 950.15 3205.90 633.43 633.43 633.43 658.81 1178.51 658.81 823.27 950.15 823.27 823.27 823.27 823.27 823.27 823.27 3333.33 3333.33 4472.14 3178.05 3178.05 528.87 600.28 600.28 745.82 883.88 3186.89 3186.89 1125.77 1125.77 1100.50 472.71 472.71 1612.45 1100.50 883.88 1118.03 865.13
658.81 506.21 883.88 528.87 1629.80 3186.89 883.88 883.88 883.88 3186.89 3186.89 745.82 745.82 528.87 506.21 745.82 1767.77 950.15 3259.60 777.23 694.16 823.27 723.50 723.50 777.23 745.82 745.82 528.87 883.88 883.88 1629.80 528.87 528.87 528.87 528.87 865.13 865.13 865.13 865.13 1767.77 851.47 3259.60 1317.62 883.88 3259.60 1767.77 1767.77 723.50 723.50 572.31
1612.45 506.21 707.11 1612.45 447.21 472.71 3178.05 707.11 506.21 3178.05 3178.05 506.21 614.64 1100.50 614.64 506.21 472.71 3178.05 1612.45 551.44 506.21 447.21 1612.45 851.47 614.64 551.44 1900.29 1100.50 1229.27 1490.71 3194.38 777.23 777.23 777.23 638.88 572.31 600.28 910.54 851.47 1612.45 1612.45 1612.45 551.44 472.71 3178.05 3178.05 472.71 447.21 472.71 506.21
600.28 1629.80 506.21 707.11 1012.42 723.50 723.50 1702.94 1702.94 823.27 1702.94 3224.90 707.11 1229.27 1619.71 777.23 823.27 1012.42 1012.42 894.43 823.27 745.82 3186.89 3205.90 3205.90 3205.90 3205.90 3205.90 3181.74 3181.74 3535.53 3181.74 3194.38 3194.38 3224.90 1490.71 1146.82 1900.29 1229.27 1317.62 1100.50 1900.29 707.11 851.47 851.47 1619.71 496.90 496.90 572.31 572.31
