1.27715
1.32728
1.20437
1.22088
1.26747
1.23746
1.26692
1.24988
1.22339
1.36002
1.24384
1.19077
1.23856
1.24901
1.21582
1.27078
1.30722
1.38877
1.28717
1.24211
1.29359
1.25655
1.23925
1.24580
1.17197
1.20477
1.29772
1.24761
1.19457
1.26557
1.33190
1.15416
1.32107
1.25984
1.23073
1.22848
1.30675
1.21480
1.32077
1.24639
1.28080
1.22438
1.31659
1.21951
1.22021
1.21663
1.17273
1.26054
1.26527
1.20410
1.21497
1.26164
1.15749
1.21600
1.29789
1.22940
1.32230
1.22993
1.26361
1.28039
1.20079
1.17006
1.15513
1.20835
1.25809
1.24439
1.22171
1.16961
1.15841
1.16960
1.22217
1.27478
1.25369
1.21571
1.25025
1.28199
1.29668
1.21229
1.20305
1.14962
1.33982
1.19217
1.19487
1.25198
1.25558
1.20863
1.24960
1.13152
1.28175
1.22365
1.29543
1.20637
1.18816
1.25371
1.20704
1.20855
1.19758
1.23891
1.23264
1.23009
1.15250
1.21556
1.17693
1.20935
1.27306
1.21888
1.18262
1.17622
1.26526
1.26890
1.19467
1.21746
1.23364
1.22007
1.25095
1.19091
1.21588
1.20867
1.29628
1.24663
1.25684
1.21128
1.26128
1.14123
1.17285
1.18486
1.27059
1.23075
1.19168
1.24677
1.13759
1.21382
1.24132
1.23449
1.18547
1.16510
1.25031
1.28088
1.13531
1.24125
1.19751
1.24143
1.27469
1.19653
1.22417
1.19180
1.23665
1.16638
1.20527
1.22496
1.26697
1.22743
1.18432
1.27100
1.13081
1.31199
1.12036
1.18674
1.19820
1.27033
1.21874
1.34237
1.21460
1.22508
1.16991
1.25635
1.18361
1.13003
1.18411
1.24599
1.10815
1.20985
1.24868
1.15860
1.17655
1.17560
1.23982
1.19698
1.17965
1.19594
1.17964
1.26108
1.20281
1.19459
1.26175
1.22379
1.13829
1.18481
1.20352
1.24058
1.19985
1.17468
1.23117
1.23620
1.16605
1.26660
1.20341
1.12190
1.21062
1.27889
1.17587
1.15076
1.21568
1.17693
1.25448
1.16382
1.23160
1.22759
1.18759
1.24119
1.29883
1.15100
1.26931
1.19559
1.15191
1.26561
1.11776
1.22854
1.19146
1.20372
1.23180
1.27197
1.20780
1.19985
1.20229
1.17951
1.12472
1.22927
1.25039
1.21458
1.17003
1.23883
1.24640
1.17961
1.21263
1.17056
1.16832
1.18401
1.14534
1.20129
1.16525
1.23555
1.26466
1.22751
1.11332
1.21354
1.20581
1.18653
1.18827
1.13603
1.19631
1.23768
1.22617
1.18823
1.18054
1.15530
1.14943
1.28178
1.11959
1.19316
1.17348
1.15326
1.25866
1.19801
1.16390
1.15351
1.25608
1.26826
1.20527
1.17315
1.19453
1.24583
1.21659
1.18981
1.21946
1.21428
1.17022
1.24983
1.18450
1.16533
1.19345
1.14852
1.08309
1.19075
1.12945
1.29320
1.16704
1.15040
1.16866
1.20165
1.22414
1.21021
1.17124
1.19677
1.19650
1.13828
1.17557
1.25525
1.23924
1.15761
1.17173
1.17348
1.12347
1.20518
1.20447
1.27719
1.16638
1.12472
1.20527
1.11580
1.18772
1.25060
1.16416
1.23454
1.17205
1.14602
1.19649
1.24962
1.16760
1.29147
1.18791
1.17839
1.16650
1.21006
1.24656
1.19849
1.21563
1.17966
1.18275
1.24820
1.25526
1.13675
1.18883
1.28982
1.24340
1.26079
1.21612
1.21188
1.23552
1.13747
1.15331
1.29599
1.24297
1.20003
1.18461
1.20833
1.22727
1.08345
1.19120
1.26025
1.21998
1.22183
1.17557
1.17862
1.19128
1.21990
1.27041
1.20692
1.25408
1.21502
1.17488
1.18524
1.21497
1.20511
1.25718
1.21530
1.16251
1.25358
1.10366
1.19301
1.19271
1.19480
1.18993
1.17692
1.14935
1.23788
1.19505
1.18296
1.18127
1.23778
1.21243
1.12772
1.15364
1.23832
1.18212
1.19770
1.21555
1.21214
1.15505
1.29070
1.26334
1.20772
1.21868
1.17277
1.28441
1.15679
1.23130
1.13709
1.25511
1.21733
1.20893
1.26113
1.10003
1.17231
1.20174
1.24151
1.20609
1.17373
1.22674
1.22267
1.13873
1.16036
1.19296
1.16778
1.23244
1.13250
1.21125
1.21386
1.21900
1.14151
1.14383
1.26343
1.17101
1.13448
1.19045
1.16455
1.18669
1.15847
1.16724
1.22354
1.20875
1.18908
1.36242
1.20518
1.19195
1.25805
1.17877
1.18600
1.15084
1.17374
1.29302
1.28238
1.23335
1.15970
1.20450
1.22112
1.20210
1.20183
1.17055
1.14975
1.19697
1.15152
1.16374
1.18780
1.12331
1.22403
1.11014
1.14099
1.22160
1.16238
1.19558
1.23579
1.27095
1.14060
1.18127
1.19510
1.17284
1.15247
1.19856
1.22608
1.15830
1.17085
1.21452
1.27593
1.23279
1.21413
1.22581
1.17599
1.16755
1.17034
1.18950
1.22488
1.25083
1.21893
1.22513
1.21621
1.19923
1.13496
1.21750
1.12752
1.19707
1.17349
1.19666
1.22741
1.26625
1.21470
1.15974
1.19587
1.16896
1.17956
1.15112
1.24798
1.18469
1.23344
1.14230
1.22821
1.20104
1.16188
1.24427
1.19284
1.14738
1.22116
1.16305
1.20977
1.27591
1.15788
1.16130
1.17840
1.21362
1.18352
1.16204
1.18210
1.19361
1.20713
1.25226
1.17731
1.21559
1.11475
1.21470
1.18533
1.19399
1.13698
1.24799
1.28570
1.15282
1.12702
1.14751
1.17017
1.19899
1.16328
1.22557
1.16070
1.18064
1.16637
1.20248
1.23311
1.23652
1.14201
1.14894
1.20401
1.19146
1.20483
1.20575
1.11763
1.17164
1.17877
1.20011
1.18467
1.19166
1.21284
1.14746
1.15506
1.10956
1.23702
1.18602
1.22448
1.21547
1.24396
1.17649
1.17218
1.16010
1.19799
1.22695
1.10423
1.14712
1.24751
1.15967
1.16956
1.14790
1.23508
1.16873
1.12145
1.22917
1.22778
1.17633
1.20954
1.27564
1.23451
1.20097
1.15729
1.07763
1.14613
1.14573
1.13957
1.19144
1.17068
1.17006
1.16783
1.10033
1.18554
1.14380
1.21294
1.13604
1.22852
1.18882
1.17420
1.19504
1.24037
1.08297
1.17177
1.22870
1.14396
1.19817
1.18700
1.25664
1.24146
1.23890
1.18393
1.14537
1.23051
1.20745
1.16654
1.12565
1.20879
1.20121
1.17319
1.20906
1.15292
1.22066
1.21520
1.08981
1.11965
1.14397
1.20163
1.18709
1.22165
1.26784
1.12340
1.20711
1.17411
1.21179
1.17575
1.18398
1.21773
1.18979
1.24235
1.13095
1.16856
1.24541
1.15877
1.15735
1.21021
1.16822
1.22430
1.28795
1.12745
1.18301
1.17102
1.21502
1.17171
1.24498
1.15760
1.16495
1.14924
1.12552
1.21196
1.11324
1.17392
1.14808
1.21820
1.14371
1.17160
1.21588
1.18224
1.18090
1.18483
1.17146
1.13930
1.16514
1.19307
1.16880
1.12739
1.20586
1.17415
1.12200
1.27439
1.20671
1.10215
1.17999
1.22358
1.11442
1.14616
1.12762
1.19369
1.09599
1.18093
1.20010
1.19060
1.23413
1.22960
1.21839
1.13353
1.22156
1.22057
1.18529
1.12551
1.17513
1.13103
1.13006
1.19628
1.19729
1.21007
1.24572
1.21537
1.19598
1.14758
1.14388
1.22019
1.19136
1.19015
1.17800
1.15835
1.21862
1.10228
1.20451
1.20927
1.20213
1.19161
1.13573
1.17645
1.21997
1.24193
1.15722
1.12402
1.21929
1.21598
1.12728
1.16307
1.19860
1.23072
1.16125
1.16191
1.11138
1.16911
1.17965
1.13733
1.16255
1.17550
1.15727
1.19625
1.15007
1.15183
1.17160
1.17806
1.17135
1.19241
1.14607
1.17240
1.19496
1.23826
1.22828
1.16387
1.25390
1.16015
1.25571
1.14135
1.22603
1.13307
1.16694
1.10042
1.24394
1.22007
1.19337
1.23242
1.17760
1.09273
1.10298
1.14668
1.16791
1.17538
1.17219
1.13506
1.20527
1.23073
1.13150
1.15890
1.18210
1.14059
1.21038
1.16341
1.22432
1.22023
1.20353
1.11680
1.17993
1.12198
1.23758
1.16666
1.15077
1.28432
1.19968
1.20252
1.26580
1.22071
1.13977
1.17105
1.22008
1.19664
1.21708
1.24182
1.17034
1.18556
1.16206
1.18067
1.19125
1.14600
1.16089
1.25438
1.22666
1.16828
1.16582
1.16938
1.14541
1.15485
1.14447
1.11497
1.12468
1.16666
1.16886
1.20602
1.17872
1.19441
1.16278
1.24229
1.08060
1.11719
1.15632
1.29912
1.16136
1.16418
1.15287
1.17400
1.21848
1.15196
1.13635
1.10220
1.17091
1.18625
1.14446
1.17600
1.20142
1.18784
1.21029
1.17858
1.13719
1.15855
1.21131
1.15003
1.23398
1.22133
1.25450
1.20008
1.16491
1.17096
1.15300
1.14181
1.22205
1.11781
1.23236
1.19662
1.15256
1.16512
1.17276
1.15039
1.16742
1.22975
1.14283
1.23067
1.16576
1.14814
1.19334
1.22210
1.14837
1.15284
1.25983
1.20311
1.27537
1.16617
1.17685
1.14780
1.23118
1.16689
1.13887
1.09924
1.20118
1.15149
1.17199
1.19621
1.18112
1.13156
1.15974
1.18870
1.17712
1.12247
1.22621
1.20093
1.15895
1.07720
1.20850
1.19044
1.14987
1.30143
1.23468
1.15124
1.16466
1.16903
1.23415
1.11552
1.22859
1.19801
1.16259
1.16732
1.14260
1.19089
1.10708
1.24766
1.16646
1.12245
1.19347
1.19210
1.18622
1.18938
1.24268
1.16902
1.27773
1.15914
1.16233
1.19807
1.17979
1.21993
1.16011
1.11468
1.15121
1.18076
1.18502
1.08189
1.11584
1.11841
1.17448
1.14237
1.21099
1.18130
1.25601
1.10913
1.21872
1.18712
1.22851
1.13006
1.15457
1.22738
1.16363
1.15461
1.26710
1.20338
1.14783
1.19442
1.17885
1.19193
1.11644
1.15200
1.22771
1.16077
1.21840
1.22450
1.14146
1.17533
1.19175
1.18226
1.17468
1.18050
1.25035
1.19301
1.20794
1.08603
1.15400
1.17750
1.12158
1.17573
1.16283
1.17700
1.17115
1.18823
1.19335
1.18620
1.12003
1.12916
1.17116
1.10507
1.17648
1.15253
1.23233
1.11006
1.12328
1.16664
1.16662
1.20249
1.21913
1.13192
1.12344
1.12291
1.24592
1.25713
1.11106
1.08680
1.15439
1.23191
1.17432
1.18698
1.19538
1.08079
1.18236
1.14051
1.15215
1.18547
1.15315
1.19506
1.15468
1.14094
1.18016
1.20432
1.21726
1.15912
1.12932
1.18872
1.17332
1.18720
1.10862
1.19539
1.10758
1.09007
1.14938
1.16133
1.21436
1.16524
1.14508
1.14867
1.19309
1.19774
1.26700
1.15824
1.25058
1.11420
1.24542
1.19814
1.15343
1.21032
1.16462
1.22618
1.16551
1.11467
1.22808
1.16286
1.17619
1.12108
1.15190
1.19102
1.22227
1.15483
1.15974
1.19313
1.17990
1.17650
1.17868
1.17745
1.22349
1.12228
1.20339
1.18454
1.13660
1.25827
1.21965
1.17985
1.13660
1.19455
1.21757
1.12564
1.15037
1.20078
1.14054
1.22838
1.15810
1.13568
1.20214
1.19125
1.16481
1.14110
1.20396
1.18687
1.18468
1.22063
1.14409
1.13808
1.15371
1.21762
1.19259
1.17919
1.20646
1.15981
1.18157
1.20689
1.17740
1.16532
1.18017
1.22963
1.17333
1.11140
1.14875
1.15696
1.13504
1.14529
1.22660
1.16364
1.12167
1.12458
1.12966
1.16626
1.16537
1.17181
1.13257
1.11716
1.16308
1.11792
1.13793
1.17972
1.27018
1.19854
1.20205
1.21198
1.16386
1.23344
1.17051
1.21074
1.16540
1.16721
1.15745
1.13753
1.17263
1.16809
1.14874
1.11099
1.11940
1.10528
1.09584
1.15630
1.17462
1.21822
1.18558
1.17050
1.22751
1.19858
1.16580
1.16891
1.14886
1.22199
1.09990
1.15053
1.19418
1.23927
1.14759
1.15902
1.19571
1.25938
1.20444
1.19490
1.19526
1.20171
1.13352
1.14363
1.22148
1.17115
1.18440
1.20439
1.15563
1.13434
1.21390
1.22657
1.17067
1.27025
1.17864
1.15659
1.08860
1.18806
1.25026
1.10352
1.22202
1.27060
1.14724
1.14781
1.16579
1.16078
1.14266
1.15175
1.27955
1.19273
1.15529
1.11609
1.11429
1.20180
1.20252
1.23966
1.22721
1.16460
1.17552
1.21818
1.22732
1.21201
1.14770
1.27295
1.16870
1.15312
1.17034
1.19856
1.11487
1.18719
1.20506
1.11653
1.17817
1.13930
1.13034
1.13603
1.20763
1.15702
1.13891
1.14799
1.23159
1.15387
1.23948
1.14278
1.17163
1.12241
1.18644
1.13742
1.18398
1.19344
1.17528
1.14888
1.16939
1.16397
1.12046
1.15743
1.18904
1.16491
1.27432
1.14996
1.12474
1.16523
1.17699
1.16854
1.23726
1.26686
1.10515
1.21691
1.20484
1.15214
1.22062
1.20492
1.14311
1.12932
1.12796
1.12365
1.16112
1.22679
1.12955
1.17530
1.15334
1.13088
1.18311
1.17280
1.22970
1.14719
1.16008
1.10455
1.19879
1.20472
1.15623
1.17153
1.15943
1.13541
1.26092
1.19835
1.19839
1.10291
1.19434
1.15159
1.17773
1.12018
1.19418
1.07719
1.13222
1.21257
1.19672
1.08451
1.14005
1.15733
1.14898
1.16100
1.18243
1.19845
1.26340
1.12901
1.15542
1.17031
1.24032
1.16365
1.11620
1.13092
1.15265
1.20136
1.15820
1.23157
1.18577
1.12415
1.10915
1.14572
1.17109
1.19499
1.18554
1.11810
1.15373
1.19727
1.18189
1.28028
1.13030
1.12233
1.14185
1.16937
1.21671
1.26472
1.16101
1.20953
1.17109
1.20675
1.20195
1.11824
1.20695
1.19885
1.21334
1.16373
1.20483
1.20803
1.15604
1.18489
1.24339
1.14295
1.21915
1.22920
1.22682
1.23818
1.17271
1.12973
1.13319
1.18882
1.14834
1.20249
1.18590
1.18821
1.19651
1.21661
1.21157
1.18706
1.24735
1.20183
1.16103
1.19072
1.15378
1.12397
1.24080
1.13717
1.20545
1.17821
1.11875
1.17983
1.20587
1.14527
1.25280
1.18812
1.14518
1.12079
1.20970
1.17151
1.18668
1.20351
1.13216
1.20460
1.18316
1.13130
1.09956
1.13739
1.14275
1.16476
1.16911
1.09064
1.10954
1.16101
1.18047
1.15830
1.14828
1.13075
1.16841
1.14203
1.15375
1.23689
1.15047
1.17985
1.14514
1.16397
1.17898
1.26775
1.13989
1.17146
1.23977
1.19259
1.22262
1.15114
1.12703
1.17010
1.17331
1.15235
1.09818
1.21590
1.18289
1.17096
1.14264
1.10614
1.16130
1.13981
1.17355
1.11465
1.14166
1.17499
1.16769
1.18905
1.22432
1.19803
1.18279
1.15169
1.19289
1.18685
1.16501
1.14662
1.21718
1.14986
1.14911
1.16871
1.24408
1.09433
1.16694
1.16973
1.15640
1.16492
1.12150
1.15042
1.14850
1.15496
1.14030
1.16573
1.18693
1.15479
1.15824
1.20042
1.18465
1.13780
1.16864
1.15090
1.09477
1.13328
1.22294
1.16592
1.06087
1.16083
1.11986
1.16673
1.12419
1.10426
1.14478
1.20625
1.18212
1.13795
1.22962
1.18435
1.20446
1.13035
1.13733
1.21717
1.15423
1.15305
1.16652
1.11762
1.17392
1.15313
1.18807
1.23156
1.12640
1.14219
1.21438
1.18927
1.19960
1.25974
1.08919
1.17474
1.14816
1.14204
1.19898
1.08523
1.19506
1.16684
1.16587
1.21487
1.14808
1.11919
1.17344
1.18520
1.07830
1.20477
1.23510
1.18238
1.12894
1.17748
1.19257
1.12603
1.16752
1.19449
1.19890
1.16336
1.12584
1.16134
1.15320
1.21195
1.19126
1.13785
1.10800
1.26700
1.13485
1.21245
1.21537
1.16911
1.14960
1.17426
1.15997
1.18898
1.12922
1.13612
1.14308
1.15060
1.19024
1.12000
1.17067
1.16297
1.28461
1.11989
1.21802
1.15433
1.14293
1.21596
1.17036
1.10119
1.16562
1.25793
1.13854
1.23365
1.16202
1.15027
1.21400
1.09349
1.19943
1.22675
1.16806
1.16751
1.21810
1.23427
1.15645
1.17732
1.15184
1.15278
1.13034
1.18737
1.15181
1.10326
1.24554
1.11558
1.19752
1.22249
1.20756
1.25990
1.16588
1.22802
1.15588
1.18109
1.21437
1.12024
1.14673
1.16607
1.19170
1.16991
1.10637
1.15063
1.11569
1.17984
1.18080
1.12783
1.09334
1.15437
1.17309
1.19243
1.13043
1.21759
1.17037
1.14912
1.17686
1.18250
1.13609
1.19643
1.13306
1.19114
1.18025
1.17361
1.17783
1.17110
1.11863
1.16539
1.09735
1.14602
1.17559
1.18862
1.10391
1.24297
1.11320
1.18647
1.17205
1.15763
1.18238
1.12352
1.14520
1.15085
1.19140
1.11619
1.21818
1.23239
1.22537
1.19308
1.11290
1.23492
1.09435
1.13597
1.11716
1.16017
1.14182
1.13679
1.14992
1.17824
1.14270
1.16534
1.10019
1.17173
1.16748
1.14500
1.12208
1.24596
1.18051
1.16751
1.12656
1.13133
1.13122
1.21404
1.22840
1.15354
1.14703
1.16509
1.15591
1.16785
1.17526
1.10180
1.16362
1.22178
1.16353
1.15665
1.15757
1.15537
1.17244
1.18914
1.09574
1.15546
1.17410
1.20112
1.18722
1.15158
1.12808
1.13524
1.21182
1.19389
1.13348
1.21017
1.15305
1.16190
1.13654
1.21310
1.18254
1.13715
1.16393
1.12696
1.22752
1.21766
1.20131
1.20155
1.15776
1.19574
1.15088
1.12394
1.14601
1.13869
1.13881
1.07968
1.14725
1.12173
1.15003
1.16459
1.19804
1.23368
1.12761
1.10129
1.18216
1.09933
1.22079
1.12673
1.18237
1.09802
1.18713
1.13405
1.20899
1.11252
1.18555
1.17142
1.12682
1.12369
1.14361
1.18064
1.13998
1.15061
1.20253
1.10264
1.15376
1.15446
1.16414
1.14394
1.13799
1.14284
1.12685
1.10636
1.16936
1.17889
1.18230
1.19944
1.19824
1.18804
1.16004
1.16608
1.24095
1.17188
1.15943
1.19124
1.16043
1.20462
1.13704
1.19571
1.21617
1.07427
1.19005
1.17575
1.08999
1.15142
1.22388
1.18180
1.12300
1.14793
1.17046
1.18525
1.17100
1.17612
1.14838
1.20146
1.20191
1.12542
1.20071
1.09192
1.15863
1.14220
1.14330
1.14204
1.17580
1.15283
1.12466
1.11424
1.11992
1.25959
1.18042
1.11101
1.17097
1.12042
1.12224
1.13427
1.11570
1.18211
1.10522
1.18492
1.22419
1.13696
1.14344
1.23352
1.25871
1.14505
1.12606
1.14417
1.13850
1.12953
1.23489
1.13382
1.11421
1.17096
1.16820
1.16198
1.12820
1.18450
1.15012
1.15843
1.12127
1.16056
1.17602
1.17855
1.14543
1.16859
1.18023
1.12873
1.19100
1.24737
1.12686
1.15640
1.16657
1.18814
1.18922
1.14632
1.15277
1.23029
1.14487
1.10553
1.09083
1.14084
1.05895
1.13849
1.15194
1.13787
1.16960
1.08789
1.12509
1.09294
1.18330
1.18114
1.06880
1.18585
1.12177
1.19777
1.19217
1.17228
1.17442
1.16968
1.16740
1.14562
1.09536
1.17070
1.15636
1.12075
1.14256
1.16108
1.20829
1.13925
1.14103
1.12450
1.13503
1.21052
1.20888
1.19778
1.09657
1.22483
1.13810
1.17486
1.15899
1.13224
1.19783
1.21100
1.14719
1.15614
1.23960
1.13325
1.12736
1.19119
1.12780
1.07196
1.18834
1.14338
1.15323
1.16142
1.25990
1.17526
1.15616
1.13274
1.12483
1.15067
1.14030
1.14463
1.14356
1.12935
1.21412
1.15767
1.27280
1.21834
1.18934
1.12731
1.15112
1.19742
1.11654
1.07891
1.12089
1.09568
1.20000
1.19468
1.19341
1.19853
1.27755
1.15736
1.16248
1.13423
1.17240
1.11266
1.23812
1.20790
1.23385
1.12869
1.17253
1.18637
1.13888
1.12715
1.18164
1.19112
1.17151
1.21286
1.10710
1.14964
1.14579
1.13518
1.14443
1.21177
1.20994
1.15377
1.04956
1.13614
1.18582
1.16973
1.14872
1.14233
1.13576
1.15265
1.20741
1.14423
1.17340
1.26677
1.20097
1.20829
1.21737
1.15952
1.16364
1.13723
1.18606
1.15616
1.20445
1.17275
1.13489
1.19071
1.16444
1.14718
1.18680
1.22890
1.16847
1.11511
1.12839
1.16950
1.19658
1.15841
1.13113
1.14101
1.15722
1.19703
1.12862
1.18131
1.20231
1.15427
1.14125
1.15722
1.19869
1.24940
1.18114
1.12859
1.22693
1.18314
1.19078
1.17358
1.13336
1.18335
1.19595
1.13713
1.13077
1.11600
1.12804
1.19055
1.09566
1.13766
1.15545
1.15299
1.14116
1.16232
1.14924
1.20904
1.12534
1.20116
1.10539
1.19714
1.25968
1.22277
1.12237
1.19648
1.14482
1.17309
1.10828
1.19115
1.23276
1.18717
1.19780
1.16687
1.26454
1.14103
1.19700
1.14028
1.20221
1.11078
1.20054
1.10636
1.11767
1.10198
1.12597
1.17103
1.21590
1.20668
1.12509
1.18085
1.18389
1.17710
1.17893
1.16678
1.18424
1.11242
1.10467
1.12092
1.14225
1.16233
1.12819
1.26615
1.15704
1.17571
1.17461
1.11082
1.15977
1.14482
1.20136
1.17827
1.12763
1.13846
1.14327
1.09524
1.14251
1.14725
1.17625
1.18365
1.11585
1.10895
1.12227
1.16115
1.22411
1.19686
1.19169
1.14968
1.12613
1.11377
1.15678
1.08949
1.10048
1.19443
1.14602
1.12541
1.14288
1.19643
1.14712
1.16186
1.20252
1.14915
1.10737
1.20011
1.18718
1.13501
1.13140
1.13321
1.12959
1.19781
1.12899
1.14807
1.11429
1.22081
1.10887
1.18552
1.11774
1.18988
1.14010
1.16341
1.17879
1.15309
1.18153
1.15400
1.11081
1.16823
1.11835
1.14244
1.14302
1.19087
1.15839
1.13376
1.13408
1.15448
1.19548
1.13681
1.15768
1.11132
1.10578
1.25893
1.12909
1.19665
1.17524
1.17436
1.17837
1.16612
1.15007
1.12038
1.16064
1.19949
1.19161
1.10022
1.16986
1.16480
1.12792
1.18724
1.15553
1.15623
1.18118
1.12864
1.14077
1.15710
1.16250
1.16668
1.21343
1.13683
1.14553
1.13312
1.23164
1.09222
1.17482
1.13356
1.15912
1.11906
1.13133
1.20791
1.05759
1.11688
1.14202
1.10054
1.12976
1.10689
1.14203
1.12936
1.12349
1.13483
1.15367
1.14622
1.11831
1.16123
1.15085
1.10648
1.14450
1.17652
1.09792
1.14749
1.13672
1.16821
1.13566
1.12759
1.26183
1.17682
1.17348
1.14715
1.16802
1.23251
1.11825
1.17679
1.11103
1.11101
1.14300
1.22936
1.12083
1.12046
1.18540
1.15911
1.17466
1.11202
1.25736
1.10970
1.10749
1.23239
1.17212
1.18190
1.19092
1.13852
1.08793
1.13461
1.25453
1.15685
1.17233
1.21471
1.19166
1.10450
1.18077
1.15125
1.25550
1.16552
1.22690
1.17332
1.11841
1.21353
1.14385
1.09923
1.13849
1.21340
1.27208
1.17283
1.18622
1.14360
1.14421
1.19565
1.17431
1.19994
1.09549
1.18135
1.16922
1.12417
1.12347
1.13629
1.10442
1.20677
1.14751
1.20133
1.18668
1.17772
1.17851
1.13917
1.13987
1.18697
1.14226
1.19013
1.11844
1.11560
1.14946
1.09394
1.17774
1.14823
1.11598
1.15673
1.17531
1.16983
1.13454
1.17675
1.18728
1.15867
1.14857
1.17807
1.20133
1.11937
1.12211
1.11552
1.13796
1.16991
1.17748
1.16742
1.16242
1.12410
1.13090
1.14735
1.15208
1.19895
1.13753
1.22319
1.15982
1.14789
1.10239
1.17058
1.18745
1.13618
1.22344
1.18139
1.15786
1.24770
1.22281
1.13540
1.16652
1.23558
1.15880
1.15164
1.08722
1.14302
1.11110
1.12631
1.19142
1.24700
1.20588
1.13158
1.19173
1.18186
1.21741
1.28797
1.20335
1.18426
1.13834
1.15414
1.14755
1.22198
1.14913
1.22361
1.15239
1.16477
1.12555
1.18498
1.07793
1.17899
1.19708
1.15666
1.12330
1.09930
1.09259
1.17266
1.17491
1.18540
1.22454
1.20398
1.12142
1.10851
1.17149
1.18354
1.10906
1.16094
1.17092
1.14401
1.19402
1.19491
1.24614
1.10801
1.13808
1.12146
1.12931
1.17330
1.11150
1.19793
1.08444
1.16204
1.20002
1.17706
1.17851
1.20455
1.12726
1.19643
1.16993
1.20467
1.18054
1.15726
1.14949
1.13509
1.20588
1.13023
1.14354
1.16664
1.19631
1.17852
1.17475
1.19553
1.13234
1.13016
1.08144
1.15803
1.15622
1.15908
1.13657
1.13046
1.15436
1.16333
1.10173
1.13789
1.20093
1.16039
1.18436
1.16602
1.14401
1.09110
1.19819
1.16795
1.13392
1.14460
1.14860
1.12722
1.15513
1.12065
1.16821
1.09030
1.17647
1.15798
1.13722
1.19487
1.14150
1.16087
1.15350
1.15321
1.14339
1.13500
1.11903
1.08662
1.12627
1.14693
1.18687
1.10029
1.14757
1.18440
1.17518
1.17960
1.22294
1.17127
1.07294
1.17133
1.14653
1.16965
1.19204
1.13179
1.18463
1.10213
1.16044
1.11473
1.09615
1.17263
1.17533
1.17158
1.16019
1.13079
1.22811
1.18832
1.16671
1.20404
1.16365
1.13245
1.13550
1.25133
1.13213
1.11892
1.14551
1.13764
1.16497
1.17552
1.13805
1.14655
1.14594
1.05929
1.13655
1.18329
1.14314
1.10662
1.10936
1.30361
1.20489
1.18918
1.14176
1.14900
1.18126
1.10436
1.12695
1.13211
1.16358
1.14939
1.08873
1.16764
1.17017
1.18830
1.16785
1.21770
1.15405
1.15782
1.17593
1.15323
1.20075
1.18533
1.15777
1.14739
1.16106
1.10221
1.21881
1.21882
1.19911
1.13782
1.12858
1.07867
1.11669
1.24597
1.22567
1.09764
1.16482
1.17055
1.16152
1.16088
1.16931
1.15084
1.14304
1.12446
1.20512
1.10095
1.11508
1.10475
1.15955
1.12131
1.15395
1.14034
1.12765
1.14167
1.17771
1.15915
1.15206
1.18848
1.25272
1.19750
1.17575
1.18098
1.19021
1.17693
1.09373
1.16288
1.17225
1.08857
1.10836
1.11321
1.07524
1.19409
1.15742
1.20420
1.24567
1.20944
1.14459
1.09173
1.09558
1.14186
1.16419
1.17326
1.16568
1.15702
1.17997
1.14592
1.16923
1.14161
1.16916
1.09310
1.14107
1.18393
1.12862
1.20665
1.11661
1.14951
1.17312
1.20109
1.12726
1.08173
1.21189
1.20726
1.13652
1.12256
1.12909
1.17621
1.16197
1.12509
1.17399
1.12340
1.27699
1.18463
1.16624
1.15415
1.14628
1.23623
1.19860
1.19545
1.10816
1.17208
1.19725
1.15355
1.11315
1.10747
1.09410
1.14301
1.16359
1.16221
1.23452
1.18120
1.16817
1.14669
1.13237
1.13110
1.14558
1.18739
1.12969
1.23226
1.12965
1.22655
1.08295
1.14482
1.17527
1.12781
1.11046
1.11921
1.11079
1.17969
1.10144
1.17312
1.09692
1.13335
1.05882
1.11945
1.04739
1.12381
1.14673
1.18432
1.19314
1.15904
1.21499
1.08508
1.13372
1.15040
1.11550
1.12164
1.07338
1.11963
1.16689
1.18457
1.17800
1.14058
1.22013
1.14380
1.17373
1.12618
1.17438
1.12893
1.12270
1.11968
1.13790
1.08946
1.07768
1.17871
1.11226
1.20746
1.14092
1.12836
1.14648
1.15118
1.16935
1.18588
1.10823
1.15503
1.14892
1.12323
1.14041
1.14702
1.12190
1.10299
1.15875
1.16503
1.11840
1.15300
1.12864
1.12070
1.19604
1.14432
1.14699
1.17917
1.09592
1.12718
1.15035
1.13710
1.08607
1.10225
1.11819
1.17122
1.12980
1.09315
1.15457
1.11540
1.15325
1.14324
1.13068
1.12841
1.09000
1.17039
1.16870
1.17675
1.14513
1.14214
1.09826
1.15092
1.12130
1.11911
1.14341
1.15426
1.12559
1.20175
1.11005
1.13730
1.17485
1.11858
1.11714
1.20310
1.18771
1.20003
1.22372
1.09232
1.16889
1.04670
1.10260
1.13443
1.15894
1.11650
1.15165
1.17482
1.10173
1.16133
1.19064
1.13196
1.08168
1.15115
1.17153
1.17200
1.20020
1.10678
1.18366
1.12326
1.08084
1.15737
1.12962
1.12282
1.14927
1.11356
1.16176
1.15976
1.13121
1.19056
1.16140
1.12470
1.14380
1.19683
1.14298
1.10462
1.10666
1.17457
1.11596
1.14175
1.20551
1.13064
1.13160
1.17703
1.13631
1.18995
1.16578
1.22656
1.16136
1.15998
1.16940
1.11594
1.11174
1.11767
1.13120
1.17164
1.15306
1.10973
1.21265
1.16677
1.17124
1.13572
1.18332
1.18375
1.11873
1.18254
1.12582
1.16935
1.18211
1.14972
1.20223
1.19512
1.18073
1.17893
1.16218
1.17839
1.18374
1.17438
1.21441
1.09853
1.14205
1.22796
1.12080
1.16245
1.12446
1.12016
1.18897
1.13293
1.14229
1.11163
1.14289
1.13131
1.17962
1.14322
1.13519
1.17262
1.16477
1.12233
1.14220
1.10570
1.17233
1.14345
1.12946
1.17670
1.17312
1.21171
1.12170
1.16072
1.16732
1.18057
1.15762
1.21740
1.14303
1.19656
1.15951
1.08973
1.10875
1.22601
1.18652
1.13911
1.20840
1.10334
1.12123
1.12868
1.10878
1.18186
1.20929
1.18356
1.12888
1.17840
1.18847
1.11367
1.15029
1.16516
1.16990
1.19958
1.13996
1.17856
1.16424
1.12497
1.17367
1.12107
1.14761
1.11849
1.16099
1.16378
1.21085
1.20118
1.14536
1.15064
1.21782
1.10701
1.11702
1.12914
1.17585
1.11866
1.09788
1.07464
1.17130
1.05289
1.12914
1.21082
1.12517
1.19955
1.17947
1.13808
1.14674
1.12400
1.12832
1.11997
1.12301
1.18475
1.16929
1.29837
1.16128
1.20065
1.09572
1.17105
1.10631
1.09334
1.15555
1.13408
1.19443
1.18011
1.15756
1.18651
1.09916
1.16205
1.13460
1.14864
1.14105
1.09315
1.17143
1.13478
1.11684
1.12673
1.15713
1.11108
1.10615
1.22313
1.21339
1.15606
1.15724
1.15818
1.21719
1.12620
1.15505
1.12212
1.10223
1.18736
1.19487
1.12762
1.19405
1.14937
1.14595
1.14399
1.09480
1.21789
1.11037
1.16093
1.18055
1.21280
1.18990
1.18420
1.11306
1.17200
1.14426
1.14892
1.14280
1.12558
1.19428
1.19325
1.18651
1.11725
1.18405
1.14390
1.18128
1.16433
1.14051
1.11507
1.17449
1.14408
1.14512
1.10182
1.13513
1.13278
1.15167
1.15461
1.15057
1.12391
1.18706
1.19152
1.23609
1.08446
1.09458
1.12382
1.17852
1.16553
1.10319
1.16907
1.10846
1.13746
1.16954
1.16836
1.17041
1.11568
1.14460
1.12196
1.14858
1.09076
1.11414
1.19630
1.12762
1.12029
1.20235
1.20893
1.17985
1.11761
1.08299
1.15269
1.17649
1.18856
1.13009
1.11477
1.08011
1.18436
1.10399
1.17853
1.21159
1.10426
1.14607
1.19369
1.17057
1.13492
1.21405
1.16071
1.16889
1.14887
1.13634
1.26065
1.13569
1.19238
1.16052
1.13960
1.14829
1.20136
1.12607
1.15757
1.14732
1.07961
1.23010
1.14907
1.16544
1.10006
1.15989
1.14316
1.11379
1.12907
1.14118
1.20928
1.19906
1.21651
1.14405
1.15372
1.19556
1.15451
1.19547
1.23060
1.13381
1.16332
1.12962
1.14979
1.15155
1.08737
1.13045
1.13473
1.10805
1.14092
1.10808
1.12335
1.10167
1.20054
1.13649
1.14519
1.12353
1.15595
1.16962
1.13248
1.22879
1.18997
1.18012
1.22119
1.20316
1.15636
1.15030
1.09418
1.06064
1.13463
1.16719
1.23796
1.11942
1.15731
1.10987
1.11368
1.11000
1.11079
1.12637
1.15899
1.18745
1.16897
1.12633
1.19559
1.11383
1.15936
1.14929
1.16874
1.18533
1.18909
1.12776
1.16846
1.14155
1.19240
1.17383
1.12820
1.15004
1.14409
1.09721
1.18037
1.12751
1.16171
1.16960
1.14973
1.10827
1.28907
1.15296
1.20943
1.08483
1.24287
1.10074
1.15615
1.11045
1.16560
1.10676
1.15183
1.10772
1.12560
1.18342
1.19150
1.17700
1.14402
1.17899
1.12861
1.10527
1.17531
1.17900
1.19039
1.17982
1.13761
1.11790
1.09871
1.15421
1.19123
1.15093
1.11666
1.11199
1.12735
1.12642
1.14296
1.15588
1.13126
1.19906
1.12682
1.21868
1.12575
1.16712
1.13950
1.17660
1.15815
1.11823
1.14150
1.19642
1.20238
1.16606
1.14639
1.10171
1.06330
1.18461
1.13671
1.12775
1.13731
1.10277
1.17045
1.17601
1.11304
1.16772
1.21755
1.18756
1.14245
1.22468
1.13721
1.19962
1.16835
1.14001
1.12576
1.14458
1.14049
1.16073
1.16829
1.15449
1.17966
1.12137
1.11283
1.20241
1.16247
1.15211
1.14939
1.18797
1.20783
1.12156
1.19435
1.18739
1.10943
1.08278
1.12433
1.14684
1.13348
1.12945
1.10901
1.14474
1.16687
1.12196
1.09912
1.20776
1.13523
1.13427
1.20101
1.09732
1.15682
1.15419
1.12320
1.16997
1.11738
1.20174
1.18709
1.16082
1.15147
1.13241
1.15875
1.16715
1.16697
1.20126
1.24429
1.13997
1.15030
1.12830
1.15080
1.16617
1.19418
1.10182
1.12795
1.09129
1.18568
1.16707
1.12551
1.12594
1.19449
1.15158
1.16609
1.16319
1.18251
1.13979
1.14864
1.15317
1.18761
1.11595
1.17433
1.11281
1.11193
1.11925
1.16821
1.08580
1.12489
1.14451
1.17529
1.22295
1.15136
1.20789
1.20180
1.17583
1.13195
1.16433
1.16634
1.14766
1.14543
1.17996
1.17098
1.19265
1.22227
1.14647
1.10111
1.08864
1.18226
1.15096
1.14315
1.18029
1.09601
1.18414
1.19133
1.16290
1.19194
1.14204
1.17687
1.10677
1.13926
1.17604
1.10509
1.14106
1.16096
1.12064
1.11501
1.16442
1.16026
1.11828
1.22276
1.13586
1.16566
1.22399
1.17185
1.14057
1.15871
1.17230
1.14408
1.17601
1.15924
1.08675
1.18257
1.16534
1.17406
1.11611
1.12450
1.17954
1.18666
1.19488
1.11847
1.16242
1.13540
1.11061
1.14831
1.12574
1.11092
1.18025
1.09360
1.10669
1.13524
1.14967
1.20904
1.12909
1.10659
1.25593
1.09545
1.18310
1.13150
1.13869
1.12633
1.11117
1.21944
1.13865
1.13243
1.11486
1.18963
1.08159
1.14839
1.10328
1.14025
1.10071
1.14127
1.12468
1.19003
1.15670
1.17292
1.19083
1.15691
1.20912
1.19690
1.16464
1.10807
1.11959
1.08891
1.11793
1.15283
1.14269
1.21080
1.09274
1.14563
1.12573
1.12207
1.13672
1.13958
1.10384
1.08957
1.11489
1.13637
1.13835
1.10952
1.21664
1.16557
1.14911
1.14436
1.15187
1.11956
1.13542
1.22451
1.13853
1.12602
1.23150
1.12907
1.16493
1.12761
1.17431
1.12313
1.15618
1.14794
1.16682
1.13941
1.15223
1.14647
1.13669
1.24813
1.15093
1.18517
1.14996
1.12994
1.15674
1.16338
1.14012
1.21094
1.14321
1.17064
1.11019
1.11879
1.15011
1.20576
1.22212
1.16111
1.16245
1.11790
1.19261
1.14113
1.15796
1.14043
1.18825
1.16812
1.16956
1.20239
1.13267
1.13389
1.07885
1.09944
1.09274
1.20611
1.23521
1.15400
1.10372
1.19097
1.11568
1.12611
1.17641
1.17453
1.12031
1.16339
1.17483
1.18904
1.06525
1.11604
1.17438
1.15905
1.14106
1.10306
1.14684
1.13389
1.14625
1.14304
1.18956
1.17332
1.13482
1.13350
1.17255
1.14924
1.15424
1.13994
1.14434
1.12921
1.16456
1.19765
1.18352
1.17729
1.10542
1.13447
1.18896
1.12351
1.09707
1.16876
1.17779
1.10709
1.12850
1.20302
1.21620
1.18866
1.15551
1.13776
1.15067
1.17643
1.17513
1.11287
1.19108
1.14069
1.13858
1.12916
1.14066
1.14345
1.10375
1.11304
1.17480
1.12721
1.13748
1.22602
1.22453
1.15921
1.14834
1.18220
1.16504
1.13326
1.17606
1.10557
1.11865
1.10549
1.12052
1.21628
1.14229
1.12313
1.17415
1.14677
1.10899
1.08515
1.10810
1.17333
1.11933
1.12677
1.09994
1.16911
1.15762
1.10240
1.20941
1.06771
1.15063
1.16627
1.19348
1.14659
1.15343
1.08918
1.10563
1.13096
1.11319
1.08285
1.14460
1.15519
1.14633
1.16810
1.22036
1.11636
1.14575
1.17665
1.10897
1.12722
1.19232
1.13967
1.12954
1.11610
1.19465
1.18689
1.21967
1.18213
1.18391
1.15702
1.11018
1.23689
1.16428
1.14876
1.16771
1.25265
1.10655
1.11159
1.20183
1.12547
1.11852
1.19484
1.12053
1.13169
1.16680
1.09992
1.12812
1.17340
1.10242
1.13661
1.11099
1.16274
1.23654
1.19511
1.12942
1.17069
1.12427
1.17104
1.14163
1.17999
1.16441
1.20672
1.14514
1.17597
1.13874
1.11317
1.13204
1.12891
1.18393
1.14009
1.14114
1.13178
1.13896
1.09613
1.12666
1.10143
1.17684
1.18694
1.08662
1.11164
1.10547
1.14695
1.13915
1.12154
1.09958
1.16844
1.13464
1.21195
1.14940
1.15370
1.16152
1.18990
1.16771
1.14798
1.10440
1.12162
1.10378
1.15122
1.14026
1.15556
1.14837
1.20817
1.13106
1.20192
1.11069
1.15138
1.17857
1.13882
1.06854
1.11844
1.13579
1.13873
1.14796
1.12146
1.08834
1.14437
1.11503
1.15010
1.10770
1.13970
1.19486
1.18251
1.12935
1.16735
1.14591
1.16241
1.15315
1.10199
1.16614
1.12631
1.15728
1.11997
1.15745
1.18146
1.18279
1.16745
1.14594
1.16932
1.16180
1.16308
1.18823
1.15566
1.17077
1.13204
1.16293
1.06332
1.13653
1.14418
1.13774
1.10239
1.13795
1.14723
1.14651
1.13285
1.16877
1.21249
1.11789
1.12573
1.14941
1.12303
1.18230
1.14303
1.16254
1.21147
1.10968
1.19346
1.15751
1.21900
1.06133
1.07014
1.12062
1.22055
1.20581
1.15948
1.13657
1.23631
1.11667
1.18030
1.14995
1.17584
1.10079
1.13551
1.16433
1.13562
1.14179
1.12120
1.13654
1.13419
1.19174
1.17580
1.15504
1.13780
1.09467
1.21877
1.11943
1.15219
1.13303
1.19321
1.12449
1.16644
1.16526
1.17619
1.19003
1.16448
1.10557
1.13006
1.19199
1.12975
1.18729
1.13592
1.15516
1.14132
1.18553
1.13290
1.10570
1.13329
1.13801
1.14925
1.11190
1.15197
1.14009
1.14909
1.11637
1.18368
1.20438
1.18624
1.21131
1.13291
1.13955
1.18122
1.21365
1.10849
1.18024
1.14444
1.13194
1.15774
1.13805
1.12587
1.26819
1.11258
1.12721
1.13651
1.18000
1.19768
1.11270
1.14330
1.15626
1.18223
1.11578
1.14095
1.13546
1.11438
1.19053
1.15502
1.14848
1.14901
1.13926
1.18868
1.11851
1.04610
1.08590
1.19058
1.15032
1.16677
1.12492
1.11553
1.18816
1.10389
1.09679
1.17856
1.15347
1.18164
1.15008
1.15100
1.25478
1.10707
1.15540
1.09983
1.13509
1.12976
1.20301
1.09895
1.13209
1.11088
1.12867
1.09413
1.13330
1.06581
1.20421
1.15865
1.11105
1.16598
1.22272
1.19547
1.16182
1.13611
1.15140
1.16096
1.17906
1.17070
1.13648
1.09862
1.15306
1.12177
1.15078
1.14967
1.15606
1.13382
1.17001
1.13499
1.14351
1.13643
1.16146
1.15788
1.14892
1.19730
1.05348
1.20410
1.09331
1.12547
1.20980
1.15934
1.14934
1.14191
1.13640
1.18310
1.17250
1.16436
1.11148
1.12847
1.11663
1.11492
1.07540
1.11987
1.22760
1.12305
1.17286
1.13573
1.09620
1.14063
1.12743
1.16357
1.16837
1.10661
1.12160
1.19835
1.09216
1.17895
1.15214
1.05960
1.12742
1.14256
1.13861
1.16316
1.15228
1.15080
1.13345
1.09078
1.22686
1.15112
1.13529
1.11016
1.18470
1.18833
1.19090
1.17303
1.15881
1.19091
1.09551
1.08216
1.17148
1.23632
1.19939
1.10017
1.15614
1.19484
1.15160
1.21103
1.14921
1.13203
1.16816
1.16538
1.16717
1.12080
1.13686
1.09249
1.16032
1.19129
1.15581
1.12671
1.13023
1.18726
1.12630
1.15782
1.13781
1.17292
1.16479
1.09524
1.13315
1.17216
1.17113
1.12286
1.12406
1.16781
1.14856
1.08964
1.21430
1.18595
1.13357
1.08025
1.15929
1.09052
1.17649
1.09800
1.22667
1.15822
1.11453
1.07756
1.12298
1.12340
1.13395
1.09422
1.21112
1.11416
1.15664
1.17163
1.26074
1.06788
1.15106
1.20659
1.11046
1.19786
1.09729
1.19731
1.13795
1.19206
1.17517
1.12149
1.09724
1.11791
1.18697
1.16515
1.16341
1.16346
1.12128
1.26793
1.15073
1.15388
1.17450
1.14316
1.16457
1.08517
1.11655
1.09868
1.21141
1.11915
1.20516
1.15769
1.17190
1.13706
1.14734
1.17188
1.12200
1.16610
1.18831
1.12530
1.18203
1.13219
1.10058
1.12704
1.15083
1.20171
1.14130
1.10393
1.19948
1.18672
1.16418
1.09755
1.23855
1.12417
1.13695
1.16380
1.14881
1.09653
1.09931
1.14250
1.23116
1.21124
1.18385
1.10296
1.11555
1.08756
1.12582
1.16422
1.17972
1.13121
1.15952
1.12125
1.16021
1.13378
1.18431
1.12949
1.15135
1.16989
1.08952
1.13664
1.15927
1.11721
1.16813
1.16554
1.13952
1.14950
1.14056
1.10094
1.17292
1.10580
1.21388
1.16409
1.13899
1.11246
1.17935
1.13896
1.10527
1.12814
1.12874
1.12690
1.09868
1.07595
1.12905
1.17658
1.19540
1.14144
1.08630
1.09693
1.12700
1.16048
1.15609
1.15477
1.18337
1.12669
1.16165
1.19490
1.09773
1.13535
1.17235
1.17113
1.17990
1.11835
1.13290
1.09667
1.14681
1.16160
1.11537
1.13736
1.12391
1.17403
1.15048
1.14197
1.10906
1.20221
1.18842
1.20636
1.19407
1.13678
1.08012
1.18103
1.08162
1.09615
1.10385
1.19691
1.18539
1.13556
1.18546
1.16485
1.15519
1.16544
1.07820
1.14431
1.12314
1.15794
1.16105
1.17231
1.10996
1.11670
1.11540
1.13994
1.13870
1.13359
1.14125
1.08926
1.12395
1.16017
1.08950
1.17105
1.14238
1.13152
1.17791
1.11743
1.17538
1.23926
1.11850
1.10614
1.14408
1.12848
1.13184
1.12363
1.14240
1.10976
1.16503
1.07062
1.10623
1.19343
1.15693
1.17950
1.17397
1.11849
1.11642
1.18409
1.10539
1.14755
1.15156
1.16802
1.21087
1.14680
1.14869
1.19254
1.22718
1.14517
1.14575
1.14414
1.07391
1.12469
1.13518
1.13700
1.18972
1.15089
1.17574
1.16161
1.18072
1.12138
1.14487
1.16482
1.11904
1.16305
1.16794
1.21030
1.12602
1.20146
1.19125
1.20765
1.12785
1.11384
1.18005
1.13503
1.21404
1.21568
1.13405
1.15030
1.08332
1.13184
1.13383
1.22438
1.12419
1.12836
1.18536
1.11107
1.14939
1.09810
1.19221
1.10182
1.10038
1.16727
1.14620
1.20846
1.15659
1.14948
1.10328
1.07633
1.12767
1.14019
1.13879
1.14725
1.16064
1.14161
1.16384
1.16005
1.15568
1.08913
1.13469
1.12206
1.19553
1.21444
1.15539
1.12316
1.21294
1.13065
1.14054
1.12606
1.18675
1.14958
1.11970
1.15935
1.20442
1.11944
1.15401
1.19893
1.20494
1.11253
1.17725
1.15033
1.17442
1.18792
1.13113
1.16003
1.17473
1.09222
1.14243
1.12143
1.11875
1.09491
1.17391
1.11914
1.15679
1.18945
1.18941
1.13340
1.17416
1.11992
1.09951
1.15461
1.12403
1.15563
1.12613
1.17471
1.13882
1.19219
1.17830
1.19141
1.16219
1.14284
1.12903
1.13451
1.18089
1.17818
1.15459
1.16598
1.17134
1.16709
1.15238
1.16448
1.19284
1.14569
1.10332
1.19182
1.12774
1.22243
1.17065
1.21318
1.09581
1.21109
1.12064
1.15880
1.09391
1.11529
1.18744
1.24770
1.13422
1.15633
1.09114
1.11913
1.10134
1.14011
1.15560
1.12859
1.07955
1.15659
1.18886
1.09780
1.12718
1.17119
1.16082
1.14324
1.12039
1.23083
1.11245
1.17565
1.23814
1.16108
1.19860
1.12614
1.11804
1.14095
1.13664
1.18800
1.11896
1.19848
1.17974
1.11215
1.11233
1.10272
1.16267
1.15797
1.06733
1.12859
1.14071
1.16390
1.18150
1.09981
1.11284
1.10811
1.17412
1.14567
1.23553
1.14970
1.18917
1.16824
1.18660
1.18369
1.08890
1.18218
1.14749
1.09638
1.09568
1.11102
1.12061
1.17708
1.17874
1.21199
1.14214
1.19387
1.13695
1.15101
1.14365
1.17877
1.10324
1.12522
1.15358
1.08881
1.18770
1.10193
1.18429
1.14357
1.11406
1.11815
1.21911
1.08696
1.14956
1.07346
1.17651
1.15729
1.12564
1.15221
1.14212
1.12152
1.09918
1.13150
1.13580
1.13945
1.15076
1.11030
1.13647
1.09381
1.18622
1.11522
1.19338
1.12473
1.13888
1.10421
1.10297
1.14180
1.14218
1.14692
1.15484
1.12666
1.17894
1.13043
1.18210
1.22855
1.17579
1.11749
1.11028
1.14611
1.19905
1.18490
1.12337
1.17606
1.18393
1.11743
1.17916
1.20192
1.15511
1.16695
1.17822
1.13104
1.17493
1.15672
1.09206
1.09052
1.13049
1.14795
1.08982
1.10039
1.13125
1.18855
1.14237
1.17493
1.17235
1.12936
1.12988
1.10456
1.12442
1.19457
1.15020
1.11878
1.12355
1.13708
1.13332
1.10913
1.19009
1.08849
1.15746
1.13459
1.05416
1.10550
1.10416
1.15274
1.13891
1.13370
1.16396
1.11848
1.12338
1.15215
1.17092
1.16113
1.09298
1.19278
1.13559
1.07812
1.14073
1.16343
1.08139
1.20270
1.20198
1.16168
1.11205
1.22404
1.19675
1.18020
1.21608
1.11878
1.08109
1.17288
1.17804
1.16269
1.07884
1.17509
1.19313
1.17997
1.21548
1.16312
1.12467
1.12127
1.12146
1.10577
1.15961
1.15406
1.21160
1.16572
1.10034
1.09070
1.14349
1.12607
1.17188
1.10347
1.11006
1.17457
1.10687
1.14622
1.16184
1.16066
1.10040
1.14975
1.11149
1.12347
1.19419
1.14110
1.12339
1.12642
1.10527
1.14549
1.10836
1.11527
1.15221
1.18935
1.09772
1.11212
1.11245
1.18557
1.12779
1.21379
1.13537
1.13768
1.13004
1.13666
1.14359
1.09757
1.16394
1.10600
1.16624
1.11402
1.09784
1.25162
1.12462
1.20528
1.14115
1.11248
1.20894
1.14242
1.13583
1.17594
1.10437
1.12167
1.14082
1.13675
1.12376
1.16139
1.10400
1.18221
1.09608
1.14962
1.14411
1.11035
1.16465
1.18908
1.12289
1.13423
1.11610
1.10245
1.19367
1.14645
1.14533
1.20007
1.15207
1.14337
1.21117
1.22114
1.19053
1.08770
1.14906
1.17088
1.10938
1.13988
1.12022
1.15866
1.08255
1.17037
1.16770
1.16657
1.15037
1.18471
1.09644
1.16548
1.13394
1.11427
1.12043
1.09406
1.11655
1.14096
1.18727
1.15555
1.23206
1.16485
1.14362
1.18742
1.17023
1.18804
1.12956
1.09248
1.10589
1.16269
1.19406
1.20083
1.13639
1.16007
1.20873
1.13933
1.10823
1.17309
1.11583
1.18499
1.21146
1.06422
1.10225
1.13678
1.16897
1.19698
1.15983
1.09534
1.21879
1.08725
1.18025
1.14871
1.20967
1.18542
1.09991
1.15288
1.17500
1.21503
1.18759
1.12363
1.19086
1.20599
1.13528
1.15204
1.15969
1.16169
1.13553
1.13585
1.13428
1.17368
1.17268
1.15493
1.07285
1.16223
1.09428
1.20422
1.14296
1.11646
1.12441
1.12881
1.11702
1.17589
1.10786
1.10065
1.18649
1.16177
1.15251
1.13032
1.12208
1.14578
1.16400
1.10854
1.11845
1.08151
1.10955
1.14797
1.17879
1.20535
1.12654
1.10421
1.12153
1.18016
1.02982
1.18991
1.24764
1.13955
1.17510
1.15469
1.14323
1.16284
1.06942
1.15858
1.17789
1.14742
1.11666
1.14975
1.18873
1.13570
1.16040
1.14243
1.15637
1.18608
1.11716
1.12110
1.14518
1.17633
1.15583
1.15197
1.11384
1.20816
1.11496
1.15556
1.16537
1.13434
1.10602
1.14352
1.21993
1.16505
1.15338
1.11122
1.13442
1.25530
1.16529
1.14358
1.13104
1.15547
1.16297
1.10373
1.12690
1.13409
1.10420
1.06852
1.16002
1.17150
1.20041
1.16925
1.13143
1.13283
1.13463
1.11283
1.10176
1.10508
1.11138
1.14837
1.14102
1.12832
1.15162
1.16474
1.11202
1.13341
1.14166
1.11697
1.12365
1.12154
1.14110
1.04653
1.11560
1.16756
1.15318
1.18712
1.16520
1.11830
1.16134
1.12056
1.15376
1.18092
1.12952
1.14926
1.13022
1.09936
1.10609
1.16383
1.21687
1.10011
1.17375
1.16570
1.12351
1.18286
1.14912
1.16481
1.12530
1.18758
1.13241
1.21807
1.12931
1.17819
1.11371
1.13585
1.16624
1.20844
1.14850
1.12148
1.12045
1.14594
1.10975
1.13434
1.11578
1.10791
1.15794
1.22192
1.15395
1.19695
1.16021
1.17906
1.10842
1.17841
1.18204
1.13618
1.20267
1.22639
1.10923
1.15453
1.17550
1.20985
1.19453
1.13600
1.09587
1.14077
1.14492
1.13115
1.19475
1.18909
1.06486
1.10377
1.13319
1.09196
1.15377
1.09708
1.15127
1.10175
1.11122
1.12646
1.14267
1.17570
1.16460
1.16119
1.18215
1.08848
1.15411
1.14957
1.12143
1.19271
1.20661
1.16875
1.10276
1.17627
1.06939
1.17462
1.16619
1.09410
1.18334
1.15438
1.21343
1.17528
1.19249
1.08782
1.15260
1.11819
1.17057
1.16821
1.11414
1.12604
1.10399
1.15198
1.11616
1.10976
1.14686
1.12146
1.21737
1.13296
1.22295
1.12235
1.08200
1.18037
1.24811
1.17096
1.26089
1.10469
1.11832
1.17964
1.26350
1.16707
1.21160
1.15656
1.17666
1.15977
1.22571
1.18998
1.15679
1.12910
1.15894
1.16329
1.11828
1.14180
1.11726
1.15728
1.16696
1.21172
1.08307
1.13888
1.21281
1.09798
1.11236
1.18190
1.13579
1.09926
1.10666
1.17950
1.14283
1.14378
1.14989
1.11794
1.16788
1.16225
1.16912
1.15248
1.15663
1.17267
1.19278
1.17353
1.15835
1.17578
1.17557
1.23410
1.18329
1.15193
1.17365
1.08390
1.20496
1.09537
1.15954
1.20431
1.15716
1.11910
1.08989
1.15778
1.17425
1.20843
1.12911
1.16796
1.14932
1.13738
1.13187
1.15195
1.17517
1.09214
1.16972
1.24101
1.22523
1.16077
1.08817
1.18999
1.11363
1.08619
1.16327
1.14270
1.18455
1.11058
1.15213
1.14074
1.17639
1.19394
1.18690
1.10675
1.13130
1.10486
1.13207
1.17372
1.18023
1.18510
1.08540
1.10322
1.15098
1.20071
1.16851
1.13398
1.15286
1.17256
1.12294
1.17157
1.13974
1.16931
1.20593
1.10589
1.19376
1.13863
1.17440
1.12473
1.14791
1.09932
1.15686
1.11029
1.08800
1.17043
1.14762
1.09148
1.13983
1.17111
1.12758
1.12587
1.17191
1.12061
1.09044
1.17020
1.17562
1.20722
1.14187
1.21721
1.13595
1.11477
1.13295
1.16394
1.15645
1.14457
1.20252
1.06916
1.14778
1.09722
1.15993
1.15437
1.09305
1.16281
1.15333
1.20384
1.15593
1.10672
1.21428
1.12142
1.13324
1.16907
1.08514
1.14070
1.14437
1.18278
1.19085
1.16168
1.25522
1.12378
1.17923
1.12180
1.09807
1.17940
1.21715
1.15766
1.14831
1.14995
1.17444
1.22201
1.20296
1.10225
1.09524
1.14661
1.18222
1.10855
1.08652
1.21323
1.14822
1.11770
1.07880
1.15561
1.18867
1.19758
1.13324
1.13488
1.07486
1.20770
1.12665
1.11196
1.18706
1.10726
1.12410
1.09389
1.23473
1.12044
1.13798
1.12621
1.20023
1.11916
1.12965
1.09867
1.19425
1.19035
1.17421
1.12488
1.16321
1.12997
1.08796
1.17092
1.14499
1.21509
1.12575
1.14761
1.12442
1.17580
1.12989
1.13138
1.12631
1.13544
1.15292
1.19652
1.14992
1.06810
1.14697
1.07584
1.11810
1.14148
1.13943
1.13459
1.15539
1.20635
1.15674
1.12705
1.10586
1.12880
1.13486
1.17248
1.12281
1.14333
1.12189
1.15293
1.15067
1.11374
1.14528
1.18009
1.17092
1.10055
1.10879
1.19561
1.15608
1.13363
1.18157
1.16858
1.11643
1.18764
1.13395
1.11080
1.11038
1.07982
1.09262
1.09738
1.10296
1.17974
1.12945
1.14041
1.15064
1.17644
1.10402
1.14780
1.11119
1.15880
1.12006
1.11424
1.13841
1.17565
1.12048
1.13825
1.22677
1.13225
1.13700
1.10153
1.11633
1.12815
1.15704
1.14732
1.16486
1.16787
1.13236
1.14521
1.21290
1.08522
1.15963
1.17324
1.15701
1.17890
1.17764
1.19159
1.08842
1.14457
1.18092
1.17349
1.13878
1.09927
1.13647
1.17339
1.17265
1.08338
1.13346
1.21068
1.12111
1.21548
1.07913
1.14390
1.14468
1.20066
1.18452
1.16086
1.26212
1.12324
1.13000
1.07919
1.11460
1.12301
1.09475
1.09999
1.12498
1.11577
1.11739
1.20518
1.18808
1.16267
1.21737
1.15924
1.09583
1.12454
1.13101
1.11016
1.20167
1.15227
1.15450
1.16135
1.11238
1.10732
1.16968
1.21362
1.16156
1.18530
1.15918
1.07241
1.14449
1.16024
1.13432
1.10071
1.15365
1.18173
1.15257
1.16690
1.07596
1.13932
1.22824
1.22229
1.19237
1.15600
1.19978
1.15186
1.13314
1.16703
1.08606
1.07853
1.10920
1.15503
1.13699
1.15580
1.16026
1.10100
1.18395
1.07369
1.14421
1.11478
1.10473
1.14256
1.08906
1.15705
1.14666
1.11777
1.06083
1.13336
1.14770
1.08438
1.11442
1.16564
1.20977
1.09695
1.12323
1.11568
1.18553
1.16121
1.16109
1.14165
1.20005
1.15711
1.15185
1.15634
1.08377
1.11186
1.13286
1.14368
1.12826
1.19309
1.16109
1.17648
1.20839
1.18760
1.10964
1.13714
1.22446
1.10047
1.11114
1.16705
1.18813
1.18673
1.10531
1.12506
1.14061
1.16232
1.17626
1.16778
1.20598
1.11358
1.13560
1.19776
1.07493
1.10184
1.12511
1.17390
1.14067
1.17553
1.16997
1.13931
1.13737
1.23946
1.10741
1.16420
1.16183
1.21552
1.13673
1.14172
1.12757
1.13344
1.16538
1.15265
1.08757
1.17073
1.11422
1.08187
1.12101
1.09919
1.18824
1.08623
1.11207
1.12201
1.11718
1.10622
1.09953
1.16055
1.12066
1.15015
1.10572
1.16196
1.13679
1.11836
1.13317
1.16889
1.18346
1.11364
1.16113
1.14993
1.16818
1.18105
1.09604
1.17994
1.15680
1.13068
1.11336
1.14238
1.18536
1.12460
1.15193
1.13552
1.14520
1.11855
1.11237
1.10479
1.11380
1.12795
1.15535
1.12207
1.19909
1.14876
1.10031
1.16440
1.19706
1.08460
1.16155
1.15139
1.09624
1.15775
1.12611
1.15492
1.14814
1.21981
1.20832
1.18360
1.09997
1.15375
1.15208
1.12778
1.16461
1.11613
1.18027
1.12971
1.21871
1.13115
1.13148
1.17195
1.18557
1.09418
1.16441
1.09452
1.16445
1.17826
1.11294
1.11923
1.13591
1.09552
1.05601
1.14641
1.16562
1.19299
1.14891
1.16813
1.10838
1.19138
1.12162
1.15212
1.20550
1.25561
1.17491
1.16341
1.13914
1.17831
1.13677
1.13183
1.13996
1.18804
1.11826
1.15710
1.16393
1.14111
1.09137
1.13440
1.18044
1.12947
1.14765
1.16833
1.21200
1.18720
1.11121
1.09495
1.12412
1.12198
1.13051
1.18248
1.17110
1.13778
1.15251
1.16766
1.13863
1.18615
1.18421
1.15578
1.13577
1.21409
1.14465
1.14239
1.13471
1.12895
1.19234
1.10324
1.11257
1.14294
1.14927
1.11141
1.10723
1.14061
1.20996
1.10656
1.17828
1.13976
1.11567
1.13184
1.15259
1.15060
1.08998
1.18360
1.09056
1.11166
1.19209
1.18128
1.08763
1.16939
1.15004
1.17660
1.13906
1.11530
1.17559
1.17386
1.15282
1.08028
1.13093
1.13085
1.18197
1.18627
1.14943
1.19508
1.13550
1.16699
1.12328
1.15747
1.11896
1.17205
1.20310
1.09423
1.15827
1.16104
1.08831
1.17316
1.19203
1.15451
1.09707
1.22014
1.09642
1.19320
1.11994
1.14089
1.09039
1.15732
1.15051
1.17092
1.14416
1.13728
1.23646
1.13727
1.13178
1.18559
1.09301
1.13996
1.15298
1.21724
1.15363
1.17756
1.09786
1.20432
1.14040
1.12413
1.28067
1.10210
1.10212
1.17422
1.16419
1.18485
1.08762
1.05361
1.13142
1.21214
1.11915
1.16413
1.13582
1.18009
1.07158
1.17684
1.18450
1.17682
1.08656
1.17079
1.14229
1.13525
1.20144
1.16225
1.15639
1.11709
1.13534
1.09562
1.16235
1.14853
1.08514
1.13053
1.17092
1.17630
1.13009
1.13565
1.19672
1.11275
1.17753
1.19886
1.09318
1.19957
1.16419
1.11619
1.13428
1.12682
1.20870
1.10670
1.18320
1.18138
1.16800
1.17691
1.11734
1.09058
1.15290
1.15847
1.13150
1.13956
1.23091
1.13387
1.11765
1.07771
1.12243
1.13767
1.13755
1.17250
1.10949
1.13002
1.19212
1.12840
1.08558
1.15162
1.18729
1.15203
1.17805
1.11530
1.18569
1.19327
1.06659
1.15946
1.16491
1.14991
1.07525
1.14103
1.05715
1.21157
1.15774
1.13884
1.13330
1.09525
1.12986
1.17373
1.12884
1.15293
1.15942
1.18787
1.14541
1.15407
1.19426
1.13942
1.07600
1.16798
1.16898
1.09981
1.16614
1.11064
1.12584
1.11892
1.15031
1.16000
1.08983
1.16232
1.15993
1.16857
1.11847
1.15298
1.15493
1.18195
1.09091
1.16356
1.16888
1.07461
1.18384
1.20579
1.09363
1.16957
1.17250
1.15320
1.12364
1.12476
1.15887
1.16790
1.16133
1.16945
1.13178
1.18682
1.20512
1.08900
1.17363
1.15486
1.12824
1.13157
1.15802
1.10437
1.08880
1.15441
1.19738
1.14974
1.12283
1.14260
1.16512
1.13938
1.14625
1.21747
1.20763
1.16913
1.14337
1.12517
1.17910
1.15810
1.17249
1.12915
1.10277
1.09997
1.16769
1.12443
1.16854
1.12309
1.16890
1.13096
1.12672
1.11931
1.11837
1.21815
1.16304
1.21962
1.12495
1.15771
1.21748
1.14470
1.16677
1.12855
1.18004
1.13029
1.17695
1.14993
1.10159
1.13747
1.16964
1.11888
1.20686
1.11043
1.13150
1.20529
1.13335
1.11701
1.10738
1.13620
1.09635
1.16146
1.13129
1.12623
1.14822
1.11834
1.17092
1.12685
1.12048
1.09645
1.16413
1.10076
1.11435
1.21414
1.15144
1.10819
1.16079
1.21934
1.16950
1.11301
1.11734
1.11517
1.14243
1.09605
1.08433
1.15713
1.18852
1.17914
1.10858
1.19824
1.11815
1.13020
1.16202
1.10662
1.14681
1.09634
1.07280
1.12325
1.10383
1.21272
1.05944
1.09450
1.13617
1.14521
1.19704
1.13265
1.18772
1.18514
1.12456
1.13256
1.24628
1.05242
1.16235
1.12415
1.05407
1.12306
1.23801
1.14745
1.15558
1.16373
1.21298
1.18977
1.11790
1.12290
1.11512
1.11035
1.20296
1.21192
1.09851
1.21595
1.14237
1.11148
1.12376
1.11870
1.04904
1.14071
1.16706
1.15658
1.23021
1.12550
1.12173
1.11249
1.12942
1.16161
1.14222
1.10090
1.13447
1.15743
1.15299
1.08209
1.18804
1.16486
1.20405
1.21836
1.20197
1.14997
1.11275
1.10330
1.12709
1.07120
1.10877
1.15831
1.09563
1.14716
1.18739
1.15027
1.15335
1.15538
1.07431
1.16780
1.12719
1.18960
1.19218
1.17533
1.21712
1.13203
1.08294
1.15178
1.12078
1.16110
1.15155
1.10652
1.12923
1.10246
1.13386
1.12955
1.14474
1.18684
1.14844
1.20027
1.21937
1.23678
1.13945
1.10735
1.11631
1.15799
1.18347
1.19872
1.19253
1.12351
1.09658
1.10588
1.13541
1.12285
1.15376
1.12252
1.15416
1.13148
1.17040
1.17601
1.11713
1.22647
1.20886
1.13067
1.12513
1.07453
1.17365
1.15871
1.20274
1.19314
1.18358
1.12982
1.19189
1.08171
1.12037
1.12566
1.17567
1.14532
1.14205
1.19002
1.22574
1.18046
1.20479
1.13402
1.15750
1.15442
1.15011
1.15982
1.10102
1.15065
1.15841
1.19471
1.14451
1.16767
1.18624
1.11159
1.12485
1.18434
1.12016
1.15630
1.13028
1.14929
1.11048
1.18907
1.15895
1.16325
1.15595
1.19843
1.10834
1.17411
1.08874
1.14549
1.20712
1.19956
1.19722
1.18778
1.09023
1.17160
1.15975
1.15158
1.14679
1.10659
1.15679
1.15697
1.16835
1.18532
1.18944
1.11139
1.14872
1.16589
1.12611
1.17036
1.18056
1.15553
1.15409
1.16710
1.11939
1.15871
