0.013 0.013 0.013 0.013 0.013 0.013
0.019 0.007 0.009 0.003 0.001 0.002
0.010 0.015 0.005 0.014 0.001 0.015
0.016 0.005 0.007 0.006 0.008 0.018
0.017 0.016 0.012 0.005 0.008 0.016
0.010 0.016 0.015 0.006 0.015 0.008
0.013 0.014 0.019 0.012 0.006 0.019
0.007 0.013 0.012 0.016 0.015 0.019
0.014 0.018 0.019 0.015 0.018 0.002
0.006 0.014 0.012 0.010 0.015 0.010
0.007 0.014 0.019 0.006 0.008 0.010
0.007 0.001 0.018 0.010 0.005 0.016
0.014 0.009 0.011 0.016 0.004 0.016
0.010 0.010 0.016 0.009 0.008 0.012
0.007 0.004 0.009 0.017 0.005 0.012
0.012 0.013 0.010 0.006 0.005 0.015
0.014 0.016 0.007 0.007 0.017 0.014
0.010 0.007 0.011 0.009 0.019 0.017
0.001 0.004 0.016 0.012 0.013 0.018
0.016 0.010 0.013 0.019 0.016 0.011
0.015 0.008 0.014 0.012 0.015 0.010
0.016 0.002 0.013 0.014 0.015 0.019
0.012 0.018 0.019 0.014 0.015 0.019
0.007 0.009 0.014 0.013 0.008 0.000
0.011 0.010 0.013 0.010 0.007 0.000
0.009 0.007 0.017 0.008 0.010 0.010
0.015 0.009 0.013 0.012 0.011 0.009
0.011 0.007 0.012 0.007 0.010 0.009
0.019 0.017 0.012 0.007 0.014 0.014
0.004 0.001 0.015 0.008 0.018 0.006
0.016 0.014 0.007 0.012 0.013 0.009
0.010 0.014 0.012 0.006 0.010 0.009
0.018 0.012 0.016 0.006 0.016 0.012
0.014 0.006 0.016 0.014 0.012 0.010
0.008 0.013 0.013 0.015 0.012 0.010
0.019 0.004 0.011 0.014 0.012 0.012
0.007 0.013 0.014 0.009 0.012 0.003
0.014 0.013 0.013 0.008 0.017 0.002
0.005 0.011 0.013 0.010 0.012 0.002
0.010 0.011 0.005 0.011 0.014 0.014
0.012 0.009 0.014 0.000 0.009 0.006
0.004 0.015 0.019 0.000 0.009 0.009
0.005 0.011 0.013 0.016 0.009 0.014
0.019 0.013 0.013 0.009 0.013 0.019
0.015 0.013 0.003 0.006 0.009 0.019
0.007 0.017 0.012 0.009 0.007 0.005
0.007 0.020 0.006 0.012 0.007 0.001
0.009 0.015 0.006 0.006 0.011 0.000
0.014 0.008 0.004 0.006 0.007 0.006
0.008 0.010 0.008 0.006 0.009 0.006
