-46.36890
-45.88141
-46.30461
-49.15499
-43.24004
-48.72248
-46.72604
-44.76774
-45.89338
-46.24681
-45.15137
-47.60486
-45.47836
-45.87181
-45.77220
-47.23213
-44.03640
-48.19157
-44.12708
-47.05238
-48.28258
-44.43949
-47.26931
-46.89930
-49.15938
-47.74360
-48.12125
-46.46724
-48.33498
-46.11745
-48.19426
-45.45857
-45.53072
-47.83434
-46.41741
-47.81287
-50.24751
-48.54389
-47.92916
-46.41781
-44.33229
-45.81342
-45.77466
-48.30062
-48.15531
-45.74521
-48.10659
-45.65436
-46.73618
-46.34921
-46.25540
-45.07562
-46.73498
-46.49528
-48.13150
-46.03478
-48.09307
-48.27515
-48.47871
-47.30415
-46.81124
-44.18759
-47.42091
-48.09403
-45.72951
-46.15318
-46.84984
-46.21881
-45.71678
-48.52340
-45.95171
-46.26093
-48.35831
-48.66069
-44.92771
-47.61148
-44.95001
-46.00668
-47.47869
-46.10359
-49.92465
-45.64929
-46.35501
-48.10749
-47.60330
-45.38882
-47.15100
-47.07290
-45.77578
-46.86785
-49.45873
-46.85324
-46.04758
-46.85441
-47.22061
-47.13003
-45.82886
-48.65347
-46.96068
-46.42400
-46.83458
-46.81669
-47.75529
-47.07258
-48.57111
-46.90643
-47.69932
-46.01889
-45.42679
-49.52142
-47.00587
-48.38210
-45.42343
-47.58107
-46.19441
-46.21242
-46.29652
-47.86912
-46.47339
-46.16805
-47.03807
-48.37096
-48.29585
-49.57992
-47.65773
-46.85825
-48.47558
-47.96652
-47.79844
-48.24386
-48.10921
-48.35494
-46.69540
-47.50085
-47.63018
-48.33914
-46.33636
-46.58566
-47.04069
-46.43796
-46.92685
-46.73181
-48.44228
-50.95278
-48.98720
-47.61339
-48.63695
-47.51292
-46.78255
-48.15788
-48.97818
-46.42189
-48.13662
-45.45251
-45.71643
-44.60888
-49.20710
-47.55583
-47.70528
-49.10177
-48.58825
-49.55600
-45.68312
-48.62029
-47.57434
-47.91197
-47.05137
-47.14267
-46.01864
-46.75267
-47.45805
-49.25101
-47.32599
-47.16734
-49.16610
-48.35504
-47.71667
-48.58305
-47.93036
-49.51967
-49.57084
-46.88073
-49.46260
-46.81573
-49.88588
-48.43262
-46.64382
-48.27152
-46.60629
-48.89097
-47.79359
-50.45233
-47.18123
-47.65122
-49.17609
-48.72458
-48.00589
-48.29242
-46.10564
-46.44576
-46.21933
-48.06864
-47.79964
-50.11931
-49.82922
-47.63914
-46.07013
-49.15875
-48.22618
-48.94620
-50.07692
-48.37904
-46.35953
-48.09338
-49.30489
-48.99391
-45.25317
-47.94590
-48.22232
-48.30677
-47.63728
-48.56750
-45.95120
-47.36719
-47.45954
-48.01346
-47.69790
-45.85848
-49.57119
-48.39640
-47.76652
-49.00477
-50.35855
-48.19333
-47.40549
-48.03926
-48.51747
-47.04203
-48.70748
-48.48052
-47.78479
-45.83344
-48.14085
-48.08250
-48.35116
-48.01303
-48.10552
-48.96048
-46.10518
-48.02850
-46.27928
-47.26907
-49.19176
-48.29790
-48.72300
-47.56801
-47.21971
-46.67309
-49.17396
-48.67254
-47.80720
-45.53522
-47.85151
-47.04754
-51.21263
-47.23284
-47.35655
-47.18454
-47.35281
-47.87327
-48.07364
-46.62803
-49.70065
-49.66798
-46.90540
-49.30458
-47.37202
-46.60948
-48.26687
-50.51425
-48.17504
-47.91128
-50.36717
-48.06809
-50.27492
-48.07050
-46.33158
-49.12439
-46.91493
-47.29557
-48.95036
-48.70597
-47.47802
-49.04891
-48.63432
-47.36945
-50.62051
-50.96404
-46.73264
-49.62770
-48.15285
-49.41885
-48.71471
-46.13464
-47.90681
-49.37572
-49.22066
-48.51971
-47.27022
-46.17789
-47.54373
-48.52461
-47.52186
-50.29173
-49.02658
-48.70021
-48.72057
-48.44130
-49.34507
-47.39753
-47.61656
-48.74722
-48.71311
-48.18929
-49.77647
-49.81517
-49.07980
-47.10447
-46.36624
-48.98514
-45.16339
-48.40644
-47.43906
-47.44666
-49.35181
-46.90875
-48.13937
-46.75061
-49.58150
-48.59591
-47.87828
-49.49982
-47.08344
-48.70222
-46.46934
-48.44128
-49.63432
-48.98444
-48.56454
-46.29803
-48.55406
-46.04228
-47.70633
-49.34143
-48.65844
-50.05274
-47.64782
-48.36584
-51.62242
-49.16350
-48.42264
-48.69129
-49.26213
-46.87642
-46.69671
-49.24205
-49.03473
-49.27365
-47.54953
-47.77636
-48.24447
-48.68699
-47.13195
-46.69323
-48.39191
-47.04603
-48.59847
-45.71420
-46.79703
-47.13740
-48.57471
-46.77842
-48.37411
-48.84571
-48.67152
-46.09894
-45.84437
-47.61949
-45.85477
-48.75511
-48.78203
-49.46700
-49.51802
-47.49005
-49.79220
-46.89581
-48.94322
-47.41688
-48.24515
-47.44568
-47.91209
-46.50692
-47.59175
-46.89056
-48.62550
-47.42035
-49.33087
-50.46330
-47.51997
-47.56621
-50.74828
-49.03747
-47.54462
-48.02982
-48.95782
-48.76901
-47.88945
-49.18570
-48.28509
-47.54117
-50.22568
-48.71714
-48.77909
-48.32690
-46.85841
-50.52539
-49.20478
-47.92424
-48.44476
-48.59403
-47.28233
-47.85774
-49.88674
-46.99309
-47.61564
-48.38834
-48.00119
-50.61968
-48.60732
-48.76540
-48.36857
-47.46109
-47.80024
-49.24783
-48.11064
-47.42143
-48.29180
-50.12066
-48.54384
-49.63771
-48.51710
-49.08274
-48.34128
-48.87933
-49.66004
-49.04759
-50.53062
-49.77027
-47.87067
-48.35281
-48.97409
-46.97532
-47.70497
-47.33779
-47.81318
-48.95880
-46.35998
-50.01291
-50.77004
-47.64111
-47.97970
-50.95800
-48.58409
-47.33599
-48.24069
-50.02415
-48.12928
-49.74590
-48.53753
-48.22070
-47.20141
-46.85088
-47.95586
-49.07021
-47.48330
-46.87389
-48.79574
-46.65620
-49.87774
-46.33418
-48.86474
-48.14054
-47.97104
-49.43794
-50.07371
-49.07233
-47.55947
-46.74420
-48.36851
-48.65917
-47.83895
-47.74432
-47.44451
-48.32994
-48.03283
-48.67215
-50.83234
-50.81077
-50.71844
-49.82314
-47.22046
-48.04372
-48.78832
-49.65636
-48.36012
-49.78247
-48.65496
-48.84736
-47.89665
-47.89614
-50.00854
-47.05923
-48.65945
-47.74160
-50.00936
-48.07089
-49.28402
-49.23064
-47.59785
-48.71659
-50.01559
-50.04815
-47.40022
-49.03426
-48.07741
-48.04786
-49.71354
-49.29671
-49.61183
-48.66234
-46.49862
-47.88283
-48.17282
-46.91891
-49.35726
-49.88029
-47.78765
-48.46161
-49.06564
-47.94093
-48.39112
-48.89993
-48.83881
-49.74160
-47.13689
-47.16462
-49.47976
-48.27654
-48.36254
-46.67992
-49.71689
-49.02597
-50.20574
-50.75632
-49.86778
-47.34174
-48.80744
-46.52013
-45.48554
-46.92507
-49.74278
-47.39706
-47.70175
-47.99445
-50.21057
-48.11354
-49.38693
-49.73410
-49.22067
-49.53919
-49.94983
-48.83497
-49.41494
-49.00733
-48.99311
-48.34787
-49.71074
-48.34242
-49.07413
-48.28526
-49.25461
-47.77586
-48.43099
-48.83430
-49.45944
-49.26610
-47.77839
-48.83452
-49.82230
-49.59785
-47.60555
-50.34845
-47.59886
-48.98288
-47.59025
-48.38661
-47.95162
-51.36328
-49.67125
-48.32391
-48.31993
-48.23278
-49.03067
-51.11780
-48.89249
-49.23905
-49.49424
-48.06588
-48.63378
-48.51522
-46.59564
-49.81183
-48.00904
-47.99729
-45.90886
-45.57507
-49.03044
-46.58946
-46.50891
-49.51033
-49.47994
-46.61813
-49.26300
-50.09768
-48.45465
-47.89392
-49.42688
-47.91632
-48.66616
-47.34537
-46.79570
-48.41863
-48.58698
-51.07825
-49.94755
-47.66419
-47.53738
-49.30602
-48.72410
-49.56277
-49.55040
-49.70368
-47.51813
-47.79524
-49.23051
-50.22511
-47.41641
-49.03923
-48.99368
-49.03813
-50.38712
-52.03232
-49.38814
-48.09497
-49.56422
-48.30707
-49.81956
-46.26198
-49.73907
-48.17232
-47.04202
-46.93315
-50.72828
-48.75477
-47.36298
-48.52626
-47.15433
-49.62934
-46.17563
-46.75973
-48.79452
-50.39338
-49.30387
-48.66085
-50.01592
-48.68956
-48.45680
-49.36139
-49.25313
-49.14340
-50.96557
-49.28004
-48.73699
-47.83401
-47.89925
-48.42076
-51.20713
-47.72297
-48.89090
-46.79501
-50.22452
-47.26204
-48.86520
-48.52001
-47.91036
-47.75845
-49.50707
-48.65869
-50.24765
-47.47219
-48.79901
-48.90190
-47.91797
-48.68704
-49.27643
-49.33696
-47.97950
-49.69734
-48.97295
-48.74310
-48.08660
-49.99080
-49.45190
-50.43531
-49.33210
-51.59840
-48.82019
-47.08932
-48.58042
-49.36676
-50.15781
-48.69165
-47.42234
-49.64649
-47.78867
-47.38947
-49.77426
-49.28418
-48.78222
-48.06127
-50.91075
-47.37692
-48.43878
-50.24589
-49.22580
-51.00134
-50.50796
-49.32581
-50.21354
-47.75562
-48.70556
-47.64078
-49.34298
-49.41438
-49.28414
-49.92123
-49.82666
-48.51977
-48.39373
-49.57083
-50.51637
-49.94071
-48.50802
-49.22787
-48.21960
-51.57112
-48.31201
-48.08682
-47.58910
-48.16584
-49.28650
-48.74215
-48.61255
-50.51530
-50.35373
-46.62156
-49.96685
-49.90515
-52.08182
-47.09426
-48.33090
-50.96379
-47.11781
-47.17472
-48.95339
-48.54413
-51.71190
-52.41409
-49.34502
-46.26691
-48.25540
-50.19156
-49.29989
-50.50856
-49.66673
-50.19468
-49.74437
-48.12486
-48.34979
-48.63396
-46.92066
-48.08898
-48.19769
-49.75193
-48.88774
-47.50240
-49.98796
-47.99751
-50.55806
-49.02731
-48.58752
-46.29655
-50.70280
-48.20382
-48.04368
-49.03924
-47.74564
-50.01115
-49.78004
-50.20809
-49.72529
-48.23560
-49.15858
-49.77137
-48.69096
-49.35675
-49.38334
-49.59666
-48.25216
-47.25871
-49.68843
-49.71156
-49.08691
-48.53588
-47.11188
-48.63400
-48.24278
-49.20949
-48.85090
-49.94458
-50.41301
-49.40061
-49.90263
-49.63279
-48.45947
-48.99041
-49.05643
-48.12325
-48.65899
-48.79341
-47.83343
-49.33153
-47.91670
-49.96534
-50.63365
-50.49209
-48.45920
-49.55386
-48.24235
-48.76394
-49.06403
-47.36601
-51.31627
-47.15838
-49.09739
-49.56474
-49.55516
-49.05145
-47.68503
-46.24736
-48.18508
-46.90701
-47.10457
-46.46095
-47.84518
-49.21333
-49.53133
-50.37592
-48.01886
-51.23582
-47.55885
-49.10948
-49.13808
-47.83070
-49.47535
-46.60336
-47.75047
-50.06903
-50.09340
-47.59474
-49.00553
-48.76854
-48.75750
-48.22397
-50.28161
-46.64561
-48.24107
-47.96441
-47.71711
-48.91667
-50.11798
-48.06431
-49.30053
-49.68037
-47.67460
-48.72227
-50.23832
-50.29433
-49.61612
-48.73804
-48.33422
-49.18223
-51.81031
-49.43003
-49.32312
-47.20067
-50.03695
-48.27089
-50.70099
-47.96289
-51.42472
-47.65854
-50.24826
-48.58946
-47.29859
-50.51847
-47.99711
-48.79473
-50.84226
-48.30636
-49.33332
-50.46967
-46.64017
-49.51346
-47.38776
-48.60993
-48.18402
-51.20995
-47.63856
-49.95135
-47.36431
-49.23590
-47.05075
-49.45922
-46.51557
-47.33446
-48.50068
-49.09717
-48.30817
-50.17053
-50.61785
-49.18803
-46.19270
-49.43571
-49.66352
-49.56460
-48.94773
-47.53886
-48.63685
-48.89374
-48.32217
-49.85556
-47.76842
-46.24248
-47.63856
-48.96555
-49.43026
-47.11791
-49.68980
-47.47475
-50.24061
-48.20893
-49.63827
-48.00569
-50.61034
-50.69766
-49.51152
-49.32968
-47.89849
-48.33834
-47.47981
-51.67249
-47.51089
-50.57330
-49.24816
-49.75663
-49.38492
-46.94355
-48.74556
-47.86297
-48.62755
-49.42616
-47.90358
-47.97055
-50.33156
-50.31369
-50.09926
-47.65822
-48.17114
-48.44789
-49.29637
-48.42204
-47.93990
-49.03578
-49.10245
-49.35231
-49.29504
-50.36810
-51.27613
-49.90802
-47.56480
-49.04688
-48.17795
-48.80466
-48.23939
-49.16724
-49.27616
-46.37087
-48.25858
-48.21070
-48.31101
-48.41107
-49.50721
-48.22360
-51.00065
-46.53000
-49.37230
-48.06703
-49.55262
-50.01008
-48.66940
-51.26969
-46.53219
-49.66646
-48.83033
-50.42700
-47.66968
-48.81931
-48.22942
-47.33367
-49.00408
-47.04780
-49.42788
-48.97803
-48.25855
-48.51120
-48.25704
-47.58385
-49.69938
-48.13939
-48.16018
-50.01206
-49.39012
-49.53413
-46.91344
-48.54059
-48.67529
-47.83887
-49.03119
-45.66356
-48.88945
-47.32750
-50.79990
-49.45689
-48.48483
-48.58719
-47.68212
-48.50820
-49.42541
-47.65492
-50.00302
-48.87002
-47.75622
-50.46086
-50.11963
-49.14369
-48.98575
-50.91096
-49.11600
-46.88536
-49.34731
-50.83556
-50.17296
-47.71847
-48.24161
-48.09394
-47.92021
-48.75527
-47.68875
-50.07497
-49.91759
-47.75846
-50.42496
-49.50988
-49.77333
-49.30779
-48.24108
-48.11658
-49.20310
-48.81945
-50.12644
-48.47111
-52.81183
-47.50323
-49.39341
-47.44139
-51.43010
-48.03261
-47.92904
-49.71796
-49.61966
-49.75361
-50.22969
-47.50437
-48.70092
-48.67001
-46.86314
-48.23469
-48.18024
-50.49254
-48.72536
-49.11720
-48.74398
-46.88746
-50.20857
-49.28881
-50.70886
-49.28760
-48.26897
-47.66859
-50.01805
-49.00331
-49.36781
-47.99537
-49.40683
-50.29006
-48.61099
-47.55397
-47.89021
-48.87456
-49.82216
-47.81906
-51.05221
-48.61047
-50.35219
-47.49954
-47.46731
-47.57794
-47.82115
-48.87524
-49.98742
-50.12052
-48.89335
-50.90106
-50.34881
-47.20788
-49.72446
-47.42205
-47.29051
-48.37645
-49.18701
-49.14538
-50.08707
-49.76794
-50.46776
-48.12795
-47.96499
-47.97685
-47.26640
-49.62010
-49.28416
-47.61465
-46.56768
-48.39569
-49.70471
-47.80153
-48.07593
-49.49535
-50.14141
-51.36072
-48.47158
-50.70401
-49.61429
-47.47992
-49.64181
-48.17136
-48.17493
-49.05171
-49.59213
-50.70098
-48.74167
-48.38417
-48.08393
-48.63918
-48.64912
-48.18455
-48.21320
-48.63554
-49.10322
-49.11773
-49.40418
-48.59671
-50.78112
-47.96202
-49.18886
-48.24309
-48.78532
-47.40778
-49.51380
-48.84802
-50.27412
-46.71262
-49.30468
-50.34096
-49.09148
-49.01508
-45.93136
-48.95516
-47.64654
-49.78436
-48.34335
-47.26489
-47.05482
-48.74530
-49.13152
-46.31853
-49.73608
-49.67463
-50.16878
-46.72513
-46.98583
-47.25705
-47.79275
-47.72983
-48.27313
-51.33314
-50.14408
-49.80669
-47.69483
-48.61118
-48.38004
-47.10472
-47.90757
-46.95284
-49.26191
-50.67480
-49.55851
-49.60615
-48.32465
-50.20456
-47.13580
-49.53432
-48.79760
-48.83089
-47.64020
-50.86961
-50.80138
-49.51751
-47.86781
-49.94470
-48.48274
-50.27605
-50.10155
-51.12368
-48.89471
-49.07725
-50.26304
-49.22964
-51.29632
-50.05487
-49.65413
-47.11159
-48.74145
-49.68987
-48.08985
-47.71189
-47.30801
-49.38735
-48.89588
-49.86245
-51.20135
-49.05459
-47.08782
-46.69660
-49.69574
-47.48306
-48.84193
-47.95425
-49.53706
-46.93316
-49.75009
-46.82767
-50.27934
-48.90243
-48.65580
-49.30580
-47.17444
-51.59977
-48.22749
-49.01179
-48.78260
-48.67267
-50.51523
-50.47143
-50.44786
-47.84386
-50.47738
-48.88395
-46.01645
-48.62624
-49.21636
-50.09590
-48.83763
-45.40712
-48.19598
-48.92412
-49.01686
-50.41088
-49.40648
-48.79568
-49.28716
-46.71260
-48.62037
-47.10926
-47.86387
-47.45310
-47.00488
-49.60115
-48.29100
-49.24416
-49.05804
-48.35014
-48.34295
-48.80839
-49.72122
-49.97767
-47.79296
-48.86267
-44.43940
-49.41497
-47.41647
-50.79838
-48.63896
-47.66118
-47.13728
-50.28881
-48.42691
-49.53082
-48.72203
-49.47774
-45.62310
-47.45417
-47.07687
-50.15235
-47.55643
-48.75914
-49.75264
-47.45021
-48.61557
-48.25884
-48.15032
-49.65171
-48.69564
-47.88642
-49.63137
-48.48531
-47.59921
-49.05669
-49.07499
-47.75435
-47.99107
-49.67852
-46.96972
-49.74039
-47.97346
-47.89673
-49.60482
-49.96089
-47.78205
-46.91354
-47.00452
-50.21369
-47.46287
-47.86182
-47.53017
-48.25068
-47.21018
-48.09958
-49.57597
-48.84761
-49.49905
-47.75066
-46.42467
-47.82750
-48.64634
-47.53796
-49.06111
-49.37557
-47.12178
-47.50459
-48.39294
-47.41023
-48.21079
-48.21615
-50.27971
-46.89655
-46.27165
-46.86653
-47.18651
-47.43791
-51.12801
-47.44875
-47.24845
-48.21165
-48.00097
-48.50936
-49.25095
-49.94500
-47.94736
-48.41000
-46.74405
-49.86182
-47.71133
-48.43529
-49.54720
-48.77274
-47.35436
-46.99709
-47.27530
-46.46397
-48.09781
-48.00632
-47.48262
-48.04202
-47.72122
-46.85168
-48.34880
-47.44211
-48.34387
-50.35855
-47.10518
-48.33618
-49.70262
-48.88831
-47.44004
-47.78944
-49.90763
-49.40166
-48.91737
-49.01548
-49.29023
-48.66838
-48.99124
-50.20940
-46.89360
-47.60855
-46.66376
-49.85615
-48.73448
-47.06106
-47.54997
-48.89212
-49.03442
-48.77819
-46.35830
-49.31859
-46.30381
-47.53729
-47.86196
-48.19442
-48.40699
-48.37499
-49.77899
-49.64784
-50.39973
-47.86773
-47.83276
-49.10769
-45.00209
-47.14781
-46.38357
-47.75114
-49.07735
-47.31649
-47.05305
-48.93825
-47.74165
-48.64039
-49.92302
-50.12373
-44.92870
-47.12855
-48.31702
-48.04544
-46.21032
-48.23770
-46.24135
-48.22812
-46.08775
-47.05771
-48.35774
-45.30491
-47.92140
-48.26283
-46.41073
-49.85892
-50.95788
-48.51197
-48.02260
-47.75197
-50.23885
-47.29509
-45.27800
-48.49509
-48.64355
-47.41891
-47.81536
-47.31749
-48.14564
-47.70243
-46.92475
-48.17662
-48.66965
-45.81534
-46.13997
-46.49970
-46.81660
-48.02225
-46.49626
-48.06150
-48.59096
-48.42624
-50.96512
-47.00868
-46.89777
-45.27913
-48.06238
-48.15408
-49.45747
-48.02927
-47.72118
-47.17308
-45.45094
-47.91656
-46.49730
-48.53330
-48.32531
-47.07866
-46.13614
-48.20386
-48.52607
-49.74228
-47.86637
-47.14050
-49.21147
-46.40874
-47.95321
-46.82958
-47.14197
-49.50834
-48.14672
-47.78961
-45.61564
-48.71009
-50.09092
-46.12682
-47.17369
-48.18683
-48.57755
-46.08803
-47.36878
-46.80670
-47.63458
-47.41994
-46.65131
-47.15492
-48.88178
-46.69201
-45.69543
-47.68691
-47.07579
-46.86218
-45.03489
-48.43501
-44.57636
-46.15209
-46.87275
-47.20137
-46.46099
-47.42054
-45.84006
-47.56559
-46.28328
-47.62325
-48.89326
-44.77040
-46.57991
-46.11658
-46.88082
-48.36495
-46.56954
-47.19079
-48.49582
-46.61919
-48.37311
-50.22834
-47.12719
-49.31182
-46.59077
-48.95793
-47.74704
-47.61472
-47.86814
-47.21418
-46.45083
-46.09852
-47.75002
-50.34530
-49.61884
-47.70867
-48.18772
-47.29861
-45.75363
-45.91011
-48.86310
-46.50065
-49.26686
-48.48836
-47.66921
-46.43135
-47.03737
-45.45167
-48.64551
-46.67518
-47.86150
-47.48408
-46.04837
-46.89331
-47.32006
-46.67223
-45.69625
-47.98962
-49.01441
-46.76797
-45.56310
-46.63446
-46.20755
-46.02633
-47.84930
-47.18176
-47.29852
-43.14965
-46.57496
-48.36792
-47.31644
-48.07026
-46.62719
-47.38060
-47.98277
-47.52087
-47.42594
-47.30597
-47.80126
-48.87742
-48.44693
-50.13314
-45.85072
-46.94837
-46.16833
-44.98680
-46.39042
-47.01004
-46.96998
-47.57837
-47.54632
-47.53322
-45.06128
-47.41576
-45.28689
-44.98758
-46.40471
-44.09427
-47.41107
-48.13870
-46.62728
-47.51809
-49.35744
-47.50583
-48.52620
-45.90138
-46.37251
-45.79963
-47.67214
-47.39863
-44.57346
-46.43822
-45.55752
-45.89723
-46.11830
-46.52512
-44.80709
-48.32232
-47.21535
-45.91990
-46.70979
-46.97547
-45.28092
-46.34113
-48.12066
-45.56445
-48.19116
-46.68009
-48.68425
-46.78707
-44.68349
-45.83829
-47.17294
-44.33621
-46.02319
-44.81250
-47.29822
-47.63539
-46.98309
-46.85306
-43.76680
-46.43500
-46.54900
-45.91952
-45.56897
-45.40428
-46.47125
-43.59430
-46.42822
-46.82253
-43.86240
-48.62696
-46.80197
-44.69101
-45.57090
-47.27052
-45.59413
-46.11071
-44.69337
-48.78111
-45.77499
-47.10403
-46.14793
-45.51292
-46.34827
-45.61566
-47.96231
-44.46203
-45.77390
-46.30441
-45.81489
-44.77901
-43.38734
-44.47677
-45.90619
-46.45923
-47.32358
-46.31296
-44.03058
-46.98335
-43.89588
-45.90576
-48.07696
-44.83909
-47.32806
-45.23999
-47.65335
-47.82492
-46.50300
-45.42629
-46.68306
-45.57216
-45.88443
-45.74093
-45.31536
-45.28889
-45.56340
-45.08571
-46.35344
-47.10478
-46.38234
-46.37775
-46.86939
-43.76488
-46.37869
-43.52689
-46.15094
-44.92541
-44.33927
-43.22989
-45.49289
-43.89297
-45.91155
-45.97207
-45.28729
-44.36121
-44.05615
-44.04918
-47.77139
-44.48996
-42.79153
-45.21946
-45.97862
-46.66609
-47.16060
-44.46745
-42.63406
-45.66378
-45.58859
-47.35985
-44.11752
-44.77996
-43.82672
-47.80640
-46.01430
-42.41131
-44.46322
-43.69318
-47.30400
-43.09102
-43.94900
-45.09668
-46.37715
-42.89203
-44.11816
-46.00575
-45.18032
-44.43436
-44.60884
-44.41422
-45.64271
-43.53924
-45.43878
-43.81066
-45.80685
-42.38560
-45.61509
-42.95986
-47.82026
-44.98557
-45.80813
-46.75319
-46.02639
-45.09264
-45.83124
-45.58253
-44.57383
-44.16072
-44.35149
-45.54069
-44.34122
-44.43720
-43.16060
-42.27368
-47.31848
-45.35135
-45.35753
-44.01244
-44.22791
-44.96026
-42.97281
-46.26548
-45.20798
-44.21366
-41.60509
-44.93454
-42.73211
-48.20241
-44.56745
-44.90760
-42.64429
-44.06942
-42.56289
-43.73437
-43.88490
-43.43417
-45.18967
-44.09757
-42.94957
-44.76310
-44.54178
-46.67959
-43.85073
-43.47601
-43.08177
-40.86392
-43.37207
-44.10176
-42.85361
-43.90358
-44.94964
-44.30034
-46.19404
-44.73090
-41.78159
-44.18263
-42.54608
-44.02312
-43.35917
-44.44452
-42.80674
-44.37738
-41.50275
-44.19953
-44.36967
-42.73361
-43.51070
-40.68552
-44.09048
-45.02333
-43.32093
-44.48195
-44.17232
-42.50801
-41.87913
-42.52244
-43.31699
-42.49368
-44.76581
-43.05520
-45.44770
-42.85438
-43.19065
-44.24858
-44.27449
-42.92468
-39.86891
-43.14505
-43.90914
-45.87508
-41.10289
-43.74947
-43.42675
-43.48614
-43.80355
-43.06786
-42.56846
-43.88614
-43.37254
-45.76914
-42.72075
-42.68432
-44.38062
-42.59337
-45.61057
-41.88088
-42.67816
-45.54882
-42.42250
-43.36698
-42.95287
-42.90732
-43.27503
-43.63176
-41.25443
-42.40975
-43.64631
-41.84973
-43.89927
-44.63041
-43.42023
-44.42334
-43.17567
-43.05643
-42.01471
-41.83399
-41.92379
-45.32132
-42.26361
-40.84418
-43.18272
-43.21531
-41.10659
-42.01867
-44.63959
-42.02060
-42.22311
-42.17981
-39.42734
-43.45869
-42.89272
-41.51665
-42.90999
-41.88258
-41.51152
-40.85033
-41.90592
-40.97154
-42.11323
-41.90499
-40.97792
-43.53633
-44.93794
-42.01019
-43.84869
-41.12032
