-22.74 -25.40 -5.97 -34.76 -11.21 -14.47 -11.85 -27.47 -37.47 4.40 -13.95 -28.15 -31.05 -33.79 -7.92 -4.26 -20.69 -34.01 -30.46 -26.65 -8.80 1.66 -9.24 -16.75 -6.24 -24.76 -24.10 -3.11 -24.07 -2.07 -29.24 -2.51 -11.84 -21.74 -3.29 -0.64 -20.84 -23.05 -0.03 -8.75 -11.99 1.75 -24.34 -31.01 -24.07 -24.07 -16.07 -17.25 -16.75 -1.97
-32.60 -29.79 -1.10 -37.14 -34.99 -18.69 -9.80 -29.75 3.07 -23.24 3.36 -5.37 -28.30 -18.34 -27.02 -3.84 -28.34 -3.51 -14.75 -1.74 -9.77 -16.74 -28.25 4.31 -34.25 -10.54 -14.10 -16.74 -4.99 -11.54 -20.74 -22.49 -12.30 -1.74 -7.77 -12.27 -1.24 1.25 -8.61 1.04 -9.75 -7.97 -7.15 -10.26 -5.74 -22.79 3.21 -10.74 -20.24 -32.07
-19.76 -33.97 -32.64 0.66 -3.32 -23.10 -13.15 -0.95 -4.64 -12.34 -34.76 -32.85 -30.25 -9.46 -3.30 -24.87 -30.90 -36.80 -12.84 -4.25 -39.24 -35.88 1.62 -9.29 -35.84 -3.25 -18.75 -28.01 -2.53 -1.53 -30.25 -17.14 -32.10 -31.11 -15.61 -22.55 -13.74 -15.52 -20.92 -8.38 -2.74 -2.30 -15.77 -23.77 -15.30 -25.52 -19.06 -11.06 -35.06 -3.06
-8.79 -12.43 -36.05 -35.35 -3.38 -18.90 -5.94 -11.76 -30.47 -22.35 -6.14 -12.03 -15.64 -15.74 -14.77 -5.37 -30.75 -13.51 -21.25 -24.25 -35.64 -13.64 -10.53 -34.53 -33.05 -7.95 -31.45 4.90 -9.55 -10.97 -18.03 -10.40 -26.40 -2.90 0.26 -27.42 -11.03 -30.76 4.65 -23.30 -12.38 -0.77 -0.75 -12.25 -11.76 -8.74 -12.24 -8.74 -0.75 -4.75
-1.97 -38.03 -25.38 -0.51 -7.04 -17.54 -29.49 -28.06 -38.30 -36.10 2.94 -7.24 -28.87 -34.37 -8.99 -28.54 -0.30 -7.93 1.26 -3.11 -3.37 -15.87 -2.26 -30.26 -31.95 -31.95 -8.95 2.36 -0.55 -39.05 -0.84 -17.45 -41.24 -30.94 -5.44 -21.47 -23.53 -28.85 -6.75 -19.25 -17.55 -5.84 -25.26 -10.55 -26.55 -22.55 -22.55 -34.55 -13.55 -4.26
-6.46 -28.46 -33.11 -6.46 -3.46 -23.57 4.49 -16.25 -22.69 -25.97 -10.64 -1.26 -6.75 -11.25 -34.74 -0.74 -22.11 -13.19 -13.64 -2.44 -22.51 -33.19 -17.04 -33.19 -9.03 -37.24 -11.94 -40.03 -2.94 -21.44 0.53 -10.97 0.86 -9.64 -2.05 -11.14 0.86 0.86 0.86 0.86 0.86 0.86 0.86 0.86 0.86 -4.14 1.16 -19.34 4.16 -11.74
-35.45 -32.54 -5.47 -25.51 3.20 -1.46 -16.38 -30.24 -20.88 1.81 -35.74 -24.69 2.21 -4.25 -19.19 0.81 -14.69 3.57 -17.61 -29.43 1.86 -31.29 1.36 1.36 1.36 1.36 1.36 2.36 0.70 1.20 -3.11 -12.74 -33.24 -29.94 -34.84 -17.84 -30.64 -16.47 -15.74 -22.24 -11.95 -0.95 -7.87 0.96 -19.54 -2.02 -36.37 -9.47 -8.92 0.12
-32.93 -12.10 -13.97 -7.44 -14.55 -10.74 -3.47 -31.47 -10.47 -5.74 -19.24 -11.14 -33.14 -23.44 -32.60 0.36 -16.74 -14.79 -18.77 -23.35 -29.74 -24.14 -11.47 -34.47 -3.35 0.86 -37.14 3.56 -31.47 -26.47 -24.05 -30.94 1.06 1.06 3.06 0.12 0.12 0.12 -24.38 -2.74 -6.30 -4.27 -0.96 -2.47 -19.77 1.26 -6.74 -27.47 -32.47 0.99
-8.52 -21.60 -30.34 -17.52 -6.56 -13.54 -32.24 -25.34 -10.10 -16.74 -13.74 -30.10 -29.99 -2.37 -28.49 -3.60 0.46 -14.74 -36.02 -7.75 -16.10 -15.06 -38.52 -33.30 -19.99 2.75 -22.40 -30.37 2.25 -3.82 -26.75 -6.85 -30.85 -27.85 -19.74 -6.51 -32.84 -0.61 -15.30 -21.52 -37.52 -4.02 -16.25 2.46 -6.74 -42.24 -15.54 -2.56 1.46 -35.10
-0.34 -12.55 -1.60 -28.84 -1.05 -19.47 0.03 -15.15 -37.15 -4.64 -11.15 -4.26 -4.34 -12.25 -1.53 1.65 -33.64 1.45 -23.05 0.97 -15.64 -5.64 -2.74 -14.75 -0.75 -0.75 -8.75 -12.25 -20.24 -12.74 -8.37 -7.24 -3.25 -14.25 -11.76 -36.32 -13.01 -35.90 -26.25 -33.46 -16.87 -15.40 -15.34 -24.30 -26.80 -8.53 -34.95 -21.95 -15.01 -17.01
