22.55236
22.86822
22.01644
21.94786
22.95716
22.95636
22.45432
22.71970
21.79952
21.71090
21.72100
23.48612
22.60608
23.53472
23.91714
21.91314
22.77474
21.42178
22.97004
22.26296
22.96520
21.70744
22.58830
21.87506
22.67534
22.29738
22.13838
22.84134
23.05780
22.17580
21.88122
22.78368
22.12314
22.86352
22.26990
22.69312
23.56396
22.76812
21.71188
21.36904
22.40872
23.33156
21.90346
20.84844
22.40544
22.15126
21.57898
22.18042
23.69870
22.05160
22.36468
22.21196
22.66178
22.61860
21.34134
23.07176
22.59662
21.21508
22.02074
22.18934
22.66650
23.12920
22.02988
21.32554
23.03650
22.00120
20.92606
23.08016
21.86450
22.89298
23.08424
21.48622
20.06436
22.71802
22.34890
20.59774
20.86466
22.42132
22.42696
22.61654
22.29838
21.85358
22.90258
21.20662
22.08086
20.37626
20.68110
22.12312
21.32794
20.92884
20.44876
20.47932
22.56758
20.89410
20.98748
21.59302
21.58842
21.88494
21.34872
20.97564
21.85746
21.73984
20.68242
20.74976
20.86872
21.33926
20.66124
21.58510
20.77942
20.62566
21.97550
20.94118
20.76032
21.37978
20.54860
21.56334
20.59710
22.29318
21.32484
19.82564
21.70446
21.73682
21.20298
20.44442
21.89962
19.85270
21.81654
20.82842
21.12546
20.36562
21.00948
21.48068
21.19766
21.56248
21.35342
21.05802
21.37986
20.74134
20.90130
21.13856
22.08520
21.95546
21.66594
22.34550
20.40710
20.48912
21.41384
20.84880
21.81534
20.38434
20.21476
21.56760
20.13902
20.35666
22.54262
19.79878
21.24614
20.48448
20.14176
18.98208
20.80418
20.99042
20.81354
22.54626
20.75350
20.74278
20.40426
21.12830
21.08326
20.89524
21.35948
19.53464
20.04706
20.32796
21.46730
20.78458
21.59432
20.98432
21.08144
20.49352
21.25250
21.11594
21.19722
20.39578
20.00152
21.16378
19.27674
20.27332
21.07314
20.04330
20.05106
19.89734
19.98934
21.30676
20.20558
20.86970
20.87584
20.42158
20.90370
21.64460
20.16328
20.43026
20.57544
20.59518
22.40174
21.37870
19.88344
20.79464
21.57564
19.46800
20.52050
20.70284
20.52758
19.24998
21.51030
19.86184
20.98174
20.89886
20.81574
20.32698
19.64876
19.39280
20.91096
18.97260
20.96784
21.31840
21.10206
20.18240
20.22594
20.89276
20.69682
20.44960
20.55086
20.55662
20.34810
21.59788
20.02774
20.35698
20.58988
19.81562
21.82286
19.78848
20.34820
20.54166
19.77854
20.25982
19.94954
20.18060
19.60440
20.47594
19.55538
20.34320
19.50910
19.55142
20.02424
19.82248
21.45740
19.50808
20.91552
20.12312
20.94118
18.97782
20.63106
19.41400
21.12904
20.69424
19.27478
20.43742
19.18874
19.92468
19.23702
20.65346
19.03532
20.71168
20.29362
20.02928
19.32858
18.70836
20.14226
19.60450
19.80764
20.45804
19.91468
19.62786
19.08288
19.94592
19.65470
19.61334
18.86060
18.76890
20.29468
20.63858
19.51582
19.88850
20.32528
20.25492
20.98090
19.67462
20.84746
19.67792
19.80846
20.88696
20.22642
19.59464
18.03274
19.27846
19.53394
18.44090
20.48838
18.99400
20.08432
19.61314
19.16674
19.17724
20.14982
19.57298
20.70152
19.87746
20.05212
19.40214
19.56742
19.88036
19.26764
19.93164
19.30516
20.25728
20.07224
19.76134
19.82036
20.58970
19.13090
19.21310
19.86160
19.13634
19.26258
19.02676
19.34276
19.45232
19.31414
20.25704
18.63900
19.18062
19.83382
19.43886
19.80730
20.39650
20.56752
19.85228
20.02616
18.86580
18.46398
18.68934
19.57158
20.12528
18.88202
19.58002
20.42386
18.94372
19.17876
20.90298
18.76550
20.97550
19.72456
19.84420
18.02944
19.51212
19.87942
18.21354
19.31476
17.94342
19.80174
19.01096
19.24462
19.32614
20.51344
19.97338
19.08464
20.48212
20.13774
20.80686
20.37336
20.51572
19.07014
19.59422
18.62946
18.76028
18.59798
18.89276
19.92470
18.44714
19.35258
19.24986
20.67500
19.07416
18.87350
19.16498
19.42886
20.43712
20.48776
18.80946
20.32586
19.95858
19.41868
18.30086
19.04268
18.49346
19.68906
18.46442
18.80224
19.18462
18.86936
18.51788
19.51942
18.83226
18.78272
19.58828
19.05692
19.50140
19.04534
19.27394
19.05974
19.41938
19.08162
19.64502
19.52774
18.80964
19.26892
18.06202
19.26644
19.50566
18.71930
19.46348
18.33092
20.22878
19.15052
18.75840
20.20236
19.31798
18.91034
18.73186
19.77374
17.83004
17.99054
18.55744
18.93348
18.58358
19.22012
18.88026
18.71728
19.42606
19.20664
19.67848
18.63594
20.86192
19.83380
18.04454
19.39170
19.65634
19.26590
19.36116
18.77172
19.95242
20.36696
18.49496
20.42458
19.53000
18.86666
18.75440
18.70882
18.20982
19.59402
18.53058
18.89922
19.08758
18.78116
19.52424
19.83488
19.26758
19.48998
19.36522
19.95318
18.52434
21.12352
18.61022
20.35256
17.63052
18.31858
18.67902
18.52832
17.74184
20.03220
19.39954
19.74842
18.23578
19.27162
18.36664
19.63130
19.19032
18.09314
19.56930
19.53364
18.57288
19.50568
19.46792
18.18212
18.98092
18.18668
18.54576
18.29750
18.91792
18.20170
18.44056
18.16430
18.74402
18.50972
19.63964
20.26336
19.67670
17.52014
18.28620
19.24018
17.82410
19.11178
19.38422
19.89810
19.41104
18.92306
18.48496
18.37458
20.13506
18.68648
19.13632
18.78220
18.90184
19.92220
19.72216
19.06774
18.45132
18.86984
18.35936
17.92536
18.99452
18.26238
18.46168
18.26572
18.22746
18.34492
18.99996
19.53766
17.93512
17.83514
17.93364
20.08808
19.27076
18.44402
19.18742
18.80774
18.58708
17.53112
18.04824
19.46176
18.23712
19.30300
18.14554
19.11698
18.56196
19.17988
18.25252
17.66566
19.71830
18.40620
18.82796
18.00944
20.56068
18.55596
18.75954
18.23986
18.73248
17.91344
18.23496
20.40672
19.28708
17.24540
17.68260
18.87666
17.25330
18.27966
18.86598
17.89796
18.87068
18.33724
18.42398
18.21540
18.80042
17.53696
20.58046
18.53114
18.14772
18.62790
18.63056
18.20012
19.14704
17.30826
18.96428
18.76254
18.82294
18.05596
18.78246
18.66976
19.07262
17.99914
18.92316
19.78110
17.58220
17.07414
17.42426
17.27818
17.42510
20.40424
18.01686
18.71228
17.90010
18.50384
16.88976
18.72554
19.65944
18.28392
18.74592
18.19736
18.89124
19.35828
18.46906
17.99932
17.81930
18.32494
18.24356
18.20526
19.37460
16.82122
18.63764
18.48920
18.68586
18.44708
18.19936
18.45560
18.98090
18.61326
18.64666
17.08742
18.14860
18.52056
18.54618
18.79998
18.49632
19.65964
18.37904
18.33746
17.77102
18.88758
18.49568
18.56910
18.31054
18.32590
18.40340
18.41128
18.24370
18.48318
18.63240
18.19478
18.05728
18.62988
18.18590
18.23140
18.77582
17.87596
17.97584
18.09626
17.49188
19.15590
18.13608
18.64584
19.02530
17.73738
18.53476
18.01496
18.26902
18.99660
18.83794
17.59194
17.29828
19.14100
18.07220
18.69330
19.03072
18.60364
18.81420
19.10848
19.43268
17.98642
19.03258
17.60310
18.90342
18.37000
18.03578
19.84586
18.90182
19.41498
18.08228
17.74578
18.29236
17.45594
18.40962
17.65776
19.80644
18.40738
18.48000
17.40328
17.87640
17.47274
18.84866
18.93984
19.02550
18.56074
19.01012
17.70172
18.71588
18.49666
18.30058
17.69560
19.10720
18.87274
19.17250
19.33788
18.40260
17.90282
19.52962
18.28952
18.98490
18.86414
18.60764
18.58954
18.32522
18.60784
18.07822
18.21838
18.22182
18.53810
19.02860
18.00450
17.28664
17.98034
17.37158
18.22094
17.75890
18.48076
17.95530
18.79804
17.91162
17.81470
19.24238
17.73036
18.34222
19.11912
18.95628
18.31938
18.39596
18.96116
18.03512
19.35814
18.74866
18.27600
19.12188
18.12148
17.65680
19.53058
17.41034
18.38468
17.39178
18.01230
18.81832
17.84416
18.13566
18.80154
18.09812
18.50660
18.69602
17.81114
17.98192
18.54878
18.58530
19.30708
18.38564
17.32090
18.73982
18.82748
17.61162
17.60882
18.51966
19.38784
17.59776
17.65792
17.43224
17.36098
17.78396
16.86920
18.69058
17.48484
19.62200
18.14260
17.42604
17.63894
17.55210
18.30892
17.33444
17.69996
18.38788
17.50054
18.04952
17.90760
18.91874
19.01116
18.17074
18.75282
17.48648
18.68786
18.06606
18.90776
18.33172
17.85414
18.44980
18.59602
18.14692
18.64666
19.81094
18.21252
17.10084
17.85710
18.37274
18.31894
17.94834
17.46390
18.35748
16.61346
18.93400
17.67684
18.15146
18.28986
17.30514
18.06848
17.61880
17.22244
17.28396
17.79460
19.05556
18.49980
18.05142
18.03516
18.24528
18.43540
17.67736
17.12878
18.02762
17.71782
19.08746
18.64508
17.13936
19.00062
17.88114
18.91312
18.39940
17.62064
18.41638
18.42000
18.81398
17.28634
18.04576
18.91632
18.20834
18.37506
17.71952
18.74352
17.11606
17.88590
18.73928
18.14174
17.18766
17.58026
16.87688
18.15336
17.56790
17.20118
19.25426
18.49562
17.08330
19.02880
18.40150
18.48186
18.89328
18.56286
18.99110
18.68780
18.36272
17.67398
17.18932
18.94050
17.67014
17.53924
17.27482
17.54120
18.07582
18.87590
18.40932
17.38184
18.29846
17.57070
17.57914
18.61862
17.69872
18.14102
18.03082
18.81784
18.07336
17.87914
18.33058
16.82012
17.64858
18.36086
17.92786
17.43644
19.68126
17.23612
18.03594
18.51240
18.85238
18.41742
17.80664
18.39028
17.61712
18.18950
17.61396
17.74698
17.58584
17.30386
18.55740
19.11142
18.69378
17.72154
17.18162
19.23196
18.36138
17.19230
18.57726
18.49616
17.42844
17.77994
18.00640
18.15470
18.10164
18.89380
18.27854
18.42846
17.42544
19.57148
17.73752
19.06236
18.62580
18.12932
18.14522
17.20610
16.80144
18.25530
18.14774
17.59074
17.77640
17.34040
17.57884
17.29074
18.34882
17.82688
18.75696
16.69854
17.07028
17.87994
17.96262
17.58466
18.65568
18.18736
17.84522
18.46946
17.30432
18.46978
18.57878
18.31296
16.74604
17.37854
17.47216
18.41128
17.96722
16.83756
17.34568
18.86062
18.12560
17.06914
17.89126
17.51210
17.18770
16.54760
17.61830
18.19176
18.28176
17.65426
17.81102
17.30460
17.99090
19.20262
17.05142
18.05666
18.73340
17.26388
16.66886
18.37474
17.96796
18.52158
17.56104
17.49976
16.86334
17.02578
17.50088
16.94686
17.72954
17.28312
16.78826
17.54876
18.61732
18.77220
17.71426
18.89780
16.28744
17.96514
18.67426
16.85548
17.88860
17.95470
16.72362
18.03918
17.90148
16.95760
18.18826
18.07370
17.90458
17.97406
17.48686
19.04428
18.48880
18.49858
17.55456
18.00478
18.32434
17.48838
17.33122
18.22378
18.65848
16.38430
17.59484
18.59448
17.40460
17.20908
18.73272
19.00898
17.51064
17.75580
17.89022
17.45390
17.58200
17.98648
18.66480
17.09006
17.67380
17.96456
17.24796
17.03396
16.37752
18.74880
18.24358
17.67684
17.95834
17.32490
17.29766
18.36374
17.91924
18.44966
18.46642
16.57514
18.01776
18.33006
17.75322
17.08426
16.78330
17.13656
18.55320
16.63042
19.43198
18.70766
18.07006
17.53458
17.70076
17.18686
17.61308
18.11676
18.54318
17.51504
18.37960
17.33474
17.40128
17.78604
17.21028
17.11402
17.84824
20.34866
19.09202
17.92724
17.55188
17.36224
18.43404
17.54970
17.20546
17.24636
18.19000
16.87478
18.88082
19.01622
16.56808
17.23320
17.11936
18.47708
16.27866
16.67918
17.59158
17.71010
18.99030
18.02812
17.41842
16.99082
18.58580
18.18524
17.78990
18.21858
18.41956
18.22764
17.21652
17.85996
17.36504
18.66950
17.79968
17.28314
17.58014
18.18102
17.84434
16.95624
17.71966
17.56740
17.94362
18.08494
17.83894
16.93528
17.73844
17.82812
18.25950
16.59194
16.93902
17.99690
16.85932
16.92148
17.52194
16.56566
17.90314
17.44404
17.27540
17.56094
16.76638
17.39536
17.47272
17.46438
18.60634
17.51334
17.84796
17.24726
17.48138
18.86202
16.89450
17.44514
18.41612
18.47802
18.23378
16.77080
17.71924
17.12392
17.01378
17.17214
17.70380
16.91238
16.89508
18.05772
18.61584
18.31886
17.39080
18.20728
17.53022
17.31034
17.88768
18.27062
18.10900
17.68848
18.18650
17.26364
17.32676
18.23172
17.29440
17.10596
16.88232
16.49674
18.12978
17.49638
18.86774
17.46900
17.25286
17.35060
17.55124
16.71620
17.20802
17.70772
18.54518
17.62780
18.82112
17.24638
17.22172
18.34452
17.33290
16.05150
17.25784
18.43394
17.85854
18.21578
16.72086
17.69966
16.69596
17.42016
18.70170
18.14486
17.67452
17.64980
19.00744
17.68430
17.65624
17.72128
18.31652
16.73818
17.12162
16.81222
17.34454
17.57768
17.44440
17.08002
17.54796
17.14726
17.38030
17.96068
18.17546
17.75144
18.18266
16.79648
18.07774
17.39680
16.35290
16.03974
18.42888
17.12920
18.62236
17.96840
16.36344
17.50670
17.42560
17.60008
17.69022
17.56672
17.93292
19.08596
17.66078
17.38870
18.02384
17.44086
16.27900
18.72378
16.76952
17.36392
16.70986
17.74238
18.72272
17.80306
16.47818
17.59230
16.89314
17.14702
18.78252
17.42018
17.75618
19.05032
19.20358
18.05342
17.38644
17.36984
18.14188
17.76412
17.33882
17.90566
17.77560
18.02700
18.41054
16.93666
16.64022
18.02198
17.77646
16.46290
18.32580
17.42100
18.58356
17.62300
17.56142
15.24364
17.62224
18.84670
17.94062
18.00616
18.21054
17.44066
16.40544
17.40334
16.01574
16.57902
16.58744
16.93524
17.40518
17.30952
17.00984
17.53748
18.10696
17.56340
17.63860
18.43146
18.15848
17.25968
17.56826
17.15630
17.76112
16.60878
17.15224
18.09346
18.59544
17.85024
19.07538
17.57178
17.92938
17.46542
17.37328
17.57962
18.29196
17.85854
17.67796
17.82118
17.69586
17.43056
17.43742
16.51360
16.71824
18.46508
17.79518
17.61012
17.56432
17.51364
17.08438
17.35316
18.10176
16.57230
17.88526
16.05352
16.35926
17.59424
18.81752
16.61938
17.01812
18.04094
17.23538
18.73874
16.31778
17.14990
16.88078
16.94234
17.35562
17.97922
17.80814
18.14982
17.08552
17.17844
16.41806
17.42378
17.21482
18.16220
17.21196
17.60534
17.53166
17.63718
17.42120
17.27394
17.47062
17.83092
15.92526
16.89100
16.95056
18.35652
16.57648
18.21376
18.02964
16.08288
18.26900
16.51372
17.74516
17.07768
16.95320
17.71244
17.28594
17.46358
16.60372
17.00718
16.85746
18.56958
17.43488
17.54566
17.29104
17.23670
16.38720
17.69370
16.55722
18.18222
17.00510
17.90940
17.33408
18.53168
16.91502
17.49498
17.70884
16.54412
17.55290
17.30472
17.07394
16.88660
17.41012
16.92868
16.22804
18.89766
17.57010
16.96834
16.81758
17.16324
17.49896
17.56936
16.79110
17.53128
17.48974
17.69460
18.57328
17.76404
18.56684
17.73862
17.35158
17.54822
17.03954
17.26854
17.83936
17.62090
17.70218
17.02166
18.18874
17.96814
17.34844
16.39608
17.58664
17.18088
17.63596
18.92714
17.14218
17.29230
16.33482
17.97792
16.70424
17.02682
17.02040
18.18144
16.99184
17.73594
17.82336
17.46362
18.15526
18.27714
18.21634
16.75782
17.79658
16.50780
18.41330
17.44380
16.91668
16.08498
18.61724
18.00794
18.03056
17.89214
17.37198
16.21934
16.84500
17.81822
17.22710
17.85138
16.52120
17.46292
17.12514
18.02254
17.35782
18.08232
16.92342
17.52098
17.91786
16.73680
16.27830
17.04398
18.27618
16.62688
17.46694
18.70558
17.72486
17.42300
17.59644
16.69698
16.29060
17.87622
17.27206
17.05792
18.61378
17.29800
16.83038
17.69608
17.30974
16.96434
17.20408
17.19476
17.49138
17.41836
17.82966
16.59988
17.52906
17.31986
17.61502
17.85072
17.42444
16.97748
16.69726
17.44854
17.68784
17.19972
17.75490
17.29876
16.74682
17.13108
16.78696
16.34462
17.48570
17.27154
17.30944
17.01138
18.05064
17.19714
16.74204
17.94674
16.06604
17.89412
17.67882
17.74274
18.05774
16.56358
18.82178
17.35602
17.92498
18.31448
18.29460
18.06254
18.13662
17.66376
15.52928
18.64476
17.35280
16.26268
17.28620
16.93698
18.56082
17.86686
17.63116
18.25660
15.99290
17.39436
16.74500
17.17656
17.39918
17.95310
16.91720
18.68314
18.29160
17.69706
17.09856
17.85322
17.81404
17.66702
16.14862
16.85138
18.56862
17.68868
18.24130
16.75984
17.07102
17.19040
17.85466
16.52254
17.56446
16.87646
16.74488
17.44898
18.10024
17.55906
17.95664
17.54842
18.07966
16.94958
16.67092
17.05168
16.12578
17.13574
17.53256
17.49680
15.87710
17.98932
16.62682
17.10132
16.81896
16.97416
16.74338
16.79994
17.11070
16.52976
16.93238
17.51772
17.39804
18.34138
17.60828
16.02420
17.02148
16.46562
15.71512
18.24934
16.95942
18.37416
16.90182
17.57100
16.06242
17.50578
16.59324
17.10540
17.08612
18.25896
18.39226
18.00226
16.92260
17.48880
18.02328
17.16512
15.96074
16.69862
17.50878
17.83168
17.78666
17.07378
16.98102
17.76302
16.68182
17.08794
17.35534
16.14796
17.59150
16.55274
18.12952
16.16460
17.60474
16.72580
17.40760
18.33686
17.39412
17.17966
17.53816
17.02868
17.51002
18.28628
16.97190
17.28722
17.35252
18.36162
18.05052
17.91394
17.59994
17.28436
17.82124
18.14206
16.56632
17.34662
16.52016
17.82358
16.79496
16.89282
16.11322
17.96924
17.97714
17.13024
17.93888
17.20912
18.07666
16.92484
16.92350
17.58102
17.59436
17.01804
16.82216
17.49900
18.40692
16.91544
17.32050
17.78192
17.28506
16.67258
17.54066
17.92758
16.14678
17.47726
17.48390
17.85996
18.25606
17.23758
17.10290
17.36842
18.19412
15.51284
17.70868
17.33558
17.00216
17.50810
17.22094
16.38404
18.36190
16.72004
17.06374
18.21900
17.28538
17.68454
17.92646
16.13006
16.97360
17.46372
17.89250
16.52386
17.40556
16.50106
17.37862
17.57622
17.33110
18.88954
18.21742
17.01814
17.47740
17.95142
16.80232
16.82866
16.91628
17.21702
17.57220
17.87006
17.38796
17.08162
18.44018
16.92556
16.31456
17.20422
18.02956
16.38906
17.16000
16.27068
17.36736
16.65472
17.36774
17.54414
16.57828
18.24002
16.49766
17.21092
16.71674
17.09314
18.00996
16.31004
17.51172
16.47718
17.43394
17.94574
16.20834
18.29464
16.77728
17.53350
17.25704
17.74754
17.16134
17.83426
16.57402
16.97058
17.46032
17.17492
17.16220
16.66088
17.63954
16.40908
16.96120
16.74856
16.40228
16.19482
17.70554
18.22338
17.27350
18.20150
17.72450
18.00608
17.09208
17.11924
17.30510
17.11706
16.77910
16.83564
16.65856
17.22050
17.11542
16.58886
17.11058
16.79698
16.87976
17.19890
16.54974
17.56832
16.35424
18.25016
16.53342
17.02738
18.22944
16.54358
17.40756
17.43910
17.04246
17.13834
17.44556
18.07826
16.72770
18.75298
17.39660
17.39476
18.52472
16.91206
16.59474
16.80032
17.74242
17.90500
16.76882
17.36004
16.69044
16.40522
15.42836
16.13932
16.79446
17.07686
18.10160
17.65734
15.86784
17.21194
17.98984
17.30150
18.60998
17.29464
16.58214
17.56472
17.64344
16.40918
17.31486
15.80000
16.79432
16.37910
17.08222
16.93172
17.26410
18.15030
18.11490
17.38312
16.94660
17.10932
15.86878
17.67000
16.88224
16.48424
17.46522
17.32740
16.37076
18.06882
16.29040
17.55044
17.01606
17.20648
16.63308
16.53042
17.50946
17.36494
17.13120
17.06082
17.66118
18.57556
17.79286
16.43214
17.75468
18.77626
17.71172
16.91046
17.23850
16.57258
16.44352
16.14646
17.00172
16.81632
17.50522
17.92498
17.18410
17.12268
17.94316
17.49550
16.80246
17.80448
17.38420
15.84476
16.47802
16.73218
17.01320
16.42286
16.92184
17.14442
18.10262
17.79306
16.61924
17.54374
16.32974
17.14886
16.49646
16.59704
15.94796
17.83462
17.58552
17.73006
17.26718
16.76552
16.97542
18.06038
16.42496
16.45444
17.05144
18.31946
18.02962
16.11148
16.75392
18.02780
16.77296
17.48734
16.48404
17.75304
16.92388
16.99106
16.57852
17.51430
17.59528
17.03772
17.36284
16.94388
17.56966
16.86474
17.63104
17.49238
17.74118
17.08602
17.87548
16.53488
17.44580
17.08408
16.64786
18.18064
17.38400
16.92656
17.02148
17.63352
16.66986
16.75368
16.91304
17.62580
16.20628
15.68788
17.57898
18.15946
17.48644
15.58494
18.05854
17.19316
17.45906
17.05686
18.56578
17.07666
18.18084
17.05042
17.41102
16.50494
16.81164
18.22200
16.56848
17.91526
17.94050
18.01950
15.66900
17.16762
16.98562
18.69628
17.63434
17.03122
16.02108
16.91520
16.04754
17.41494
16.75884
16.80036
17.31250
16.68702
17.28234
17.00270
17.06828
16.87108
17.31824
17.16042
17.61204
17.45114
17.28232
17.05336
19.01622
17.75882
17.66612
16.27874
16.97282
16.47930
18.00356
18.66174
16.87770
18.11738
16.63432
17.76612
17.06926
16.61700
16.52684
17.88104
17.35134
16.98114
17.82266
18.59766
17.54426
17.61748
16.98572
18.02494
16.32676
17.16726
16.26738
18.05018
17.04568
16.42720
17.40244
16.18214
17.76008
17.47656
17.20628
17.29120
16.88340
16.49938
15.90928
17.80676
17.15548
16.86458
17.38938
17.73196
17.15204
18.58120
17.94162
16.57004
16.34712
16.29874
17.07142
17.71360
18.88430
17.55568
17.53476
15.88072
17.10232
16.99342
16.67616
17.36272
16.30514
16.89774
18.35628
16.45576
17.14262
16.16140
17.83180
17.30854
16.91132
18.73598
16.73990
17.58456
16.48018
17.11204
17.04014
16.97276
17.08412
17.43898
18.26648
16.48910
16.80790
16.21942
16.44154
16.11532
17.06434
17.28248
15.59872
18.23476
17.72190
16.99518
18.79680
17.44598
16.27450
18.46616
16.66698
16.77930
17.34966
17.01460
16.93232
16.58840
15.96598
16.39398
16.61826
17.57496
16.71386
17.43970
17.19652
16.53324
16.88554
17.40316
17.08588
17.49402
17.68806
17.69436
17.04938
17.23186
17.62696
16.59734
17.16896
17.43086
17.80334
17.60852
18.37616
16.35372
15.28674
15.35220
16.22996
16.73904
16.79092
16.37916
18.00874
17.20958
17.69252
17.65132
16.93558
16.74260
17.40188
16.75610
16.94064
17.43126
17.38278
16.93390
16.56692
16.43570
16.71392
17.53100
17.24426
17.46594
16.41056
16.66794
17.26960
17.53610
18.50062
17.06466
16.91190
16.93992
16.98452
16.57008
17.93684
16.57476
17.57962
16.34694
16.57668
17.66340
16.08766
18.21904
17.14656
18.15172
16.33826
18.27170
16.88898
15.86348
16.96246
17.92472
18.52358
17.59006
16.74194
17.56436
16.38932
17.97494
17.63390
16.99090
16.67294
16.41416
16.53346
15.81490
16.63538
17.64314
16.82880
17.34552
16.59190
17.58294
17.94630
17.54364
17.13372
16.35604
17.64066
16.97898
16.90344
16.76318
17.18230
17.75164
17.52730
17.91126
15.68364
18.42594
17.10330
17.23866
16.03490
16.76948
16.78966
17.05236
16.07018
16.74874
17.20524
17.19308
18.02366
18.51080
17.45586
17.41432
16.77446
17.27002
16.66922
16.51198
16.88198
17.12010
17.05948
16.70408
16.54334
17.15454
17.13142
17.30538
17.00580
16.35268
17.75734
16.33364
16.23482
16.95248
15.46746
16.27086
16.20150
16.50594
16.91130
16.62984
17.41968
17.86680
17.30286
17.34608
17.75752
16.54154
17.95984
16.86980
17.72452
16.82216
17.24362
15.68026
16.66510
17.87834
16.81928
17.29790
15.35400
16.88128
16.84928
17.33282
16.91354
16.94150
16.66112
16.70826
18.12686
16.74882
17.10418
17.20330
16.79250
16.91646
16.89904
16.30198
16.42302
17.10440
15.94344
17.03088
16.44292
16.79286
17.79192
17.78132
17.69098
17.33630
16.58774
16.26796
16.94394
17.05612
16.19382
15.37104
17.49932
17.77708
18.28520
16.80178
15.97006
16.28226
17.00568
18.56764
16.89246
17.83702
15.84428
18.15842
17.75702
17.63388
17.12144
17.84942
16.32654
16.75102
16.53666
17.60394
17.53596
18.71566
16.09626
17.24320
17.18674
17.94458
16.78424
17.52170
17.63102
16.66294
16.92330
16.81078
18.50308
16.36208
17.67728
18.25384
16.87608
16.93540
17.28734
17.32588
18.05176
17.43456
17.41160
16.88188
17.00664
16.90186
16.34060
18.13958
16.37174
17.41218
15.55866
17.19442
18.06416
16.82378
17.47574
16.72256
16.65712
16.25376
17.15936
17.12858
18.63522
16.89968
16.16176
16.38226
16.78786
17.27368
17.34226
15.92026
16.44856
17.81902
17.78154
16.43532
16.58578
15.78044
16.41628
17.08030
16.93488
17.95144
16.74496
16.79608
18.57674
17.06722
17.79156
17.67144
16.35962
16.62408
16.28180
16.81658
16.00908
18.35964
16.65536
18.25912
16.95248
15.94578
15.49246
15.82640
16.25120
17.62294
17.76924
17.12666
17.22662
17.12156
16.94242
16.54556
17.12990
17.96108
16.41356
16.57454
16.72216
16.09436
17.10158
17.73794
16.51612
17.88730
16.94412
16.53344
18.00772
14.64972
17.51026
15.82924
16.89156
17.49274
16.58158
16.27594
17.19626
16.70914
16.60188
17.65098
16.28210
17.79204
18.48898
17.21532
16.92822
16.44804
16.66106
18.17344
17.25350
16.85578
16.32144
17.13028
17.96822
16.95990
16.86642
16.70354
17.51240
15.86510
17.22262
16.32028
17.23486
17.15694
17.92000
16.34664
16.97976
16.45182
16.30844
17.12118
17.18684
16.16390
17.39548
16.65600
16.61798
17.54022
16.53308
17.54434
18.02392
17.17464
16.65180
15.74334
16.40728
15.62416
16.38146
17.30492
16.41784
17.44040
17.17924
17.88270
16.95044
17.91100
17.07570
17.39236
16.65700
17.07748
16.63654
17.05340
16.75192
16.22844
16.05664
17.17664
17.61568
17.40572
17.06812
15.89640
17.49574
17.85866
16.91040
16.77136
18.00768
17.81276
16.64012
16.90400
15.83232
16.38774
15.69382
16.59714
16.86664
17.93488
17.53438
16.61346
16.41446
17.32584
17.65860
16.74722
17.51248
16.30112
16.93760
17.13012
18.04090
17.64732
15.76546
16.68814
16.25994
16.02638
16.54400
17.89452
16.99914
17.21922
16.52284
16.07014
17.15996
16.88304
17.10090
16.62112
16.66558
17.06980
17.28274
17.04172
16.58114
15.84862
18.34654
17.78230
16.70490
18.04146
16.60558
17.67092
17.08486
17.47100
15.46956
17.07454
16.44664
16.93458
17.73608
16.92590
17.29342
16.59210
15.82794
16.82054
17.24404
16.77550
17.09412
15.99182
16.40298
15.93098
17.68706
16.27210
17.35880
16.08404
17.00660
18.27758
16.44078
17.42218
17.08928
16.53698
16.90322
16.45134
17.57638
17.05680
16.95234
16.48594
17.67560
16.45644
17.29506
17.05216
16.70256
17.69094
18.02174
17.67544
16.68476
16.96822
16.29858
17.03686
17.77676
17.18826
17.68560
17.98882
16.70770
18.86392
17.38812
17.44594
16.90882
16.75862
16.02836
16.62660
17.41048
16.80114
18.30940
17.28604
16.97814
16.38688
18.21862
17.00886
17.13350
17.29252
16.07744
18.10196
16.38242
17.24404
16.58404
18.49832
17.68238
17.17424
17.33620
17.27310
16.37404
16.61536
17.36306
17.21842
17.00578
16.04460
17.12146
16.26146
17.88168
16.54972
14.98876
16.75272
18.15404
16.06418
17.66518
16.11506
17.08276
16.85466
17.90178
17.86438
16.15388
17.74412
18.53842
17.25636
17.82628
16.35634
16.34062
17.55100
17.32936
16.42226
16.43248
17.11766
18.22534
16.49950
16.14622
16.63332
16.54248
16.51110
17.62938
16.65546
17.62398
16.99754
16.91030
15.30764
16.66730
16.76600
16.56334
16.51860
16.89006
17.22732
17.57968
16.78602
15.77402
17.43810
16.23024
17.46514
17.05704
16.31304
16.20032
17.26772
16.38014
16.85224
17.05778
16.77254
16.95384
16.98592
17.64388
16.93816
16.81476
17.14562
16.83368
15.70346
17.70246
17.68032
16.48854
16.87666
16.52052
16.68458
15.56416
17.99236
15.76252
17.57458
16.80330
16.33434
17.22212
16.76104
16.39178
16.84536
17.18678
15.76688
15.80276
16.25054
16.10020
16.86088
16.70800
16.12596
17.58194
17.55224
17.42704
18.84116
17.12922
16.17262
18.18084
17.34044
16.54612
16.43998
16.59508
16.05820
16.31902
17.15748
16.85248
17.17376
17.28452
17.40200
17.06052
18.20398
16.75212
16.36702
17.03472
16.43020
16.10938
16.44784
16.08480
16.06742
16.13654
17.49986
16.69876
16.26878
16.90864
17.43356
17.00830
17.43178
17.25494
17.08456
16.71280
17.39520
16.48740
17.43120
17.09828
16.87402
15.63158
16.64248
16.83948
17.24334
18.27198
17.41544
16.30340
17.62214
16.17630
16.26784
18.25040
17.26700
17.28310
17.96252
16.23552
16.67490
16.84032
17.03428
18.24206
16.13226
16.99272
15.50822
17.25330
17.06966
17.48462
18.04020
16.31986
16.41318
16.72480
16.55760
16.77672
17.35854
17.11830
16.02448
16.39870
16.46732
15.61602
16.90750
16.99984
17.47364
16.07304
17.44012
16.87994
16.70558
17.40232
16.20276
17.44974
17.62718
16.28212
16.21484
16.73002
17.42934
16.21878
17.46798
16.14946
16.41886
15.76232
15.90490
17.39726
16.30792
17.37022
16.99194
19.33278
16.26970
16.55636
16.60050
17.01986
15.99606
17.16848
17.08094
17.48202
15.93584
16.15884
15.28950
16.98460
15.85444
17.20558
17.20818
16.11058
16.80278
16.84452
16.62552
16.60054
16.89414
16.85012
16.84908
17.17224
18.01156
16.89724
16.46438
16.94316
17.07750
17.43362
15.64736
17.47052
16.08558
16.93718
17.55848
16.66212
17.23256
17.45860
17.52214
17.84288
17.14310
17.36728
17.00030
17.37402
15.63724
18.04854
16.88336
17.06912
16.63666
17.62244
18.19534
16.81436
16.14640
16.61488
17.33884
17.10974
16.11884
16.96128
17.32110
18.34546
17.13226
17.70404
16.94324
17.27962
16.34804
17.03152
17.21408
17.26104
16.39154
17.34774
17.27002
17.33730
17.39766
16.46594
17.30870
15.91536
16.73916
16.53560
17.41234
16.53352
15.95180
17.18052
17.31162
16.81286
17.06876
17.16270
16.57050
16.89640
16.95646
16.91528
17.70408
17.13366
16.69656
17.25822
17.56184
17.88472
17.72454
17.40044
16.84452
16.69034
16.22626
16.87666
18.03502
16.27934
17.21758
18.04480
17.09236
16.03104
17.27082
16.29282
16.71552
16.73876
16.29460
15.97254
16.59834
17.29854
17.58308
16.40278
17.51000
17.40412
15.57200
16.50870
16.09538
16.35278
17.36182
17.47196
16.47882
16.73522
16.81684
16.32992
17.87232
15.94378
17.16708
16.26470
17.53472
16.41466
16.19006
17.19798
16.97454
16.15126
16.51832
17.46964
16.75770
16.48526
15.37668
16.56632
17.81474
16.21198
16.58106
17.37396
17.20302
16.09778
17.26074
16.84880
17.58740
16.40822
16.16568
16.99878
16.35480
16.44458
16.78720
16.26740
17.18432
17.71342
16.40804
17.76374
17.43358
16.67922
18.32608
16.17138
16.83716
17.89054
17.08140
15.54982
15.76330
16.86248
16.23630
16.96818
17.40068
17.56942
16.70488
15.81076
17.89064
16.87596
17.30912
16.26766
16.57244
15.97970
17.98652
17.69238
16.59184
18.10140
16.17772
16.64022
17.29554
17.00858
16.93602
15.77714
17.40722
16.49426
16.53544
17.33886
17.54700
17.35510
17.63194
15.74178
18.31334
16.75966
16.24566
17.43118
17.96204
16.42752
16.46324
17.46656
17.09696
16.95000
18.51202
17.00634
18.00612
18.11024
16.74940
16.52750
16.39768
16.67716
16.88028
17.75460
17.63780
16.76626
16.87564
16.78408
18.38900
17.34824
16.82306
17.23430
16.44850
16.49178
17.46930
17.73292
18.73726
17.31574
17.91488
16.86744
16.32628
17.72660
16.60440
17.14738
17.37144
18.39614
16.55188
17.00512
17.32594
17.83162
18.03094
16.40466
16.91354
16.88392
16.68996
18.00514
16.18428
17.42528
16.97142
17.89740
16.18508
15.32914
16.94696
16.81958
16.91514
17.76654
16.84386
17.08084
16.64022
16.82798
16.66556
16.47560
17.28748
17.14228
16.42786
15.92880
16.61184
17.26872
16.84860
17.59586
16.76972
18.29110
17.03020
17.82984
16.58360
16.63022
17.63618
17.31184
15.84890
16.70898
17.54210
16.53068
17.68424
15.70656
16.92948
17.35240
16.89118
16.80552
16.58704
16.26634
16.62814
17.29252
16.05492
16.79886
17.20644
17.33720
17.19934
16.93454
17.50540
18.80398
16.87454
16.72706
16.57016
16.76224
15.75854
17.06478
16.78048
16.38042
15.89680
17.47272
17.35380
16.65028
16.56248
17.81764
17.75192
16.15332
15.86722
16.62524
16.19582
16.31150
17.48324
17.63224
17.20172
16.61184
17.83544
16.91816
16.39386
17.39344
16.22360
17.63754
17.78256
15.78168
15.74790
15.57002
17.32116
18.13874
17.07926
16.61506
17.44204
16.17306
16.14094
16.53926
16.70844
16.39644
18.33546
16.81866
17.50114
17.68890
16.76764
16.99506
17.02050
16.22894
17.75410
17.56094
16.84486
15.88318
17.03594
17.57404
16.77322
16.54514
16.22158
17.84842
17.63760
16.94868
16.44028
17.52758
17.21350
17.18386
17.52324
17.23280
15.79940
16.47274
17.84574
18.54366
16.86320
17.09670
16.73292
17.20726
16.85120
15.89710
17.11028
16.31110
16.13994
16.57452
17.61322
17.37122
16.66588
16.70212
16.99972
17.60592
17.09268
17.04830
18.10916
17.65856
16.42282
16.68436
16.41932
16.74638
16.24424
17.47516
17.65842
17.58258
17.23746
17.45914
16.85362
16.66490
17.36774
17.18782
17.64178
16.85090
17.00052
17.24782
16.79202
16.57888
18.00546
17.57534
17.39868
16.28390
17.29208
17.30518
17.54138
16.67740
17.48192
16.91398
17.36160
16.78824
15.59938
16.54448
17.94150
18.12946
17.83968
17.01240
16.86668
17.27486
16.65776
17.69972
17.70200
16.94182
16.68530
16.04596
16.82484
16.08830
18.51494
17.86846
16.94434
16.80612
18.17466
16.90230
16.90000
16.95512
17.06790
16.79788
16.81956
16.36032
17.19698
16.55158
16.82260
17.04806
17.01444
17.16378
16.92174
16.75872
16.67100
16.97572
16.10712
16.55988
17.29740
17.47492
16.44488
16.70210
16.26264
16.98998
17.53000
16.89384
16.03470
15.54218
17.35522
17.03432
17.61804
17.78416
16.73268
16.82158
17.39552
16.46196
17.06522
16.22646
16.69634
17.86544
16.68482
16.79912
16.90658
16.71136
17.73488
16.22228
17.79924
16.19938
16.51078
17.43142
16.33496
16.55278
16.96014
16.97782
16.63810
16.25368
16.86136
17.86614
16.03192
16.93354
16.28108
15.61936
16.41168
17.71542
17.11226
16.74150
17.45758
16.50512
17.13638
17.02450
16.32066
17.55834
17.04562
16.88458
15.99088
16.90828
16.92458
16.80356
16.42232
17.04932
16.75084
17.33486
17.04540
17.37186
16.46476
16.43548
16.43360
17.17530
16.29630
17.67632
17.89522
16.51638
17.56182
16.27826
17.18478
16.83870
16.63198
18.16482
16.68064
17.87488
17.66550
16.36578
16.65798
16.05928
18.41140
17.76466
17.25086
16.70546
17.65612
17.35328
16.45358
16.35332
17.27542
16.67264
16.88154
17.90210
16.66412
17.40180
15.67654
16.71398
17.04040
16.46534
16.92488
18.13164
16.03638
19.10432
16.71952
16.31100
16.24450
17.44000
17.47874
16.03456
17.37972
15.97782
17.31584
17.59418
18.68278
17.91188
17.26920
16.15360
16.72802
18.27518
16.54112
16.59472
17.51830
17.28412
16.47924
16.19130
17.60094
16.01844
16.91458
16.46584
16.34006
16.58566
16.53414
16.24508
16.61934
17.45736
17.65422
15.90152
17.01872
16.28790
16.99742
16.94600
16.54122
16.65420
17.18170
16.70258
16.20588
15.81140
16.99354
16.79724
16.88980
15.30296
16.30524
17.41094
17.56574
17.91892
16.36350
16.54064
15.32098
17.44618
16.71342
18.24068
17.64316
17.83512
17.13936
17.39608
16.50794
17.19566
16.72886
17.02862
16.80390
18.31024
16.99254
17.07384
17.40078
17.40374
16.86548
16.78312
16.54280
17.33282
17.24040
17.72614
17.99784
17.45526
16.44610
17.46066
17.70776
17.16856
16.72004
17.28590
17.70872
16.53216
17.17682
16.30812
16.33168
18.00244
16.39370
16.78546
16.32796
16.79026
16.91502
15.87920
18.08512
17.03202
16.34554
18.28446
16.49100
16.45332
16.31428
17.57332
16.82886
16.64548
16.74992
17.29860
16.86910
16.93380
18.31058
16.58318
16.77162
16.42242
16.23046
15.95950
17.29380
16.86802
16.50440
17.61568
17.55156
16.35018
17.14844
17.23296
17.14256
16.75748
18.16962
16.91798
17.23286
16.95902
17.37578
17.09566
17.52928
16.63238
16.71222
16.57678
16.18660
17.28826
16.43842
15.53720
15.48810
17.10172
16.99642
15.92632
16.79292
17.09238
16.07432
16.53122
16.20296
17.30356
17.30246
16.54810
16.65790
17.45678
18.15758
17.18964
15.31976
17.03882
16.99226
16.98048
16.23188
16.63476
17.90074
16.22510
16.79812
17.88106
16.97908
16.93654
17.90438
16.80240
17.20984
17.26270
17.65366
16.42852
16.93150
16.51858
17.65230
16.94334
15.48378
17.16940
16.58402
17.55870
17.02944
16.97546
16.65046
16.98006
16.44362
17.18560
17.42224
16.74744
17.04306
17.03210
16.68310
16.48160
16.63570
17.55910
17.23388
16.32606
16.87954
18.05616
17.63092
16.44990
17.01512
17.34552
16.87118
17.03760
16.85282
17.19444
15.72906
16.75122
15.77124
17.23996
17.06408
16.24770
16.49852
16.82958
17.18386
16.94792
17.86350
17.76110
16.15206
17.54190
16.48736
17.70506
16.73666
16.47736
16.45446
17.98826
16.02750
16.74402
16.53852
18.18280
17.15320
17.15766
16.05256
17.42230
16.65658
16.46242
16.73034
16.69768
17.22356
17.40764
16.50472
16.19608
17.28128
17.87536
15.95086
16.32622
16.44480
17.04688
17.40218
16.82516
17.59958
17.17034
16.62190
17.85528
16.55814
16.71608
15.67278
16.18076
16.61616
16.26186
16.96514
16.84144
17.12414
17.08830
18.21146
17.24490
17.56282
16.55332
16.77598
15.77836
17.42460
16.26136
16.77142
17.09358
17.20432
16.68314
16.56278
16.83348
17.09160
17.67806
17.97106
16.88102
16.98340
17.28328
16.73016
16.99544
16.91362
16.41626
16.51990
18.34024
16.51954
16.73934
15.36062
16.74404
16.08270
17.04330
17.09368
17.01488
16.25502
18.39226
17.57068
16.85716
16.64146
16.57486
16.36476
17.28364
17.44420
16.82460
15.95362
16.93318
17.17138
17.05932
17.66480
16.42532
17.21666
16.89782
16.41978
17.53050
17.46954
16.11434
16.49870
16.07386
16.68268
17.15652
16.94662
17.59526
16.68778
17.92248
15.55374
16.46356
16.22070
16.28250
16.28924
17.99600
16.98206
15.47174
17.30432
16.13446
17.54268
17.28406
16.34590
17.13860
16.14428
17.48526
17.18436
17.08930
16.68920
17.07404
16.80482
17.04944
17.10012
16.47686
16.99802
16.84128
17.69202
17.22104
16.62278
16.37786
15.59142
16.36936
16.99642
17.12528
17.67254
15.81966
17.73028
17.30354
16.53436
17.41570
17.44768
17.76930
16.85418
16.56676
16.83916
15.95958
15.34380
17.70014
16.45096
16.53004
15.79600
16.97394
16.45070
17.99510
17.28274
16.98000
16.71964
17.02184
17.61672
16.93214
16.99862
17.46206
17.47236
16.29862
17.31186
16.98784
17.40092
17.33628
16.85032
16.80998
19.11660
15.84056
16.93216
16.58478
15.98348
17.04050
18.11814
17.63818
16.80504
16.44078
16.37272
16.81186
16.12448
16.92986
16.43526
17.51328
17.19396
16.07862
16.83950
17.03578
17.90980
17.99918
16.88640
17.31674
16.97206
16.22762
17.18354
16.96904
17.23750
17.72492
17.00760
17.25928
17.25750
17.93966
18.19176
17.43146
16.37970
17.73712
16.60298
16.58136
16.83400
17.03568
17.01592
17.19226
17.87800
15.61896
16.64436
17.65298
17.13026
16.95140
15.72348
16.74514
17.23232
16.00798
16.22064
16.97226
17.18326
16.63772
17.61772
16.93554
17.42974
17.78878
17.68468
16.86960
16.76368
16.17608
17.21926
17.69310
16.62740
16.79808
16.21738
16.19100
17.15412
17.81256
17.57344
16.53888
16.47048
16.71816
17.13586
17.66362
16.69024
17.90822
18.27550
16.96440
16.82892
17.22172
17.08080
17.37052
17.57068
17.14512
16.20606
17.26812
17.00402
17.29750
17.20704
16.38620
17.28772
16.55942
16.69784
15.94528
16.95918
17.21184
16.69638
17.20954
17.35810
18.33922
17.17748
16.49858
15.93156
17.72128
17.47924
17.99672
17.62254
17.27956
16.93304
16.75996
16.34964
16.25136
16.96888
17.08058
16.48886
16.40874
17.40406
16.89242
16.16462
16.61586
17.07850
16.75830
15.90240
17.19192
16.20824
17.23754
17.74136
17.56234
17.53440
16.41990
17.83364
17.57068
17.22838
16.76148
16.25244
16.42420
17.35828
15.85524
15.96140
16.78580
17.96708
15.61568
17.28144
16.58526
17.76086
15.82166
17.68664
17.43504
17.60918
17.08706
17.43026
17.47110
17.41284
16.71932
16.43292
18.53814
17.17932
16.12620
17.20154
16.90590
17.81370
16.80964
17.53774
17.26334
17.41884
17.61352
17.19080
16.46802
17.79064
17.37260
18.53686
16.15976
18.48854
17.91634
15.84976
15.29074
16.61936
16.02080
16.51236
16.99524
16.71326
18.10822
17.53510
17.15080
17.53910
16.17276
15.70364
16.64966
17.34598
16.11612
17.28492
17.48892
16.31430
16.30420
16.39358
16.17224
16.36084
18.20740
16.31310
17.71946
15.40852
15.86226
16.67890
16.33192
16.54792
17.08816
17.06704
17.40020
18.13874
17.85716
16.39612
17.54200
17.04376
16.92196
16.83980
18.06302
16.40526
17.79286
16.59928
18.76488
16.90422
17.07138
17.11262
16.57390
16.68870
17.53010
17.17274
16.93344
16.44990
16.59358
16.87698
16.68924
17.21422
16.16950
16.46302
17.77670
16.46632
16.48756
15.45544
16.22002
16.61312
16.25318
15.87780
17.11986
17.29034
16.48068
17.26456
17.15172
17.13258
16.54936
17.01936
16.86198
17.69562
16.62692
17.36794
15.95608
17.05520
17.83334
17.14352
16.89842
16.40608
16.31144
17.31264
17.22000
17.46518
17.10748
17.55600
16.47712
17.02014
17.77890
17.15482
17.67412
17.29884
16.25482
16.97038
17.04478
18.60576
17.46484
16.91418
16.38304
16.58184
17.69340
17.65538
17.22268
16.55550
15.93088
17.23672
15.69398
18.49622
15.94904
17.49640
16.73956
16.54110
17.00688
17.92196
16.11442
16.95744
17.09880
16.63984
16.80030
16.71590
15.55326
17.31518
16.61746
17.29578
17.63332
16.82968
16.48952
16.29278
16.72800
17.76048
16.78790
17.19112
17.22030
17.40476
16.55906
16.40968
16.14856
17.23340
16.94268
16.71510
17.26512
16.64252
16.03578
18.21246
16.88072
16.76610
18.19398
15.15446
15.94800
17.21454
16.61242
15.66900
16.70828
18.15174
17.43754
17.72160
16.89708
17.26078
15.59084
16.39688
17.91536
16.60180
17.18590
16.56952
17.10406
16.62202
16.97718
16.57902
17.56284
16.20362
17.28504
17.58150
16.56670
18.07940
16.91938
17.62358
17.61928
17.50486
17.26354
16.54686
17.21108
17.54104
17.87704
17.23204
17.53542
16.63242
16.99306
17.09974
17.52476
16.53784
17.54084
16.97152
17.27904
17.86520
16.23710
18.05762
16.78688
17.18328
18.52254
16.77946
17.35610
17.34900
17.53616
16.00744
15.93526
17.42926
17.80510
16.95440
16.96162
16.39884
16.68788
16.79738
16.34630
17.25598
16.23420
17.32616
16.86790
16.89564
17.43000
16.16358
17.20974
17.65808
15.46608
16.69328
16.18618
16.98452
16.99172
16.66962
16.58744
18.12282
17.68564
17.25176
16.80578
17.14052
15.85768
17.38302
15.71390
16.12996
16.24458
16.42592
16.86114
16.11826
17.26476
17.14416
17.24220
15.29906
16.54286
16.70080
17.04412
15.71058
16.94716
17.54710
17.73676
17.79384
16.81056
17.21806
16.64866
16.91478
17.12810
17.16602
16.63502
15.93672
17.05486
16.80762
16.37086
17.00050
17.01482
16.60008
17.35796
16.64208
17.26762
16.10274
16.72554
16.18120
16.31242
16.92544
17.06034
17.16406
16.28720
17.99000
16.82402
17.04458
16.32496
16.40262
16.56064
17.56160
17.02892
17.05600
17.21812
17.82684
17.32974
18.16538
18.31250
18.38628
16.76102
17.70652
17.04350
16.41330
17.21346
16.06194
17.18496
16.33698
17.48484
17.09510
16.62402
17.79708
17.18892
17.56604
16.14818
18.28344
16.95150
16.91118
16.51944
16.20834
16.83970
16.99976
16.75742
17.42808
17.74356
16.12552
15.75364
17.23560
17.63512
16.90592
16.36254
17.00084
16.55530
18.02960
16.89640
15.90250
17.19314
16.80932
16.72580
17.23348
17.05996
16.57890
17.58318
17.76832
16.59604
18.03224
17.93768
16.55842
16.37138
17.02108
16.94914
17.26542
16.45968
17.06178
16.50840
16.62204
17.01566
16.84776
17.15398
16.62538
17.85032
17.01614
16.86204
17.81942
16.75416
16.12220
16.77810
16.74342
17.82116
16.11392
16.50954
18.13770
17.05656
17.58990
17.26708
16.95362
17.19358
15.81578
16.75210
16.49882
16.64110
16.33496
16.00606
16.55456
15.55882
17.29328
16.68640
16.40862
17.09482
17.17532
17.24858
16.71782
17.20450
16.98674
16.32890
17.63454
16.22282
17.26370
17.24180
16.06736
17.17122
16.82466
16.27456
17.49754
17.19686
17.48156
18.04464
16.87318
17.13834
17.28238
16.07182
17.38114
16.48402
16.96126
16.88500
16.65196
17.91962
16.44632
16.69304
16.37318
15.12394
16.20332
16.40868
16.78202
17.91702
17.84524
17.59324
17.30128
16.55218
16.80468
17.24942
16.00890
17.53638
17.81970
16.19228
16.66026
17.01946
17.33802
17.93514
16.53584
17.22414
16.38792
15.81496
16.51976
16.87042
17.11918
17.65816
16.72040
18.12058
15.32132
15.68610
15.82890
16.03572
16.57968
17.69356
16.64816
17.65432
16.89692
17.21470
16.97724
16.71042
15.93854
16.87462
17.63362
18.20294
17.43578
16.84856
15.83890
15.88212
16.60472
18.30972
16.86088
17.47978
15.57470
17.13388
16.14362
17.77422
16.85142
16.53900
16.61772
17.37736
16.81570
16.56148
17.31934
17.32052
15.62184
15.81332
17.80656
17.53344
17.85742
17.46654
16.92110
17.02114
15.62618
16.88668
17.24046
16.78148
16.78524
16.48188
16.23830
16.47462
16.44986
17.41104
17.29586
17.20144
17.45970
17.54216
15.70992
15.74542
16.63330
17.08452
16.28212
17.32624
17.19540
17.62540
16.72338
18.29612
15.75262
16.71314
15.99936
17.82294
16.38548
15.77086
17.07794
16.69420
17.33362
16.95442
16.12152
17.52268
17.04108
16.20554
17.30470
16.85824
16.04798
16.28070
17.84640
17.28162
17.38560
16.64282
16.50594
16.23104
16.02520
16.77598
16.11354
17.94584
16.80544
17.72442
16.95150
17.44726
17.44350
17.18002
18.12576
16.47602
16.38936
15.91888
16.25328
17.79398
16.16678
17.09208
16.69932
16.64820
16.82984
16.51018
17.44212
17.23570
17.63248
16.04584
16.84366
16.38834
17.98084
17.69414
16.95638
17.01550
15.81026
16.08598
16.87564
16.76240
16.79408
16.41494
16.80518
17.44740
16.85320
17.00518
16.46680
18.39700
16.51946
17.63582
17.15258
17.36258
17.19416
18.04796
17.40436
17.15892
17.02708
16.29636
16.25680
17.28556
17.02364
17.65272
17.09242
17.59640
18.27506
16.70428
16.57858
16.78896
17.17316
16.71312
16.90440
16.59740
16.88742
16.94670
17.51596
17.82326
17.07870
17.23272
16.83144
17.30054
18.42138
16.51882
18.61628
17.51868
17.96794
17.47690
16.46110
17.61920
16.68942
16.95080
16.31678
17.40092
15.87532
16.97064
16.94914
16.49436
17.20282
17.95900
17.50904
15.95446
17.60056
16.29586
17.50970
16.46262
16.67690
17.06154
17.66722
16.82644
17.65988
17.13176
17.14222
16.56426
16.46140
16.55732
15.64582
17.04780
16.28398
17.17528
16.51546
17.08104
17.30184
16.94584
16.50016
18.60518
17.68174
16.88804
16.84236
17.80374
17.39974
16.62952
16.50330
17.82690
16.46352
16.60714
17.27024
16.79342
15.76102
16.29108
15.25494
16.44202
17.29352
16.04002
17.28370
17.16496
17.21580
17.33306
17.07772
16.65146
16.22780
15.97984
16.78354
17.30058
15.96554
18.00342
17.54880
16.48968
15.68296
16.85198
16.26296
17.14302
17.40794
17.49696
16.31174
15.58068
16.06272
18.05722
16.76458
17.39792
16.13934
17.37020
17.62134
16.86274
16.95892
16.54774
16.65806
17.67334
15.96208
17.79046
17.48516
17.11192
17.17924
18.21712
16.12878
17.23126
16.83852
16.21702
17.44346
16.60318
16.99532
17.41692
19.28414
16.21756
16.89582
15.79750
16.55802
16.61420
15.61526
16.76128
16.92892
17.42718
16.33954
17.00778
16.71974
16.99040
16.57348
17.87466
17.15832
16.49452
16.40858
17.67084
17.48308
16.71816
17.09990
16.55824
16.62392
16.67538
16.96598
16.51226
17.70160
16.36438
16.37578
16.39834
17.73698
17.17004
16.79150
17.49580
16.18936
17.15848
17.71374
17.67786
16.53182
17.02530
16.37366
16.19440
16.63628
16.02468
16.09130
16.75470
17.06210
16.12482
17.69944
16.42678
16.70286
16.74874
17.39822
16.75610
15.98142
16.42008
16.97586
16.37026
17.42454
16.39726
16.85338
17.40636
16.95634
16.91534
17.47298
18.19630
17.00802
17.58360
18.06732
16.98046
16.98458
18.68196
18.18274
18.03914
15.98304
17.69188
17.17116
16.58896
17.27310
17.77062
16.95534
18.58578
18.23128
17.87992
17.35524
16.84230
17.63770
16.80956
16.64394
16.44642
16.28912
16.81748
17.10470
17.09914
17.08406
17.31050
16.78296
18.06732
17.43016
17.04800
16.34436
16.79238
17.44454
16.55676
17.72036
16.64668
16.84704
16.72636
17.51184
17.19338
16.27596
16.80690
17.08616
16.47804
18.47620
17.67594
16.13260
16.85614
17.75982
16.65464
16.59216
16.63406
17.12514
16.73996
18.04052
16.92914
16.56222
17.46482
17.50982
16.29776
17.40548
17.23730
16.88892
17.06862
16.74084
16.35096
18.13014
16.35492
16.44556
17.27516
16.33482
16.27952
17.70624
17.01810
17.55274
16.60884
17.27774
18.38344
16.49150
17.51588
16.63142
16.87084
16.83168
17.92432
16.99076
17.08814
16.80758
16.11236
17.13852
17.38730
17.54216
16.93168
18.16506
17.06776
16.08212
17.18156
18.14296
18.18602
16.66376
16.71526
16.93752
17.29652
16.89662
17.73628
18.77582
16.65648
18.24220
17.43096
15.86766
16.51278
16.58632
16.14636
16.39614
17.23342
16.83330
17.44368
16.83674
17.11596
17.63112
16.54912
16.59044
16.56010
18.11254
16.12802
16.67052
15.43494
17.47296
17.39536
18.11866
16.24398
17.27582
16.23000
17.19830
17.31248
16.37280
17.66728
17.87160
17.14114
17.22808
17.97666
17.51914
17.67274
16.61266
16.59914
16.34040
17.07850
17.14170
17.87384
16.41188
17.58246
17.52940
17.04944
16.96924
17.63332
18.33134
16.84830
16.97288
17.60804
16.50174
17.14630
17.22296
17.30574
17.76024
17.23624
17.13660
16.99770
16.87348
17.59312
16.76540
16.46462
16.44212
17.02812
15.53974
17.49948
16.26024
17.50364
16.67764
16.85382
16.99552
16.74520
16.80002
18.27134
16.10178
16.90588
17.89902
17.55098
16.40684
17.04438
16.07860
17.48382
16.76494
18.33864
16.85998
16.92376
17.38966
15.88316
16.94252
17.78432
17.22100
17.82422
17.44190
16.64240
17.50780
17.12774
16.29472
16.95456
16.64810
16.61986
17.67942
17.52082
17.90188
16.59506
16.29640
17.90102
17.31494
16.19032
16.94576
18.00274
17.60966
17.42440
17.67258
16.81338
17.65746
17.29592
17.47678
17.88994
19.01246
17.64414
17.57690
16.76450
16.84252
16.89030
18.28884
16.96766
16.89256
16.37132
18.56140
17.02488
17.17648
17.31538
17.38928
15.48872
18.13762
17.29164
16.20708
16.62642
17.12684
16.93002
17.77184
17.77334
17.11318
17.05236
17.17054
17.18906
17.60294
17.88658
17.62452
16.57264
17.17574
16.28990
18.40304
16.87832
17.01472
16.16024
17.64428
17.74640
18.09116
17.02530
17.80702
16.79650
16.78992
17.44728
17.42048
15.80878
17.39460
17.05550
17.50234
16.88792
16.97848
16.21166
17.43778
17.39946
16.47226
17.08744
17.25560
17.35110
17.46832
16.94908
17.87134
17.76004
16.44404
17.75910
16.75102
16.73902
16.25156
17.54850
17.12174
16.25302
17.08100
16.80592
17.18884
17.89768
18.28720
17.55424
16.98526
18.13786
17.31918
17.02750
17.19788
17.72046
17.93680
17.87192
16.99996
18.86204
17.30284
16.73682
17.13316
16.72378
16.09034
17.12944
17.53300
16.13036
16.96362
17.07054
16.92234
16.58762
16.88886
16.96632
17.02534
17.66162
17.23734
17.05212
17.46658
17.40226
17.66718
16.90632
16.85604
16.60768
17.32008
18.69702
15.63370
18.06012
17.31504
17.56320
18.31996
16.20584
17.65300
16.75016
17.23728
17.52896
17.22962
17.35564
17.32726
17.20682
17.08422
16.81050
17.52254
16.50334
18.40734
16.43610
16.72046
17.85066
17.32832
16.73218
16.72094
17.61136
17.22716
17.56674
17.96742
15.66410
17.19368
16.38520
17.76216
16.22556
17.34716
15.99296
17.57914
18.68438
16.93784
17.74768
17.05218
17.05138
17.73702
17.25476
18.78854
16.48236
16.99736
17.07170
18.28560
17.98584
16.39754
16.92706
17.52456
16.17294
16.54332
18.11254
17.76242
16.64332
16.76330
18.09484
18.48366
16.77174
17.17852
17.28984
16.54728
16.09358
16.25492
16.36196
16.18712
17.64420
17.25900
18.09946
17.91212
17.21508
15.75888
17.04810
17.25802
18.50120
17.10514
17.47294
17.35940
16.77070
17.77360
17.06470
17.62262
17.41776
18.77846
17.78192
16.25570
17.12908
17.07658
17.22220
16.42888
16.96466
16.45526
16.79216
16.79782
17.97394
17.43318
15.71358
17.28298
18.09590
19.03310
16.70566
16.83980
16.43318
16.73850
16.50806
16.89922
16.84958
16.45926
18.08554
18.08202
16.93160
16.84650
17.57092
17.74642
16.98724
16.77428
17.18778
17.78986
16.38942
17.25850
17.66312
17.22508
16.58896
17.29802
17.35920
17.73084
16.78928
18.35382
17.57138
16.39740
16.62826
17.36638
16.43990
17.28416
16.80304
17.04222
16.66174
17.10332
17.32992
17.72430
15.76706
17.34986
14.69750
16.23200
18.56340
17.18136
16.82062
16.82178
18.44272
17.50596
17.49150
16.23228
16.99562
17.31998
17.58206
16.76744
16.24274
17.48778
17.94438
18.00064
16.28236
17.77856
17.25490
18.25382
17.15530
17.14856
18.06862
17.17434
16.63786
16.93482
17.95338
16.87516
16.76140
16.83694
16.93254
17.16988
17.17358
17.43012
18.51106
16.68126
17.05166
17.28846
17.54368
16.44820
17.25354
17.08530
17.00770
17.20782
16.32178
17.34164
15.96912
17.71138
17.42338
16.64056
16.35068
17.82524
18.21190
16.81934
16.09540
16.92088
17.58404
16.47852
16.74354
17.91166
18.39376
17.75100
17.00248
16.95266
17.17796
17.35274
17.00842
17.52988
17.06754
17.52030
17.15516
17.07838
17.10118
17.50492
17.25646
16.69084
16.61126
17.58790
17.75196
17.67776
17.29444
16.75626
17.14560
17.03216
16.32594
17.14270
18.14878
17.23798
16.59018
18.20562
17.21962
17.38608
18.65798
16.58002
16.60472
16.71316
16.76716
16.85054
17.25208
18.23910
16.60626
17.73960
17.45512
17.18094
16.32786
16.39584
17.19832
16.26590
17.59960
17.18264
17.28528
16.70932
17.49888
17.29922
16.51694
18.93666
17.46186
17.05660
17.18188
17.96704
18.04812
16.57490
17.45450
17.96372
16.22942
17.95812
17.56180
16.95230
16.73618
18.83190
17.63786
16.90666
16.47320
17.89172
18.28770
18.03624
18.19860
17.37708
17.67416
17.68324
17.68420
16.72802
16.70320
17.49542
17.65780
16.63288
16.28452
17.38458
17.94706
16.10058
17.56612
18.37362
16.75314
17.92570
16.89678
17.60586
17.31268
16.99568
18.78312
17.48792
17.75606
16.69384
17.41120
16.29740
16.79998
17.09450
17.04616
17.36066
16.79748
17.41964
16.92548
16.34078
16.43876
18.26776
16.34062
17.97788
16.04604
17.25386
16.72666
18.11950
16.18404
17.32046
18.03728
16.75908
17.43564
16.74568
16.39636
18.04758
18.10942
16.17628
16.40266
17.04464
17.49430
16.48074
16.52346
17.10704
17.31816
17.91490
17.64384
17.70524
17.54950
17.57460
17.81624
16.79936
16.53866
18.07250
17.33896
16.50462
16.96802
17.37180
17.78174
16.24046
17.05028
16.42978
17.41976
16.74738
17.58274
17.52016
17.23560
17.73614
18.12248
16.77336
18.63908
16.86640
17.68254
16.89872
18.13322
16.12212
16.81488
16.70706
17.48762
17.51342
17.02052
16.31270
17.66804
17.19990
17.17914
16.83574
16.54516
16.78988
17.49742
17.61452
17.08396
17.99384
16.43068
17.15384
17.74274
16.03662
17.10684
16.44806
16.27864
17.63836
17.81006
18.46694
17.95590
16.63034
16.80514
18.09142
18.24028
17.78642
16.82424
17.59214
17.02940
18.01826
17.13676
16.57358
16.16812
17.34376
18.45176
16.70050
16.09044
17.25274
16.82622
17.30122
16.98654
17.80988
17.72410
17.14652
16.88144
16.50930
18.12150
17.08722
16.79624
17.94862
17.18610
16.67344
17.40122
16.73854
16.31338
16.83068
16.15840
17.03006
16.65044
16.78778
17.74946
17.37538
17.88412
16.99286
18.09372
17.11144
17.09164
17.36920
17.34044
16.67044
17.27422
16.14960
15.77908
18.06074
16.63778
16.38946
18.66850
16.70394
17.33918
16.45844
17.31024
18.11742
17.20776
18.07460
18.50874
17.14642
17.47490
16.53100
16.97718
17.20804
17.20284
18.09842
18.42298
16.93402
17.71760
16.86896
17.27570
17.66182
16.75130
17.14144
17.52248
16.99226
17.24672
17.60050
17.65456
16.92388
17.44346
17.22222
17.30010
18.37530
16.95392
18.17072
18.09128
17.32960
16.12298
17.25432
17.85492
17.93232
17.32172
17.62992
17.42236
16.85212
17.26728
17.48132
16.73592
18.85130
16.95778
16.66558
17.40784
17.95408
17.78256
16.99742
17.77488
16.92450
16.64664
17.37456
16.68566
16.75038
17.74214
17.96502
16.63614
16.05414
16.73018
17.02312
16.67526
17.51354
17.47096
17.56704
18.06688
16.84838
18.71330
16.09576
16.73612
16.21868
16.87230
17.51966
17.89190
16.62304
18.44384
17.00950
16.39624
17.38354
17.15146
16.69590
17.20140
16.66222
16.50006
17.23052
17.27886
17.52824
17.97828
17.30834
16.82780
17.85546
17.15196
16.39410
16.48202
17.02284
16.64158
16.92238
17.16684
16.24182
16.11998
18.23530
16.13528
17.58338
17.64308
17.10244
17.84192
18.02998
17.48006
16.88320
17.07412
17.04822
17.55768
16.81582
17.07516
17.24928
18.29834
18.48902
17.19136
16.61132
17.47832
17.16932
17.72084
17.05194
16.81658
17.01264
15.98410
17.77856
15.94888
16.59458
16.51902
16.68294
17.17848
17.11452
18.55398
18.60982
17.05690
17.77496
18.39918
17.66414
17.11012
17.04296
17.21316
18.39150
17.44650
16.80172
17.14750
17.14334
18.10558
18.24228
17.01780
17.30686
16.34226
17.42754
17.40370
16.44870
16.89354
17.95624
18.52084
17.72906
17.00416
15.96098
16.29258
17.22652
17.64326
16.86722
17.89600
17.94594
17.68538
17.85576
16.69698
18.01158
16.60006
16.75846
15.60450
17.35750
17.58344
17.59462
17.03196
16.72268
16.52992
17.59484
17.75150
15.63988
15.88826
16.89528
18.13990
17.51174
16.52320
17.06784
16.03688
18.06026
17.84938
17.53718
17.35310
16.79672
18.03750
16.78630
17.02626
17.19382
17.73856
18.33718
17.07074
17.72370
18.24102
17.76020
18.14256
18.50590
17.42894
17.50102
17.51156
17.93742
17.46718
16.44078
18.97160
18.11632
16.62204
17.62396
17.69838
17.98162
15.91982
17.70708
17.05982
17.21206
16.43836
17.28934
17.95680
17.13944
18.18674
17.01840
16.35402
17.39642
15.34490
19.34450
16.95978
16.90650
17.35582
16.57320
16.53432
17.66208
17.08798
17.94600
18.02604
16.82746
17.70296
18.07060
16.75940
17.11008
16.54490
17.39344
16.72574
16.38316
17.09258
17.12396
17.09058
17.44178
16.17742
16.98946
16.46208
18.39428
16.83634
17.84022
16.29742
18.27662
16.38808
17.17774
17.45736
16.87118
17.32162
17.89354
17.64780
14.84334
16.34890
17.32362
16.36180
17.15164
16.95790
17.00488
16.89280
16.63530
16.75324
17.87684
17.83630
16.99792
16.83194
17.71078
17.77876
16.30706
17.86664
17.48214
17.21942
16.65614
17.03986
16.55646
17.69136
17.94850
18.73544
16.64772
16.74662
16.61854
17.20228
17.39270
17.57558
17.21068
16.54668
18.13742
17.85270
16.36902
17.73230
16.14284
16.72476
16.10118
17.84808
17.32052
18.06084
15.90358
17.49844
17.71216
15.92448
18.66936
17.74828
16.73554
17.37202
17.25990
16.72106
17.08758
17.25256
17.54458
16.87582
17.60868
18.01588
16.28210
16.88026
17.90576
16.89858
15.96098
16.38582
17.23526
16.06474
16.32218
17.61792
17.34828
17.92002
16.89482
17.50346
17.23082
16.96090
17.09198
17.26706
18.57914
17.98320
