-102.77137
-111.95903
-86.18000
-88.62927
-100.07909
-93.64987
-98.66023
-96.63378
-90.12234
-115.76428
-92.69921
-85.73171
-93.06054
-97.19574
-91.96565
-99.24569
-107.90086
-120.95737
-103.79619
-93.66135
-104.38041
-95.27254
-93.79364
-94.27148
-81.00150
-86.37900
-104.08348
-95.56040
-85.54570
-98.05427
-110.90416
-76.67224
-108.86313
-97.31960
-91.54210
-91.95105
-109.02263
-88.92770
-108.43429
-93.80491
-101.36131
-91.97769
-108.00072
-86.45647
-89.00992
-88.62736
-77.74030
-97.01195
-101.47825
-85.60960
-88.03524
-97.61175
-76.88465
-89.02731
-103.44655
-92.55899
-110.24023
-89.44446
-97.43567
-101.47612
-85.59915
-80.91848
-75.82078
-84.49372
-97.79744
-93.94188
-86.44024
-81.01538
-76.28355
-80.03361
-90.65606
-98.98756
-92.07663
-88.55902
-94.78967
-98.83183
-102.46608
-89.12792
-85.91269
-76.38811
-112.99799
-82.98153
-85.63023
-93.49500
-96.74589
-83.18182
-91.76874
-70.89826
-100.07014
-87.14390
-100.33816
-83.12989
-83.56618
-93.38805
-83.99083
-86.78803
-84.00161
-92.22642
-89.74562
-88.88234
-75.32453
-86.76021
-77.35540
-84.31572
-96.77389
-86.63252
-78.85922
-79.07377
-95.40057
-96.68078
-83.87521
-87.00258
-88.95590
-87.56140
-92.07179
-82.14259
-84.64254
-86.97176
-102.54293
-90.50746
-94.89357
-87.37599
-95.94695
-70.72270
-77.96850
-76.74778
-98.69850
-89.21826
-81.85876
-91.26328
-70.60576
-86.36794
-91.73059
-90.83978
-80.80414
-75.43678
-93.35398
-97.68139
-70.10483
-91.24024
-84.17278
-92.87849
-98.80798
-83.77603
-86.52177
-80.06355
-91.06291
-75.68208
-84.97565
-86.16617
-94.55688
-89.47756
-78.48123
-96.18717
-71.94203
-103.02742
-67.42151
-78.90194
-81.21901
-93.05699
-86.14301
-111.15332
-85.28786
-90.87408
-76.47548
-93.76229
-78.24359
-68.53652
-79.90026
-91.56432
-64.39064
-82.38173
-91.00711
-73.55982
-78.59068
-77.85006
-92.09073
-81.38252
-78.76616
-81.09341
-79.97417
-95.37366
-84.04745
-80.23205
-93.87378
-88.33211
-67.27756
-78.35769
-83.54857
-89.31219
-80.20845
-75.84577
-86.84301
-89.80730
-74.65966
-95.61246
-82.57454
-66.18141
-84.64412
-100.03893
-75.82490
-72.15763
-84.92629
-76.73671
-96.17052
-75.88444
-87.19129
-88.07521
-81.05834
-88.38958
-100.93050
-72.04057
-95.70014
-78.77654
-73.98040
-93.52674
-65.86783
-88.21916
-80.54960
-81.94498
-86.22890
-94.34244
-84.18516
-78.39959
-82.60098
-79.49159
-67.72249
-87.09710
-91.38184
-85.35784
-76.42926
-89.43073
-91.68259
-77.97709
-84.65878
-77.99825
-74.81499
-77.94575
-71.27451
-80.65198
-76.90550
-87.21944
-94.22685
-86.35472
-63.04805
-84.38371
-81.85885
-78.42267
-77.47950
-69.08162
-78.99857
-88.61627
-84.82987
-77.60938
-77.37028
-71.37421
-73.56122
-95.98817
-65.77310
-79.02279
-76.80143
-69.69403
-94.02893
-78.83443
-75.63540
-73.15192
-90.92976
-94.85332
-80.86903
-75.76127
-77.86293
-91.73324
-82.08938
-80.19505
-85.35522
-83.11060
-72.55544
-88.46230
-78.28439
-72.97362
-79.00799
-71.54004
-57.50692
-78.95432
-64.80448
-99.74292
-73.33680
-69.90911
-72.02936
-78.46944
-85.59451
-83.10726
-73.50811
-80.17260
-80.94607
-69.03035
-78.50550
-90.97768
-90.08497
-72.10334
-73.85846
-77.44469
-65.67428
-81.65937
-78.04878
-94.34181
-72.90661
-62.65677
-82.70083
-62.37197
-78.95533
-89.70536
-71.94989
-86.34302
-75.61968
-68.84381
-81.51906
-90.36265
-74.54652
-98.21594
-77.84125
-76.70661
-72.58404
-83.41664
-88.51445
-81.04674
-83.42870
-76.00708
-77.02325
-91.73455
-90.26480
-66.74551
-79.06362
-96.73417
-88.32500
-91.59923
-83.01677
-82.21888
-86.33911
-68.49025
-68.67958
-98.64230
-88.78505
-79.31923
-77.58708
-82.82346
-87.42945
-56.95682
-79.02953
-90.90684
-82.13018
-82.45963
-74.89493
-76.48252
-76.55827
-84.35603
-95.53736
-80.48096
-89.86794
-85.75256
-73.48568
-79.50637
-82.13104
-80.84971
-88.34507
-82.80323
-73.01852
-87.92051
-59.66282
-75.62897
-78.49842
-77.49623
-77.54081
-74.39832
-71.24254
-87.82853
-77.60019
-78.15465
-77.00299
-89.74505
-83.77302
-67.50811
-69.81393
-87.59869
-74.24802
-78.21423
-81.10810
-81.09236
-71.64436
-95.88598
-92.33207
-80.74540
-85.78888
-73.72335
-95.54602
-70.46688
-85.72108
-68.66256
-92.21710
-81.76598
-83.80458
-92.82197
-59.54260
-72.28625
-79.52464
-86.11505
-80.99873
-72.49097
-83.22755
-83.82459
-66.06216
-70.48273
-78.45191
-72.04938
-84.21767
-65.94667
-80.69032
-82.30102
-82.17220
-67.22108
-67.78583
-92.12662
-73.37924
-66.68075
-77.98238
-71.21369
-76.29151
-68.95439
-73.24267
-84.58612
-80.09902
-77.46275
-109.49695
-81.85371
-77.26923
-89.60154
-77.22158
-76.60688
-68.37559
-71.99861
-98.42241
-92.91581
-83.73570
-69.83891
-79.62332
-82.11137
-79.87326
-78.90810
-73.01309
-69.72884
-78.35050
-69.68359
-70.54701
-80.33739
-65.00801
-82.01493
-61.75437
-68.29890
-83.45863
-72.02286
-77.90777
-87.57080
-95.28380
-65.71795
-77.18785
-78.39577
-72.74733
-69.15591
-78.23138
-81.51209
-71.15008
-72.15377
-80.82886
-93.90400
-85.22051
-82.16332
-85.55644
-74.23955
-73.27105
-73.41216
-78.37228
-82.61972
-92.94946
-82.07883
-86.51823
-78.77523
-77.33293
-64.79698
-80.71239
-61.01354
-80.41798
-74.41197
-79.55580
-82.57898
-92.19553
-80.55592
-72.08642
-78.06918
-70.34984
-76.09614
-69.67319
-87.41256
-76.35484
-85.97148
-66.15417
-84.70591
-76.74796
-70.13332
-86.92420
-77.04575
-66.86712
-81.44007
-69.32667
-80.16812
-93.33864
-71.48240
-73.53617
-75.63856
-78.82660
-74.72480
-71.90986
-73.39196
-77.47476
-80.01262
-91.07105
-74.71574
-81.87403
-60.72764
-80.01862
-78.15772
-77.03465
-66.98596
-87.87549
-95.21130
-71.11790
-65.82666
-68.62702
-72.07751
-78.08891
-69.52376
-81.96207
-70.97997
-73.36392
-70.75734
-77.48218
-84.11039
-84.80254
-66.72441
-69.72415
-77.70754
-74.97125
-77.60180
-82.27344
-62.94971
-72.22938
-75.01605
-78.34970
-75.30184
-74.45961
-79.03341
-68.81469
-68.52958
-61.37413
-84.96903
-75.98153
-82.75910
-82.02051
-85.57790
-71.29689
-74.46499
-69.39303
-77.93094
-82.32513
-61.69229
-67.37189
-87.30637
-69.21578
-71.69713
-65.74038
-84.33565
-74.68284
-63.76425
-81.67185
-81.50868
-74.02201
-76.90076
-92.21102
-85.22633
-77.30527
-70.20157
-53.07638
-66.96848
-66.63033
-66.77264
-74.24105
-75.82276
-71.56854
-71.04890
-57.72542
-74.91814
-65.41215
-81.78713
-62.83552
-84.26617
-76.45750
-73.02712
-76.02819
-86.18827
-54.58738
-73.33015
-82.27890
-67.35377
-79.35713
-72.92057
-86.24556
-84.25173
-83.80159
-72.23002
-70.94522
-83.07561
-79.37799
-69.97088
-62.87294
-76.81707
-78.29197
-74.69274
-79.34989
-68.82884
-81.16945
-81.18774
-57.94955
-61.78621
-65.24349
-76.31921
-74.78960
-81.23351
-90.29370
-64.26537
-76.40172
-72.52227
-79.89381
-72.88065
-74.00964
-80.30846
-75.36877
-87.39272
-63.99164
-71.71724
-84.24119
-68.56291
-69.20894
-79.47890
-72.26645
-82.71133
-98.14819
-62.89274
-73.88958
-70.52466
-80.79477
-72.14000
-86.11426
-68.66460
-70.26656
-67.39954
-62.19940
-79.09192
-60.56443
-72.93661
-67.35978
-80.65824
-67.05779
-70.88331
-80.42463
-75.16784
-73.55240
-73.47193
-70.98127
-63.54143
-72.04918
-76.16641
-71.53101
-64.23099
-77.80516
-72.52483
-61.73491
-92.27069
-80.16012
-58.94650
-72.34617
-79.43601
-61.62284
-65.75557
-63.77572
-77.08458
-56.99520
-74.31064
-79.01453
-77.41704
-83.71696
-84.63473
-79.53975
-65.13533
-81.58470
-81.20024
-77.63387
-63.85444
-74.52609
-63.33902
-62.25382
-76.37317
-75.13797
-80.03782
-85.31292
-82.93888
-76.45413
-67.68025
-64.41199
-81.09382
-74.06982
-76.71147
-74.15635
-70.63752
-82.04508
-58.98901
-77.31506
-80.20773
-77.87411
-75.65466
-63.23620
-74.53117
-82.20761
-87.62513
-70.69524
-62.07234
-80.06850
-82.99239
-63.17833
-70.85203
-77.79213
-83.88626
-70.41270
-69.83854
-60.40511
-70.43215
-73.41885
-65.02144
-70.47149
-74.24884
-68.35671
-74.63406
-66.87862
-66.33155
-71.29772
-71.30101
-72.03469
-75.50099
-67.75644
-70.90313
-75.50024
-86.60568
-81.81228
-70.17343
-89.87514
-71.07392
-88.61333
-65.69489
-84.34072
-63.51720
-72.80465
-59.24186
-85.60541
-82.45351
-75.67453
-82.95131
-75.37452
-54.48602
-58.68822
-64.77353
-70.49701
-73.57213
-70.75876
-63.45813
-79.61304
-82.77414
-63.78112
-69.98473
-72.18250
-64.85052
-79.90366
-70.19455
-83.37046
-81.58943
-75.77606
-61.84629
-74.29330
-60.14967
-83.52927
-70.58941
-69.50339
-92.53851
-75.80943
-75.56081
-88.68981
-80.83607
-62.80951
-72.52433
-80.36382
-79.17247
-80.72501
-83.76768
-70.32092
-73.65509
-69.74725
-71.87173
-74.15921
-66.67672
-67.98110
-88.05182
-82.01968
-71.83378
-71.15290
-70.95065
-67.03176
-66.82036
-66.34054
-59.94597
-63.43789
-71.22203
-70.08400
-78.61948
-73.82776
-76.29510
-70.46602
-88.35211
-53.25030
-58.50709
-67.86980
-96.96052
-69.09176
-69.49514
-66.05850
-72.63485
-77.38072
-69.07389
-63.40208
-57.64273
-71.10045
-72.64072
-65.76953
-70.79366
-75.60992
-73.12910
-78.77586
-74.29384
-65.17627
-68.47966
-79.61817
-67.35301
-84.22888
-80.38020
-85.67253
-77.06531
-69.60226
-73.21375
-68.58916
-63.46463
-83.24890
-59.77857
-85.12379
-77.02764
-66.92562
-70.55221
-71.90206
-68.06996
-68.52169
-83.44590
-67.15409
-83.66006
-70.39007
-65.55983
-76.87209
-80.42926
-65.98562
-68.92399
-89.20637
-76.13756
-91.40165
-67.98267
-72.42517
-65.69220
-81.33374
-72.66282
-65.58258
-54.65335
-78.31268
-67.73051
-72.33728
-77.31710
-74.50288
-64.85321
-69.84866
-74.90108
-71.53574
-59.65361
-84.04719
-76.20863
-67.48400
-51.11512
-77.15197
-75.28150
-67.99440
-97.85379
-82.62151
-67.30860
-68.95733
-69.82440
-84.88588
-59.27288
-82.51694
-76.07633
-71.12941
-70.48273
-65.09557
-75.75004
-55.60872
-86.06305
-70.46264
-61.15816
-74.28949
-77.83676
-72.58631
-74.24473
-85.71461
-72.03184
-92.93424
-67.77162
-70.04543
-76.06441
-72.90957
-79.98905
-68.00873
-58.44833
-65.76542
-74.07728
-75.59511
-54.29420
-58.88294
-58.44014
-74.37578
-65.77256
-77.41978
-73.77065
-88.98011
-57.86668
-80.66286
-74.23820
-82.25077
-62.80852
-69.47539
-83.25295
-69.97149
-66.32886
-93.21041
-76.46150
-67.68990
-76.51829
-73.09410
-75.56438
-58.64262
-64.87920
-82.71907
-69.70879
-79.87153
-80.97167
-63.56987
-71.24306
-73.78601
-73.89853
-71.28199
-74.01089
-84.18983
-73.57591
-77.80886
-53.84075
-66.48351
-73.61952
-61.26224
-72.12362
-69.86147
-70.87794
-71.48098
-75.76095
-75.74310
-72.01486
-59.89086
-61.41871
-71.63937
-57.41155
-69.69952
-65.78165
-84.96169
-58.39095
-59.98450
-69.98155
-69.02206
-75.54027
-77.44199
-62.34123
-61.84295
-61.68516
-85.55681
-87.28420
-57.60315
-54.15607
-69.90902
-80.84128
-71.81286
-76.28991
-73.89201
-50.47010
-74.47565
-64.81878
-67.92334
-72.80768
-66.41334
-73.35954
-65.96546
-64.02253
-71.10789
-77.16532
-78.90410
-66.15817
-61.33689
-75.18061
-72.95253
-74.26734
-60.46593
-72.94725
-58.67256
-55.86083
-63.70866
-68.35358
-79.50953
-66.89371
-65.62785
-66.83766
-73.49185
-76.65523
-90.42941
-68.73498
-86.84476
-58.88614
-87.71795
-77.41073
-68.40982
-77.77531
-70.07037
-82.56292
-69.05898
-58.69748
-82.78453
-70.92322
-69.16203
-60.03177
-67.78095
-74.35225
-79.82667
-68.98808
-70.94138
-74.50513
-72.30192
-71.51056
-71.30873
-71.29774
-81.87387
-62.61349
-75.53933
-73.41314
-64.27399
-87.05657
-78.01947
-69.22591
-65.57181
-75.70770
-79.70829
-61.55167
-65.34013
-75.74959
-65.74614
-82.52632
-69.14456
-64.27038
-74.68711
-74.67686
-70.32345
-64.19712
-75.74728
-71.60667
-72.12354
-81.84745
-62.94459
-66.68734
-68.59875
-80.77366
-74.31605
-72.36356
-76.69250
-68.06786
-72.87986
-79.34985
-71.16347
-70.59326
-71.24753
-81.89491
-70.77382
-57.53305
-65.40717
-67.70271
-68.21164
-67.18542
-81.51800
-68.72163
-59.66858
-62.53543
-61.48520
-68.93916
-68.12319
-71.90281
-60.94220
-61.59026
-71.43190
-57.31116
-62.50537
-70.86070
-92.01594
-72.99865
-74.99043
-78.71383
-69.09534
-85.31408
-71.15907
-77.99319
-68.17028
-71.30725
-68.78765
-63.86887
-71.54388
-70.79553
-67.32461
-57.51984
-60.78529
-56.67462
-56.80902
-67.93513
-70.08273
-79.67283
-74.17913
-70.60585
-80.21710
-75.64110
-69.09432
-70.37279
-66.40916
-81.08054
-54.62167
-66.72945
-75.09429
-85.04951
-63.41394
-66.35353
-75.65309
-86.49780
-75.71209
-74.70411
-73.52712
-76.76892
-62.45192
-63.81332
-80.64586
-68.45101
-72.57118
-76.21091
-66.69532
-64.33794
-78.53693
-81.68005
-69.88373
-89.44325
-74.21354
-66.07259
-53.65325
-75.09051
-87.83247
-58.14775
-78.66071
-90.22792
-64.63536
-64.43493
-68.34716
-68.58625
-62.96024
-64.99880
-92.54046
-76.87473
-68.31134
-58.67064
-60.08620
-76.18719
-75.34099
-84.19123
-83.08889
-69.70804
-71.35796
-81.09844
-80.59116
-77.51511
-66.62962
-90.15729
-68.71200
-65.93733
-68.15002
-77.29964
-58.81251
-76.30717
-76.67647
-58.38775
-71.05074
-63.65530
-60.49469
-62.20007
-77.38383
-69.15824
-64.12778
-68.17201
-81.20109
-65.91996
-85.30087
-64.36257
-67.22873
-59.54357
-75.04739
-64.33990
-73.90000
-72.91867
-70.70407
-64.23410
-69.61293
-71.13988
-60.90878
-67.58012
-73.68248
-72.12537
-91.00289
-65.93178
-61.38070
-70.24107
-69.91425
-68.83740
-81.36995
-89.22092
-57.09615
-78.73782
-75.37327
-66.03004
-79.17672
-76.80661
-65.29552
-62.91991
-61.74044
-61.57898
-66.39679
-82.60645
-61.81306
-69.07431
-63.67244
-63.64443
-72.19319
-72.34005
-82.32414
-62.70249
-67.78481
-56.02347
-75.91789
-77.07261
-66.87676
-70.79042
-70.62135
-63.49036
-87.55270
-76.36795
-75.91860
-54.06618
-76.79035
-64.80367
-71.27413
-58.29687
-75.00264
-53.60393
-63.04965
-76.26910
-75.51694
-51.94899
-63.12679
-69.70478
-65.14613
-68.24868
-75.54074
-78.80211
-89.69269
-61.56155
-66.56326
-71.53330
-83.92956
-68.00203
-59.89551
-62.68317
-66.99107
-77.73554
-66.09317
-80.59515
-73.86666
-60.78688
-55.24710
-66.21922
-69.98203
-76.11687
-72.77265
-59.23643
-62.10044
-75.42844
-74.59128
-91.97775
-62.91607
-61.38819
-64.47573
-67.86458
-78.95479
-85.66307
-65.82142
-76.01827
-68.62568
-76.92209
-75.41467
-58.53115
-77.20443
-76.40317
-78.64033
-68.76325
-78.40373
-78.79119
-66.17741
-72.86431
-83.68813
-64.91741
-77.77865
-80.65290
-81.78451
-85.05138
-70.73987
-65.13697
-62.70457
-74.16155
-65.42480
-76.18508
-72.99610
-75.35661
-75.56899
-79.42596
-78.67474
-73.67273
-85.10191
-75.70330
-65.85881
-72.28613
-68.57537
-61.09581
-83.52120
-63.49403
-76.60651
-70.51760
-59.15393
-73.23783
-75.84387
-65.55543
-83.44860
-70.71947
-64.97004
-62.35557
-76.36233
-69.14627
-74.03258
-75.61153
-64.38790
-74.77518
-72.11225
-60.86382
-54.52587
-63.09746
-65.47300
-68.98268
-71.15713
-52.99855
-57.10747
-66.30345
-71.65678
-66.65421
-66.45988
-61.69624
-69.04087
-64.07604
-66.42403
-83.08540
-64.88918
-71.94880
-65.14538
-65.57192
-70.05421
-88.09052
-65.24541
-68.31146
-84.73092
-75.33576
-77.77759
-67.11613
-59.80388
-70.55832
-69.65600
-65.74582
-55.47983
-79.01573
-72.34531
-67.91975
-63.14744
-56.03838
-69.73211
-63.50199
-70.58834
-58.12734
-63.86336
-68.70038
-69.68795
-71.66660
-81.52705
-74.41929
-73.02033
-65.70985
-76.37505
-72.48612
-68.65235
-65.46346
-77.57787
-65.63261
-65.21253
-68.69434
-83.34336
-54.37378
-68.00729
-67.62366
-70.01923
-69.18855
-59.28834
-64.48272
-65.16322
-66.73783
-63.72091
-67.94164
-73.05190
-66.35112
-67.56747
-78.38518
-73.10039
-65.36953
-70.33371
-65.61041
-54.71016
-61.49147
-80.31727
-69.20000
-47.76155
-68.28058
-59.30207
-70.82568
-61.52716
-56.53375
-62.52662
-76.87653
-71.59092
-63.52148
-84.91242
-71.89411
-76.73416
-59.68301
-64.25961
-77.90528
-65.65523
-64.98680
-70.18874
-58.47490
-70.84543
-66.60978
-73.72408
-83.18786
-62.78428
-65.40202
-77.06380
-74.47850
-74.07015
-89.47938
-53.69755
-69.45494
-62.91425
-65.54816
-76.50897
-54.02484
-75.64152
-68.74160
-66.30986
-77.46891
-65.97580
-58.74002
-71.00775
-71.06777
-51.36060
-75.52368
-84.41205
-71.91431
-62.95030
-70.12892
-74.70306
-61.85257
-68.53958
-72.39266
-74.85287
-69.42730
-59.31019
-68.09138
-69.23076
-78.59090
-73.67683
-63.78609
-55.79200
-86.39298
-63.37271
-77.81243
-78.01359
-71.28995
-64.71240
-69.61416
-68.59886
-72.76782
-60.56258
-62.56200
-63.80142
-66.11059
-73.93223
-60.27243
-68.10012
-68.52827
-92.34555
-60.19432
-80.63582
-66.59801
-63.00320
-77.18782
-69.67831
-56.30802
-68.41088
-88.09487
-63.60137
-81.17747
-67.48889
-64.94733
-76.09895
-54.19599
-74.95394
-80.95400
-68.40691
-70.21551
-78.70471
-80.42961
-68.13152
-68.56731
-67.06376
-66.44637
-62.46182
-74.62055
-63.92949
-59.09205
-84.52629
-59.75523
-77.10969
-81.55909
-78.55716
-88.78860
-69.28390
-77.75624
-68.99934
-71.71869
-76.30314
-59.23775
-64.00905
-70.90180
-74.49087
-70.32195
-58.15114
-63.33229
-58.62307
-70.10681
-70.91101
-60.78039
-55.42194
-65.60501
-72.80244
-76.26455
-62.25810
-78.60143
-70.42401
-65.93468
-71.01658
-69.60506
-61.14420
-77.53145
-62.53740
-75.94565
-70.47456
-69.59360
-71.11653
-70.55886
-57.69873
-68.75483
-54.14734
-63.64997
-70.59871
-74.35222
-56.60942
-84.94574
-58.55347
-73.89778
-68.88466
-65.94612
-71.36266
-57.81192
-63.83466
-66.12116
-74.33023
-55.89273
-80.17246
-80.60606
-80.44996
-72.86244
-57.85006
-81.06913
-53.77098
-62.15929
-57.08480
-66.54223
-64.28368
-62.73767
-67.24594
-71.83108
-61.22049
-68.44599
-53.48507
-66.77308
-70.48513
-63.81252
-62.06127
-83.49370
-72.16416
-66.09235
-61.27656
-60.19675
-61.04794
-77.74063
-83.24133
-68.06774
-66.39920
-67.76239
-66.71885
-70.29556
-70.50437
-53.11604
-67.24436
-80.45088
-69.30295
-67.84211
-66.39182
-65.59600
-70.81642
-72.04597
-54.18680
-66.74276
-67.79946
-75.69241
-71.33113
-67.36036
-59.42141
-63.03114
-76.63639
-74.41139
-64.01108
-77.37343
-65.75443
-68.34898
-62.01033
-77.94529
-73.96309
-61.79577
-67.84908
-60.79583
-83.08655
-80.54351
-76.79857
-76.14637
-66.79122
-75.08443
-66.97092
-59.23733
-64.92677
-61.58491
-63.80334
-50.15622
-64.66583
-57.25044
-67.06681
-69.62336
-74.60283
-83.39331
-60.95836
-57.27734
-71.11345
-54.35299
-79.97471
-61.55437
-71.53138
-54.04942
-72.93560
-64.58704
-75.89575
-57.61791
-73.09777
-69.56212
-59.55532
-60.47802
-65.61240
-69.07298
-63.73834
-65.43355
-77.37638
-58.00638
-66.18034
-65.71571
-68.73565
-65.72395
-59.53108
-64.37069
-60.48515
-56.19774
-69.47302
-70.83135
-70.51657
-76.58739
-73.73039
-72.69674
-68.86326
-68.78619
-83.96962
-70.74547
-64.96105
-73.62502
-67.58348
-77.58797
-61.40543
-74.84199
-76.62843
-50.57332
-73.85389
-70.48647
-56.25298
-67.56923
-79.42820
-72.11125
-61.13974
-63.73024
-68.28434
-71.88160
-69.26900
-71.04068
-66.40936
-75.89494
-75.52315
-62.73879
-74.85077
-51.70902
-66.66304
-65.36558
-62.67085
-63.36037
-68.29675
-65.83285
-58.18869
-58.60398
-59.81452
-86.03301
-73.10465
-55.64103
-69.32067
-58.29177
-59.46785
-63.35198
-56.40605
-72.28730
-55.33927
-72.54348
-81.47342
-60.76440
-65.63616
-80.24978
-87.30585
-64.25011
-61.28753
-63.66200
-64.35799
-59.96151
-81.37808
-62.46850
-57.54408
-69.31904
-67.59158
-68.99966
-59.20932
-71.70516
-64.65424
-64.74186
-57.38021
-68.23478
-72.15417
-70.59352
-66.15415
-69.93475
-72.99203
-60.72038
-72.80024
-84.50446
-60.68745
-65.80794
-67.65408
-71.62394
-72.67332
-64.52202
-64.64067
-81.16382
-63.36332
-55.87184
-53.07064
-61.80297
-47.63972
-61.20901
-67.39120
-61.80422
-68.00761
-54.90674
-58.69126
-54.12463
-72.30093
-71.07396
-48.82750
-72.72806
-61.08434
-74.00211
-76.65572
-70.40523
-70.10385
-71.14357
-67.90908
-62.89907
-53.52679
-70.43887
-68.29236
-58.66805
-63.66735
-66.14131
-75.37614
-59.69612
-60.74544
-59.10367
-61.59666
-78.98378
-77.84770
-71.69870
-54.27288
-81.88439
-62.76441
-72.39821
-67.18010
-60.41007
-75.30244
-77.91141
-62.62593
-66.88967
-80.41556
-61.20624
-59.07197
-73.43422
-60.66548
-50.17079
-74.88167
-65.66553
-65.63976
-66.73369
-87.05702
-67.65084
-67.31063
-61.18401
-59.16115
-65.67362
-63.64820
-62.63016
-65.19751
-59.14727
-78.96649
-66.83050
-89.70023
-77.41168
-71.71760
-61.38695
-65.96835
-74.57869
-57.98355
-51.72440
-61.65719
-55.68047
-73.56097
-75.14485
-76.87187
-75.66896
-89.67989
-66.56971
-66.66112
-60.70120
-67.69105
-57.37289
-81.98939
-77.31441
-83.18854
-60.87465
-69.70607
-73.60570
-63.94974
-60.28651
-72.14899
-73.67181
-66.76481
-76.38989
-55.49096
-64.58631
-62.42076
-61.32946
-63.91697
-79.46129
-78.54089
-64.63417
-46.37562
-60.97729
-72.55863
-67.67354
-63.38305
-60.66324
-63.65454
-65.90210
-77.40980
-64.02400
-68.66805
-87.48346
-77.13177
-75.25645
-77.48723
-66.69521
-69.80151
-64.24345
-70.03097
-65.21627
-77.64634
-68.88297
-62.96465
-71.95490
-69.24120
-64.14926
-71.87221
-79.71329
-69.50341
-58.70882
-60.86774
-69.41896
-73.68709
-67.48862
-60.54438
-63.87529
-67.13311
-75.67609
-60.36562
-72.54556
-74.73581
-66.28262
-63.45082
-65.36771
-76.28749
-84.84530
-70.58807
-60.73560
-81.32282
-70.40780
-72.89470
-69.51050
-62.34835
-69.64214
-71.44569
-63.24126
-63.11395
-59.16400
-57.63300
-74.52568
-54.26119
-63.27963
-66.39455
-68.52252
-62.98074
-69.64881
-64.78192
-77.24649
-59.12986
-75.13940
-58.52360
-73.73780
-88.03087
-81.77452
-61.24287
-71.89957
-63.94457
-69.02066
-59.76962
-74.08769
-81.19330
-69.76723
-74.13632
-65.82207
-88.48858
-62.33099
-74.07449
-63.67168
-74.51036
-57.47486
-74.44302
-55.98556
-58.04149
-56.03431
-60.32234
-69.86461
-79.05176
-76.28916
-59.60009
-75.14050
-73.36183
-71.52889
-69.38907
-67.74873
-70.35851
-59.50728
-58.70838
-58.66790
-65.07637
-66.46540
-62.15203
-88.10674
-66.10317
-69.55382
-71.55237
-57.20405
-66.77400
-65.23054
-77.92500
-71.12908
-61.83597
-62.47413
-65.27783
-52.98366
-63.51642
-62.93694
-71.96993
-70.93097
-56.85781
-57.10199
-57.72772
-68.16157
-80.53571
-74.28768
-73.56955
-64.20547
-59.49766
-55.59043
-67.39783
-53.06549
-54.67981
-73.98706
-65.68459
-60.12679
-66.14819
-75.73539
-63.31962
-65.59396
-73.44814
-65.15793
-57.72661
-78.23761
-73.35436
-62.69829
-58.98502
-61.55883
-60.52549
-73.69376
-61.31672
-63.26597
-57.44835
-81.71633
-55.01193
-72.31971
-56.61294
-74.27179
-63.66237
-67.06063
-73.71629
-64.85047
-72.56283
-64.42268
-56.99238
-68.26117
-58.71415
-63.00036
-64.59829
-75.47365
-65.39143
-61.20482
-59.63306
-64.94633
-72.32159
-62.03961
-66.90565
-54.13937
-58.23694
-87.20373
-60.16180
-77.64539
-70.25688
-67.82752
-73.17105
-66.95028
-64.31545
-58.90335
-67.00300
-74.78377
-72.61364
-53.04137
-67.57059
-66.95018
-60.77090
-72.10234
-66.65882
-66.45761
-70.40593
-60.10694
-63.29657
-66.05536
-68.41231
-69.10437
-78.55627
-61.97101
-64.69086
-62.52491
-80.58372
-53.50430
-70.61257
-62.84012
-67.54330
-61.47137
-60.04961
-72.95529
-42.82866
-56.38090
-62.41632
-54.29221
-59.64819
-57.95035
-63.21468
-61.74479
-60.76632
-61.58807
-65.08807
-65.10005
-58.06590
-66.79503
-65.58502
-56.87730
-62.89023
-69.13919
-53.20003
-63.51987
-62.92139
-69.16420
-62.91335
-58.85243
-86.15167
-70.70029
-70.60645
-66.76229
-68.34506
-81.16903
-57.68407
-70.39926
-56.35116
-58.68417
-62.29570
-81.88257
-57.65234
-58.25075
-72.94525
-64.96622
-71.97159
-57.19675
-88.27342
-55.81043
-58.71192
-81.21610
-66.83199
-70.85908
-74.47359
-65.55420
-53.59523
-61.32409
-86.92288
-64.78504
-70.65787
-79.10533
-72.81532
-55.01401
-69.63246
-64.02808
-83.58943
-67.03507
-81.26586
-69.23404
-59.04903
-76.08660
-64.63052
-56.54463
-63.48442
-77.86800
-87.93888
-70.58201
-72.06388
-63.51507
-63.23273
-74.09383
-70.92374
-75.94306
-55.96049
-68.49347
-71.10240
-59.63218
-60.16548
-60.06448
-54.95114
-75.56919
-64.87073
-72.99877
-71.74881
-71.05851
-70.60308
-64.34624
-65.41021
-73.05021
-63.83638
-72.62785
-59.06032
-57.06327
-63.93222
-53.33690
-70.42070
-64.05082
-57.60216
-65.16422
-69.95588
-69.01036
-61.84513
-70.23025
-71.09444
-67.72143
-63.15172
-68.74101
-75.37163
-55.79620
-57.84864
-55.92545
-61.42877
-68.33001
-69.35747
-69.07546
-69.12526
-60.05142
-62.02740
-65.42213
-64.12352
-75.90163
-62.13330
-81.09386
-66.36128
-64.58109
-52.71299
-68.35075
-74.28573
-62.04754
-80.03811
-67.96400
-66.26332
-83.70339
-79.65325
-61.31679
-67.90147
-80.79914
-66.40238
-67.38977
-51.40445
-63.34318
-56.64013
-59.51665
-72.52205
-84.43519
-74.37974
-60.23236
-73.03373
-69.02813
-78.06311
-91.32498
-74.68302
-73.13428
-64.29291
-66.24698
-64.64860
-78.19120
-62.96230
-79.51211
-65.19555
-66.11043
-56.67488
-72.82641
-52.20996
-73.05287
-73.61569
-64.32613
-57.95986
-54.77354
-56.41614
-69.05193
-71.16624
-69.81642
-81.75764
-76.78067
-60.16885
-57.03648
-71.16093
-70.07574
-56.07807
-66.47461
-70.06466
-64.85796
-77.13270
-71.97104
-84.64855
-56.54923
-64.44657
-58.68613
-61.63891
-70.53610
-56.24328
-73.37194
-51.85267
-70.37036
-73.62834
-71.62211
-72.45654
-75.41693
-59.82510
-74.15943
-69.19661
-77.65827
-71.49592
-67.05570
-64.24717
-61.53735
-75.99344
-59.60000
-66.03466
-67.30511
-75.20540
-67.78960
-70.37942
-75.75078
-60.78081
-61.65154
-50.45585
-65.80016
-64.53630
-66.98051
-62.30842
-64.09512
-64.99912
-65.74134
-53.85378
-62.06029
-75.37121
-67.73154
-69.52237
-66.96896
-65.13297
-54.38365
-73.13411
-67.67641
-59.15793
-62.59107
-64.22736
-60.05390
-67.95932
-58.25057
-67.71876
-55.45889
-70.13000
-67.54917
-63.20400
-72.54768
-62.55899
-65.23729
-64.82765
-63.58641
-66.11926
-61.51108
-61.13938
-52.09602
-58.50974
-61.36454
-69.93857
-53.43720
-65.54645
-73.35019
-70.21989
-71.14350
-79.97734
-69.04402
-48.24605
-69.11804
-66.24795
-67.02844
-72.29493
-60.67069
-69.79117
-55.26644
-68.05507
-56.85901
-55.46322
-69.18244
-68.97302
-70.80701
-61.95039
-61.49751
-78.21937
-72.03042
-69.01222
-74.73698
-65.82031
-62.05832
-61.41099
-83.96145
-62.70839
-57.93279
-65.40904
-65.02851
-68.38603
-70.13381
-61.61904
-63.61994
-66.11324
-47.27081
-61.83469
-69.41075
-63.43965
-57.83679
-56.52526
-95.09411
-75.27851
-73.40591
-60.99272
-65.14377
-69.55224
-55.92935
-60.25836
-62.87009
-66.28059
-64.62163
-51.45917
-66.89606
-69.25251
-72.86003
-67.13528
-78.55665
-65.04247
-65.67122
-71.12195
-64.64593
-76.31868
-74.11977
-66.96631
-63.35674
-64.96006
-53.85141
-76.18122
-77.83704
-74.91396
-61.26431
-61.48840
-50.99611
-60.06204
-83.89683
-82.06735
-54.15959
-68.81131
-68.12289
-67.21438
-65.85621
-68.78756
-63.85195
-61.66801
-57.74513
-76.25212
-56.37619
-58.53097
-55.82861
-64.78614
-59.82683
-67.42003
-62.64217
-59.90520
-65.21016
-71.64587
-65.99969
-64.81991
-70.26696
-83.99974
-71.73571
-68.83739
-70.72736
-74.59226
-71.45200
-53.11099
-66.19855
-69.82067
-53.54080
-56.75141
-58.02792
-48.68189
-73.44113
-66.21583
-77.64315
-85.44015
-74.18983
-63.10176
-52.04633
-51.97376
-62.22114
-69.49996
-69.68299
-68.48873
-65.48808
-68.71452
-64.51336
-68.51427
-63.39760
-67.63276
-52.75651
-63.02759
-72.11605
-60.78012
-76.33569
-55.96866
-67.83832
-71.02517
-74.54441
-62.27734
-50.39888
-78.12806
-76.48921
-63.25240
-56.38861
-60.89270
-68.86379
-67.13795
-61.15864
-69.39575
-59.76755
-89.48468
-69.09247
-68.00712
-66.17874
-63.60300
-81.95977
-72.82379
-72.45081
-54.85907
-70.52326
-72.91804
-66.02261
-54.74915
-55.85668
-55.78225
-62.03339
-68.21140
-66.96051
-81.17388
-70.84085
-67.83792
-65.22269
-61.20891
-61.02185
-62.96067
-73.34816
-59.81085
-81.63494
-60.56444
-79.40839
-52.59728
-65.86648
-70.79337
-59.50264
-56.44392
-57.52814
-57.04373
-72.23215
-55.37551
-71.01396
-56.02302
-60.63159
-49.91867
-59.13700
-45.35911
-59.49672
-63.45825
-69.82549
-72.74481
-67.25234
-77.36355
-54.60313
-62.04516
-64.75771
-56.54779
-61.47456
-49.53546
-58.91136
-68.71412
-70.00453
-72.19911
-61.87588
-79.20798
-63.19163
-72.50376
-60.80098
-70.24631
-60.81765
-59.58206
-57.91962
-61.63317
-52.74845
-50.83930
-70.24150
-55.45573
-76.72675
-61.14056
-62.47964
-63.15837
-61.20226
-67.81764
-74.24956
-54.80939
-66.79697
-62.65367
-59.23077
-62.71953
-65.91949
-60.74723
-54.05866
-67.87275
-70.47930
-58.81962
-66.73282
-59.12030
-57.77248
-74.69384
-64.11111
-63.07306
-69.24020
-54.15657
-63.01280
-63.95159
-60.41615
-50.93767
-54.08533
-57.44889
-69.90589
-60.37662
-54.29742
-65.60970
-57.68783
-61.87458
-62.66136
-60.41723
-59.57117
-51.95222
-69.00422
-68.85240
-71.28732
-63.65394
-60.70383
-54.97815
-63.65372
-59.96590
-58.56687
-62.59992
-63.78413
-60.39534
-73.54805
-56.43178
-62.03727
-69.61145
-58.24723
-58.18543
-76.68468
-72.09037
-74.49282
-79.84184
-52.60353
-66.03858
-45.34556
-56.65155
-60.49773
-66.42981
-57.58279
-64.38334
-66.95133
-57.08889
-64.83986
-73.62697
-60.59801
-50.06874
-65.34264
-68.57614
-68.23102
-74.78028
-56.35375
-68.74417
-57.23150
-49.35965
-64.73229
-60.47668
-58.73808
-62.78151
-58.99635
-68.21224
-67.60674
-64.76321
-73.25292
-65.48964
-61.99244
-64.12627
-73.36377
-62.08146
-54.91197
-54.12209
-68.14364
-58.39230
-62.33828
-75.67437
-61.41322
-61.99194
-70.26140
-64.24022
-72.34402
-66.64076
-79.93415
-65.96373
-65.05951
-67.75511
-55.76116
-55.32187
-56.51801
-61.98576
-68.05869
-64.55567
-56.27006
-77.79779
-68.00503
-69.83812
-62.60525
-71.26128
-71.01094
-59.45692
-70.00484
-60.81207
-68.68223
-70.94873
-61.78990
-74.46482
-73.19730
-71.30523
-72.69946
-67.57074
-69.23626
-72.63350
-68.09809
-76.37292
-56.72343
-63.77135
-81.03050
-60.95579
-65.69143
-59.57685
-58.78295
-72.31130
-63.46127
-61.72004
-56.81841
-60.25931
-62.14328
-70.93888
-64.10844
-63.86067
-67.64395
-66.42462
-58.89124
-62.34647
-56.01087
-69.68183
-63.76053
-58.64164
-68.49138
-67.96149
-75.06341
-59.09403
-66.75956
-69.33515
-69.20679
-67.37790
-77.64086
-62.69877
-74.83188
-65.20225
-53.83556
-57.96094
-78.92874
-70.46728
-62.48005
-77.41350
-54.25848
-60.22091
-58.43295
-55.42447
-68.51345
-74.61942
-72.06044
-59.59328
-71.49730
-72.19559
-61.85542
-63.43022
-67.20713
-68.08321
-74.84885
-60.68293
-70.75234
-67.25021
-60.35774
-67.44292
-57.27848
-61.25207
-58.84519
-64.94900
-67.93903
-77.45058
-73.46318
-63.64438
-64.48159
-77.51107
-55.74001
-57.89476
-60.27862
-69.60120
-58.54619
-56.26666
-49.27131
-67.76004
-45.60193
-60.66788
-77.89995
-57.54220
-75.60309
-68.93483
-62.50109
-65.56249
-59.10162
-61.03586
-60.14253
-60.01033
-73.30309
-68.95189
-94.84713
-67.61732
-75.76920
-51.21116
-71.06124
-55.67265
-53.44873
-64.98079
-62.64144
-76.18022
-70.55552
-64.70875
-71.69123
-55.22206
-67.43295
-60.07274
-64.59561
-63.51483
-55.81723
-69.33481
-62.96792
-57.91485
-60.93157
-64.52122
-56.86312
-56.75575
-79.62735
-76.01045
-67.00984
-66.87452
-66.66287
-79.35506
-58.52985
-66.44936
-57.15703
-54.39418
-71.66123
-74.55107
-59.47545
-71.26660
-64.99392
-64.71529
-63.29924
-53.67473
-78.55712
-56.12260
-66.59771
-70.54682
-77.38522
-73.84688
-71.90233
-56.86951
-69.50354
-64.78113
-66.30990
-64.51521
-60.56967
-73.10471
-72.78493
-70.66503
-57.87228
-73.47492
-61.95227
-71.27951
-69.71246
-62.75499
-56.02228
-70.75577
-62.17207
-63.08075
-54.84460
-60.57790
-59.69656
-64.91468
-66.03425
-65.40120
-58.50266
-73.05614
-73.76925
-80.06046
-50.72902
-51.94395
-58.32288
-71.33829
-68.55040
-54.04911
-67.85344
-55.87925
-61.16943
-70.41172
-66.15002
-69.18394
-56.30060
-64.67075
-58.14343
-63.16150
-53.28892
-57.41982
-72.30945
-59.52823
-59.12041
-74.52113
-76.18242
-67.84015
-57.76359
-52.72478
-63.92388
-69.14860
-73.17527
-60.75670
-56.28013
-51.44174
-71.67453
-56.41495
-69.49051
-75.40393
-55.76388
-62.54090
-72.76791
-68.71192
-60.09468
-77.35385
-68.59802
-67.56755
-66.43404
-62.59415
-85.91013
-64.71040
-71.58973
-66.36529
-64.26621
-64.55982
-72.53556
-57.42805
-66.15402
-62.66716
-50.48706
-82.09015
-65.71125
-67.31629
-52.27195
-68.27462
-63.39313
-58.49108
-59.22925
-62.59192
-74.70844
-76.54078
-79.05236
-62.78953
-67.64721
-72.10412
-64.86346
-74.68395
-80.81050
-61.35696
-64.99973
-61.27216
-63.90479
-64.13173
-52.95747
-61.81204
-62.33566
-57.31424
-60.71850
-58.90032
-58.90856
-53.69316
-75.26203
-63.81353
-62.59464
-58.32541
-67.18527
-69.03603
-60.97547
-83.27235
-73.02775
-72.82539
-81.18398
-75.20066
-64.80860
-63.32728
-52.82443
-46.83905
-63.02237
-69.52132
-82.02238
-58.21470
-65.25969
-59.54914
-58.20182
-56.83548
-57.34525
-59.02147
-65.46171
-73.39712
-70.00006
-63.37107
-74.18652
-59.37084
-66.20508
-63.00678
-69.68883
-70.93249
-72.75442
-61.12394
-70.71153
-62.10623
-73.56840
-69.81328
-62.09229
-67.00541
-62.51904
-53.71636
-70.76408
-59.95507
-68.69105
-67.00046
-65.56199
-56.04464
-94.42053
-63.74676
-73.27603
-51.85898
-83.34240
-54.84766
-67.61822
-56.36687
-68.36976
-55.45482
-65.15269
-55.33244
-58.70535
-72.37646
-73.48679
-69.04022
-61.82739
-69.68579
-61.04665
-55.66891
-70.86265
-70.12271
-74.89482
-70.75472
-64.06974
-57.76792
-53.67971
-67.01817
-73.92981
-62.69147
-57.74062
-58.15971
-59.16400
-61.10930
-60.90793
-65.89520
-61.29633
-74.12872
-59.47593
-77.56224
-58.56325
-67.47159
-63.43075
-68.30839
-66.11992
-58.70940
-63.63894
-74.86999
-75.36711
-68.39911
-67.59882
-54.50398
-46.85635
-70.87017
-61.54028
-57.84756
-62.33759
-54.84414
-67.46090
-67.64063
-58.35237
-69.09681
-77.52642
-71.26859
-64.83731
-81.43030
-60.94850
-72.53204
-67.58267
-60.82735
-58.65350
-64.33459
-64.27918
-67.36593
-67.41424
-67.40466
-70.71597
-58.54530
-57.94705
-73.55140
-68.51964
-66.76443
-62.47077
-69.91679
-73.87891
-59.91384
-75.91009
-72.53295
-56.00743
-52.24612
-58.09417
-62.49381
-60.47328
-60.31353
-55.35354
-66.38782
-68.00147
-60.32165
-55.86864
-76.46075
-61.59951
-61.70948
-73.39475
-55.57893
-67.26137
-64.89760
-57.27685
-68.71912
-59.50631
-74.83149
-71.26136
-64.97965
-66.33891
-62.20665
-66.40748
-66.70596
-69.11588
-75.08105
-83.90544
-63.77315
-65.37183
-58.06290
-63.75721
-69.54796
-76.71133
-55.08432
-60.66264
-52.36059
-72.17803
-67.85727
-57.38515
-60.08170
-71.88562
-63.37373
-67.05906
-68.62476
-72.00176
-61.93898
-63.66188
-65.16654
-73.32085
-57.94161
-69.49097
-59.41921
-58.17175
-57.34226
-67.91017
-51.18973
-59.19369
-62.45763
-70.84450
-80.41489
-65.70430
-76.42974
-75.96312
-69.51625
-60.12325
-68.63006
-68.63469
-65.75373
-63.37478
-71.18425
-69.62477
-73.31532
-78.10992
-65.98201
-56.06301
-52.74196
-69.47148
-65.46567
-63.72561
-71.54740
-53.21670
-72.43520
-72.09487
-68.08166
-72.61749
-60.37072
-69.39937
-58.27080
-64.70137
-71.46255
-56.06184
-62.90656
-67.39592
-58.20307
-59.14165
-68.56747
-66.74109
-57.70162
-77.74438
-61.56069
-65.78768
-82.06765
-70.45554
-63.24158
-66.48198
-71.00149
-63.22198
-69.94682
-67.00009
-52.13637
-71.06059
-67.67243
-68.28494
-58.05999
-58.83606
-70.05304
-71.86304
-73.58442
-58.85701
-66.66820
-61.61952
-56.37625
-64.52358
-58.23064
-56.64276
-71.37187
-54.35265
-54.90427
-61.27899
-62.97547
-76.60782
-61.83628
-55.82005
-84.08983
-51.40495
-71.83827
-61.28769
-63.84924
-61.56111
-56.36385
-78.38244
-63.20928
-60.22020
-57.87317
-71.13819
-50.37764
-65.80193
-54.97714
-62.48492
-54.45183
-62.47396
-61.26471
-70.65419
-67.45235
-68.28491
-71.91283
-66.79914
-75.16708
-73.14981
-67.81892
-56.21603
-57.96717
-51.16529
-58.57970
-67.08291
-61.13824
-76.97737
-51.79101
-61.49628
-58.86711
-60.50260
-62.52019
-62.40943
-56.40218
-52.18803
-58.04056
-62.05005
-60.58925
-57.99084
-78.62253
-67.76244
-62.92192
-63.34843
-65.00869
-58.00627
-61.26059
-79.72912
-61.82284
-60.59901
-81.25460
-61.21176
-66.44325
-59.25538
-68.63132
-59.77324
-64.63039
-65.90556
-70.07914
-61.66143
-66.32740
-62.56482
-62.58073
-84.38885
-64.15905
-73.87298
-64.25190
-62.57045
-67.38790
-66.07341
-62.13737
-75.62481
-66.21033
-70.19372
-57.08835
-57.95324
-66.06794
-76.51798
-78.08267
-66.20511
-67.85810
-57.99714
-72.94186
-64.84138
-65.48215
-64.04789
-69.69070
-67.95364
-68.54930
-74.17081
-61.38151
-64.22676
-48.54320
-58.77359
-52.66042
-74.68336
-80.11586
-66.28464
-56.51784
-70.74189
-58.75891
-57.59566
-70.48416
-70.69734
-62.00267
-69.23219
-70.45932
-70.95421
-47.35994
-60.43387
-68.91750
-66.02609
-63.83580
-55.59604
-63.17341
-59.93857
-65.10670
-61.54078
-72.40693
-68.34041
-60.17701
-60.83596
-67.80776
-63.29243
-65.01295
-63.61067
-64.47363
-58.85134
-68.05057
-72.88174
-71.68721
-69.94447
-55.23225
-61.00690
-72.94258
-58.66610
-52.46876
-66.52248
-70.56994
-55.49776
-60.44471
-71.76035
-76.77587
-73.41096
-66.82329
-64.16399
-63.36349
-68.90237
-66.24173
-58.19865
-72.70770
-65.49208
-63.57906
-62.00838
-63.14965
-64.41617
-54.49145
-57.65145
-69.29994
-60.19929
-61.81861
-82.03537
-79.73245
-67.44850
-64.99377
-72.03087
-67.55186
-61.05979
-69.07748
-56.06438
-58.57700
-57.43153
-60.89998
-78.67762
-62.30737
-60.06695
-70.92477
-64.40186
-56.27491
-52.31714
-57.76209
-68.53171
-58.52259
-58.55429
-53.68915
-70.24726
-65.02405
-55.02147
-75.11966
-47.82599
-64.70554
-66.07672
-75.65715
-64.03485
-64.24650
-54.79237
-55.35779
-59.82705
-55.94569
-52.07266
-62.66339
-65.26853
-63.50806
-69.22587
-78.87229
-58.01131
-66.39756
-69.11127
-56.23049
-58.86616
-71.89376
-60.80129
-61.06260
-57.32279
-72.72307
-73.13494
-80.17802
-69.67046
-71.99079
-66.71724
-56.90196
-81.74282
-69.78533
-64.47230
-68.66923
-85.18953
-56.58171
-57.14533
-76.03284
-59.29900
-57.92315
-73.19982
-56.82746
-61.66168
-66.80788
-52.19875
-57.37090
-69.68790
-54.81949
-60.08193
-56.83882
-67.37123
-80.64385
-72.91046
-58.82879
-69.89516
-60.25712
-68.16756
-62.17756
-71.38897
-69.40931
-76.57818
-60.60054
-70.22553
-62.37104
-57.50070
-59.73733
-60.01344
-73.37982
-61.45831
-62.69028
-62.71711
-62.53121
-53.54178
-61.90559
-54.57162
-70.19421
-72.65499
-53.37945
-56.18699
-55.86655
-63.64411
-63.77765
-58.83964
-51.50270
-68.76999
-60.97430
-77.77537
-64.77211
-65.34854
-66.24733
-72.39453
-67.08590
-65.06227
-56.23633
-58.68281
-56.03014
-65.06026
-62.20801
-64.91339
-64.10528
-77.60329
-61.56019
-73.93599
-56.58090
-66.85813
-71.72750
-61.38073
-48.46662
-58.99353
-61.37208
-62.53246
-64.07706
-59.49558
-50.45406
-63.12534
-55.25475
-65.16483
-56.15898
-61.43366
-72.49572
-70.97485
-61.30136
-68.16039
-65.45348
-68.70864
-64.19606
-56.60250
-67.15233
-61.75414
-65.55289
-57.66165
-65.29328
-73.52391
-69.58055
-67.79374
-62.88407
-70.92512
-67.38550
-67.58142
-70.35975
-66.39731
-68.32371
-60.56855
-66.59761
-46.78276
-62.71534
-64.52823
-61.28222
-53.86293
-62.54873
-66.19424
-61.86983
-60.34695
-67.32086
-77.04774
-59.01275
-59.45198
-65.69391
-59.54714
-70.75106
-65.50181
-66.20041
-76.46792
-54.02307
-72.11897
-65.32569
-77.46311
-47.14581
-48.91917
-59.27446
-79.22966
-77.59439
-66.99939
-63.11269
-81.10070
-58.20894
-68.57805
-64.95671
-69.19597
-54.50219
-62.16594
-68.34009
-61.51140
-62.28519
-58.88059
-62.07349
-62.80458
-74.84790
-69.52136
-66.01354
-63.23531
-53.25430
-78.38961
-58.65322
-64.01877
-60.44379
-76.67673
-59.25913
-67.23833
-64.29468
-69.59456
-70.95255
-67.78783
-56.43099
-60.69271
-71.90574
-63.33980
-73.34922
-62.12699
-64.94747
-62.12437
-70.32582
-61.95424
-56.98426
-60.95221
-60.52531
-64.57078
-57.57501
-65.24391
-64.56300
-63.30407
-58.22467
-70.93520
-74.47398
-73.03900
-77.92331
-59.66906
-61.47948
-68.88309
-76.95613
-56.51116
-70.93651
-64.42649
-60.02914
-68.02879
-59.41646
-59.04718
-87.06208
-55.67387
-58.31610
-63.59331
-70.27118
-71.19610
-58.08876
-61.92665
-67.19772
-71.44514
-56.58564
-63.04164
-60.32271
-58.91266
-72.93151
-65.99816
-63.93623
-64.91722
-62.60361
-72.71538
-58.81264
-42.79728
-51.73985
-72.35806
-66.11453
-68.16230
-58.87942
-56.50121
-69.69450
-54.14637
-54.13874
-70.72441
-66.98616
-69.39860
-66.02529
-65.84140
-84.51194
-56.92118
-66.41095
-55.89639
-61.57203
-60.44728
-75.23186
-52.67671
-57.99917
-57.97518
-59.70701
-52.66444
-59.32862
-47.97250
-75.00381
-68.47337
-57.53089
-67.84715
-78.65818
-73.96579
-68.23729
-61.67124
-64.86192
-67.96230
-71.34453
-67.75624
-62.81099
-54.23922
-66.10219
-59.70415
-64.65366
-64.46398
-69.91563
-59.20459
-68.87977
-60.84733
-61.46779
-62.09971
-69.41529
-67.38626
-64.87489
-73.40876
-43.82156
-75.35198
-51.96779
-59.53855
-75.17749
-67.30809
-64.67302
-61.40395
-61.61158
-71.37286
-71.02551
-69.52208
-56.97258
-60.86125
-58.03298
-56.35667
-50.35372
-58.55424
-80.85306
-60.71140
-69.27249
-62.53850
-54.41713
-64.35675
-62.31433
-68.48174
-66.64710
-57.60397
-57.81944
-73.54893
-52.91431
-70.08371
-65.34658
-47.22331
-62.18840
-60.79928
-61.41781
-68.58326
-65.33088
-64.77845
-59.43435
-52.06900
-80.39917
-63.22523
-60.26427
-56.52459
-72.15016
-72.16679
-74.16179
-69.12591
-67.30097
-74.34865
-54.79007
-50.72242
-68.19244
-80.84439
-74.56213
-56.14231
-65.44520
-73.01333
-63.81504
-75.79070
-65.03470
-62.77866
-69.21088
-67.30889
-67.36322
-58.11090
-62.02517
-54.58321
-66.14068
-74.98688
-68.08636
-59.98933
-60.96744
-72.50733
-60.39654
-67.11362
-63.46650
-69.43155
-65.97386
-54.61017
-61.54570
-69.79337
-69.68537
-58.27378
-59.77161
-67.43827
-64.36848
-50.42753
-78.19161
-72.64621
-60.71811
-51.10243
-67.67172
-55.45616
-70.30532
-52.71330
-78.45811
-67.63394
-58.16309
-52.25430
-60.32971
-59.65778
-61.67460
-53.14550
-75.90811
-56.14583
-66.18523
-69.40536
-86.12391
-47.20435
-65.84332
-75.66400
-55.13920
-73.56707
-54.39661
-74.09729
-60.23821
-73.33220
-67.89880
-59.16245
-55.41882
-59.39036
-73.09318
-66.86041
-68.94272
-68.39264
-59.51453
-87.46781
-63.06625
-64.37638
-70.39204
-61.22917
-66.01523
-51.31863
-59.99918
-52.26566
-77.14329
-57.73012
-77.49280
-63.57764
-70.20891
-62.98317
-65.14931
-69.00690
-60.16850
-68.91722
-73.34434
-59.32065
-70.06035
-64.35625
-55.32898
-58.26382
-65.32878
-74.83804
-64.40122
-55.13939
-75.65515
-72.45062
-68.08914
-55.67343
-82.93200
-58.45738
-63.39606
-68.27606
-67.32007
-52.47737
-57.64937
-65.38495
-78.46582
-73.72102
-71.15815
-53.88535
-57.08962
-52.38169
-59.36644
-69.93010
-72.31014
-61.02608
-67.84558
-57.88868
-64.59149
-60.78356
-72.34650
-58.74691
-65.45013
-69.67842
-51.15496
-60.90490
-65.60794
-56.46098
-67.02571
-70.45317
-61.26807
-65.87670
-59.89505
-52.50935
-69.03730
-54.99195
-76.67467
-67.44851
-62.55746
-57.98450
-72.60781
-64.59778
-54.81859
-61.16658
-60.64578
-59.84364
-54.33342
-52.01476
-59.50724
-72.21393
-73.24774
-66.92632
-51.63760
-54.51676
-60.39038
-66.16187
-65.38106
-66.37318
-71.64992
-60.12103
-66.05577
-73.16871
-53.79808
-61.15877
-70.19717
-67.25023
-69.35915
-60.24583
-60.29788
-52.99069
-60.63937
-65.62453
-57.09044
-60.54090
-57.23816
-69.22562
-65.46089
-61.85723
-56.79059
-75.55966
-72.96268
-75.12366
-73.61423
-62.00732
-52.09506
-69.70715
-52.04468
-52.06067
-55.22567
-76.04588
-72.48151
-61.45978
-70.58955
-66.50323
-66.28238
-68.16091
-51.55866
-63.62893
-60.52625
-65.42527
-67.34149
-70.43893
-57.32680
-59.69561
-58.02583
-61.66594
-62.43851
-61.23984
-66.02022
-53.52563
-59.19692
-65.49251
-51.53460
-70.23917
-64.20330
-61.43559
-69.59616
-56.09005
-70.23912
-80.13469
-61.40650
-53.98019
-64.73394
-59.96167
-60.16872
-59.36190
-65.07227
-54.81831
-67.78802
-49.27888
-55.19978
-73.40555
-65.82418
-68.29286
-70.25254
-57.86506
-58.30395
-72.85460
-55.69297
-63.68851
-63.73533
-68.57907
-78.39747
-63.48258
-64.55127
-73.32750
-80.69221
-62.79941
-62.72970
-61.95166
-50.04993
-59.72552
-61.09142
-62.45271
-71.71917
-63.25013
-72.69715
-66.92171
-70.49291
-61.40773
-60.08605
-65.62718
-58.68992
-66.50706
-65.59375
-75.88844
-62.04838
-75.85844
-74.34841
-76.41351
-60.92414
-54.73570
-69.64186
-63.10645
-76.85862
-77.84987
-60.65875
-64.89433
-51.33649
-61.18314
-60.78580
-80.38015
-58.38322
-61.32402
-72.93752
-56.04987
-66.91293
-54.50496
-74.32884
-56.18277
-55.85499
-68.77049
-63.10569
-77.35599
-67.12634
-66.65822
-55.74159
-51.01175
-59.50305
-62.86183
-62.99256
-65.28206
-65.98602
-63.92567
-67.29075
-67.61679
-67.37763
-50.81015
-63.48633
-58.64699
-74.30889
-80.30136
-65.47176
-60.16381
-77.80277
-61.62590
-60.72625
-57.71042
-73.05168
-66.08137
-58.47444
-66.75741
-74.24463
-58.00639
-64.97558
-73.11922
-76.71936
-55.49562
-70.39772
-64.27673
-69.32765
-73.07066
-59.24483
-67.48971
-71.06642
-50.29118
-62.42935
-57.52170
-58.55987
-53.61731
-68.49572
-57.61277
-68.09209
-73.97605
-73.57884
-61.45539
-69.92589
-56.75568
-55.23278
-63.49761
-57.59059
-64.36954
-58.44472
-69.03798
-60.77940
-73.42947
-70.76873
-73.51418
-64.06124
-62.44533
-60.04145
-61.92512
-68.33057
-70.41451
-66.84546
-69.26613
-70.41888
-67.72690
-65.56473
-67.08292
-73.38424
-64.39613
-55.20209
-72.37193
-58.38626
-79.30773
-68.02294
-76.27067
-53.88048
-76.73056
-58.00157
-67.19205
-52.82457
-58.66776
-70.99828
-83.90556
-60.15639
-64.33140
-53.33207
-58.51723
-55.16619
-61.39858
-67.90586
-59.82646
-50.75896
-65.26031
-71.05635
-53.34328
-61.48343
-68.75033
-67.28670
-63.92226
-60.88281
-81.35425
-59.66860
-72.25047
-85.38991
-66.46405
-75.51149
-60.11621
-57.29649
-62.95095
-60.26801
-72.45337
-57.29604
-75.92323
-71.14071
-56.75400
-58.44667
-55.86168
-68.07417
-64.72448
-50.57881
-60.47324
-62.73832
-66.34628
-69.40741
-54.48581
-57.38348
-55.83984
-70.26749
-65.09629
-80.05491
-62.17601
-72.99916
-69.73374
-71.91677
-69.91412
-51.84727
-70.49272
-66.00741
-53.76132
-51.58068
-57.34908
-58.50847
-69.39209
-70.96871
-77.06535
-62.17907
-74.46651
-63.81127
-64.91425
-65.40261
-72.21879
-54.31932
-58.59721
-65.62272
-52.47990
-72.69900
-54.23267
-71.68083
-62.68515
-56.85350
-59.14659
-78.47433
-52.61691
-64.28207
-50.77362
-70.11737
-66.38702
-61.41050
-64.76764
-61.66376
-58.76525
-54.26667
-62.46764
-60.43284
-61.83928
-67.44406
-57.32338
-62.92429
-53.91791
-71.70411
-58.40366
-71.02556
-59.18295
-61.38418
-55.09542
-53.74367
-61.18575
-62.20221
-61.37245
-66.22689
-59.35516
-69.78878
-61.06292
-71.27466
-80.39934
-69.70173
-58.60945
-56.59787
-62.85765
-75.88047
-70.46989
-60.19298
-70.40100
-69.83764
-58.62673
-70.06754
-73.91651
-66.67952
-68.57872
-71.52303
-62.86497
-69.30067
-66.25650
-53.61467
-51.47629
-61.54070
-63.82665
-52.75061
-54.64841
-60.64390
-74.07901
-62.23480
-69.23048
-68.06984
-57.16290
-59.16668
-54.38525
-59.13143
-75.75613
-66.31433
-59.42844
-60.33944
-61.71923
-60.58869
-57.12700
-70.92162
-53.37855
-67.56929
-59.98598
-44.81919
-55.99802
-55.81662
-66.97514
-61.75256
-62.29657
-66.52892
-56.60048
-59.01368
-65.17218
-69.02686
-68.46005
-52.98575
-75.74195
-58.66216
-47.97333
-60.70395
-65.60210
-50.35651
-76.57671
-74.49640
-68.31281
-57.02517
-80.19847
-74.25575
-70.28780
-75.68316
-58.07857
-52.00553
-71.53175
-70.93025
-66.85508
-48.66476
-67.68757
-72.63486
-73.31977
-77.63682
-68.53810
-57.40593
-59.17735
-57.15296
-57.79156
-66.17496
-64.60437
-76.39886
-69.11355
-54.82629
-51.95051
-63.86094
-60.64191
-66.58013
-53.26409
-58.03330
-70.62274
-57.64241
-64.86921
-67.24157
-66.88767
-52.13953
-64.20870
-57.31171
-59.13799
-72.91989
-61.77216
-58.09151
-59.21252
-54.95575
-63.96087
-57.16774
-58.01299
-66.24658
-73.75683
-51.82045
-54.65399
-56.56972
-71.72394
-59.35947
-77.71718
-61.95095
-63.80675
-60.07391
-64.46478
-60.77661
-53.69544
-65.58175
-57.98178
-67.07741
-55.61298
-54.34131
-84.33934
-60.50461
-75.50504
-60.94480
-58.18361
-76.68706
-61.67838
-62.71595
-69.51920
-54.12841
-57.74990
-64.69742
-62.60350
-60.24430
-66.30907
-54.46359
-69.51462
-52.24819
-63.94309
-61.70585
-58.69503
-67.37875
-74.20395
-59.48196
-62.20529
-59.16954
-55.63526
-76.12080
-62.94482
-62.42742
-72.81373
-63.50965
-65.09279
-75.49426
-78.85012
-71.87366
-51.57920
-64.48646
-67.94056
-57.60273
-62.97511
-59.97533
-64.21579
-50.63567
-67.59422
-70.26658
-69.49610
-64.83028
-71.67161
-52.02749
-66.00226
-61.50170
-56.79493
-58.34869
-52.31608
-57.67151
-63.68862
-71.94409
-65.90032
-80.32365
-70.66475
-62.54642
-73.69726
-69.05551
-72.79964
-61.17432
-55.23813
-56.91088
-67.55563
-73.99443
-74.14780
-60.37034
-67.52666
-76.82403
-63.73091
-56.41563
-70.37182
-60.23946
-70.87871
-75.93120
-47.51052
-55.43837
-61.19897
-68.34587
-72.86189
-66.39358
-53.84466
-79.21613
-54.13452
-71.21307
-65.22040
-76.48153
-71.86094
-57.48932
-64.56982
-73.36440
-79.12455
-74.46297
-60.39279
-71.34833
-77.07615
-61.18580
-65.35108
-65.28536
-67.96496
-59.24690
-61.62586
-61.13727
-68.43981
-69.58035
-67.56687
-50.60384
-64.85171
-54.67558
-74.24438
-64.47096
-57.25474
-59.65589
-60.44190
-59.29668
-69.66247
-57.44593
-55.05946
-72.09481
-66.44560
-64.57497
-60.00776
-56.56076
-64.34747
-66.09612
-56.56115
-57.33432
-50.96875
-57.23139
-64.10986
-69.86193
-78.77008
-61.67162
-55.32366
-58.81111
-72.32006
-41.28838
-72.03846
-83.42998
-64.06680
-68.72457
-65.12994
-63.96385
-66.59496
-46.29030
-65.02892
-67.14163
-63.00372
-58.74904
-62.85717
-73.01469
-62.33860
-67.17687
-64.21189
-66.32473
-71.19934
-56.97961
-56.87624
-63.32491
-70.78911
-63.81882
-67.03730
-58.92631
-75.25775
-55.06558
-65.72769
-66.51573
-61.79884
-56.87515
-64.16428
-76.95866
-64.92942
-63.42674
-59.17634
-61.38976
-86.89685
-66.46532
-64.06775
-62.06496
-65.62059
-67.04531
-54.84580
-59.79812
-63.15798
-53.48209
-50.12317
-67.66258
-69.32997
-75.27971
-71.51892
-59.32094
-61.73289
-61.53593
-56.14011
-55.97638
-55.02969
-56.93467
-65.20827
-67.09460
-58.42013
-64.83450
-65.48278
-56.71229
-60.52846
-60.41824
-57.61398
-59.14670
-59.63036
-61.49460
-43.69495
-57.43375
-68.42772
-64.31104
-73.88296
-68.43205
-57.50431
-65.89512
-60.19561
-66.52131
-70.82983
-61.28634
-64.02125
-59.87793
-54.08280
-56.03104
-66.58623
-79.41695
-53.21421
-68.23539
-66.84338
-60.93529
-71.61006
-64.21061
-68.84327
-58.36188
-72.61951
-62.64791
-79.99363
-59.93980
-70.56388
-56.09936
-60.61543
-66.99386
-75.06232
-62.86520
-58.58213
-58.73170
-62.27037
-57.74449
-60.84439
-56.78393
-55.58502
-67.21696
-78.70634
-63.49963
-72.85453
-66.85575
-69.66411
-57.17606
-69.33749
-71.21706
-62.35728
-75.42638
-80.25736
-57.20630
-68.08681
-70.21787
-77.96251
-76.21606
-61.59538
-54.15595
-66.19177
-65.93276
-63.02160
-71.16961
-73.55171
-48.06183
-54.79400
-62.08510
-54.99624
-65.25461
-57.29782
-67.60583
-57.09113
-57.60343
-59.82747
-64.27444
-69.96274
-66.94449
-66.14332
-69.58464
-51.96886
-65.68021
-64.80876
-59.07035
-73.59739
-75.33045
-70.51048
-56.05025
-69.89725
-46.84760
-69.45183
-68.99695
-52.51394
-72.66059
-64.92678
-77.25860
-69.16453
-74.44198
-52.57156
-63.79429
-58.07835
-68.84533
-67.48283
-60.44011
-61.57261
-54.33878
-65.07250
-59.32014
-56.13872
-63.08359
-58.65951
-79.02767
-60.79499
-81.11609
-58.93792
-50.40504
-71.66110
-85.41462
-67.76015
-87.51455
-56.26354
-58.46809
-70.84569
-86.69610
-67.03985
-79.16912
-64.74629
-68.87176
-67.34283
-78.35306
-71.22595
-67.46501
-60.66228
-67.40094
-66.69602
-58.87621
-65.50761
-57.44993
-66.89426
-67.80146
-77.39040
-51.12523
-64.26785
-77.45641
-54.47876
-57.30251
-69.33954
-62.48620
-55.54358
-57.32877
-70.65493
-65.41332
-63.70050
-63.17765
-58.73279
-70.51916
-69.53015
-67.91431
-64.06911
-65.83784
-69.55016
-73.37191
-70.30583
-69.76251
-68.98502
-72.43096
-82.28425
-69.37917
-64.26678
-68.74239
-49.46149
-74.61177
-54.33412
-66.11791
-76.35627
-65.80077
-58.88038
-53.78028
-65.00709
-68.46910
-75.64211
-63.36834
-66.51485
-64.10140
-58.93594
-62.22985
-66.01559
-72.02775
-51.85324
-69.39341
-81.71319
-79.71855
-67.45882
-51.40860
-74.16233
-59.35191
-52.02372
-68.05737
-64.80714
-72.41115
-58.48718
-64.21767
-61.91923
-68.88942
-73.59739
-72.76322
-57.90492
-59.49053
-56.86773
-61.83150
-69.64600
-70.79342
-73.04761
-54.33667
-55.37137
-64.78589
-75.81125
-67.88998
-61.70653
-65.73973
-69.97024
-60.97477
-69.42726
-63.27797
-68.60524
-76.02205
-57.48284
-73.28211
-61.80703
-68.24736
-59.74504
-61.29317
-55.68876
-64.63517
-58.00368
-51.68337
-68.94315
-63.88217
-53.11422
-62.29686
-71.68081
-58.52456
-59.83198
-70.90932
-60.11900
-51.97221
-69.00236
-67.96964
-77.01460
-62.57970
-80.66557
-61.76459
-57.59522
-62.15700
-65.60302
-66.33427
-64.72617
-75.68270
-50.19784
-64.79276
-53.76437
-67.76487
-66.20216
-52.10006
-67.09824
-64.83572
-74.78266
-67.17011
-56.87137
-79.81513
-58.40136
-60.03650
-69.85740
-52.44867
-61.23827
-63.67638
-72.97689
-74.07711
-68.33646
-86.87769
-58.99414
-71.90564
-59.77202
-55.21002
-72.89689
-82.14077
-67.38924
-65.49807
-64.59335
-69.64467
-78.64103
-77.56629
-55.10412
-53.66635
-63.02236
-74.08101
-56.68285
-52.06379
-77.42560
-65.27177
-55.44845
-53.07377
-66.40368
-70.99405
-73.50949
-61.56273
-61.51479
-51.43810
-77.25716
-60.11805
-57.20644
-72.48175
-56.66797
-60.74902
-54.94243
-83.12028
-58.34913
-62.75379
-58.20288
-77.75634
-58.24595
-60.54135
-53.11874
-75.02555
-74.17384
-71.67540
-59.62385
-69.07000
-60.61752
-52.12472
-69.84590
-64.55907
-75.30129
-60.37883
-64.30770
-60.78071
-69.47923
-60.70310
-59.64796
-60.99016
-62.22959
-64.15625
-73.95464
-65.71489
-49.27560
-65.23719
-49.92275
-60.41039
-64.26507
-61.41689
-62.99787
-65.41617
-75.97655
-64.51180
-61.17145
-55.83418
-59.24909
-61.66312
-69.44198
-59.49839
-64.84850
-61.67463
-66.42248
-64.96695
-59.76918
-64.48617
-70.77695
-69.57717
-56.22646
-58.53123
-76.07701
-66.05168
-65.63459
-71.25015
-67.84518
-58.32209
-72.04859
-59.88252
-57.17765
-57.80819
-48.76860
-52.91047
-54.44584
-55.04919
-69.80702
-60.58710
-62.80360
-65.06450
-71.51413
-56.36484
-64.37290
-57.95862
-67.17119
-60.25014
-57.53262
-62.46806
-68.79442
-59.10906
-66.01401
-77.50085
-63.17018
-62.82776
-56.56825
-60.62841
-58.63220
-67.33474
-63.32200
-68.05707
-69.19757
-61.47556
-64.29992
-77.99108
-51.94389
-66.63161
-69.16162
-67.11385
-69.44817
-73.04107
-72.41844
-51.91644
-65.48718
-71.44545
-68.48859
-61.71708
-55.78360
-62.63570
-70.65029
-71.49881
-48.72327
-61.91826
-75.79072
-60.43899
-76.45277
-51.25903
-61.63798
-64.64456
-77.88015
-71.51896
-68.53146
-87.47395
-59.49572
-62.57762
-50.98625
-60.94707
-58.61295
-53.87325
-55.26476
-62.26018
-59.87761
-57.32942
-75.84191
-73.38270
-65.22288
-77.26915
-68.60648
-55.49278
-59.19152
-60.33384
-58.87931
-77.41744
-64.78328
-66.11338
-67.97971
-56.42198
-54.16514
-67.21274
-76.56813
-65.35061
-73.41588
-66.80921
-51.65163
-65.32679
-67.46061
-58.99823
-54.91704
-65.99463
-73.65534
-65.29177
-68.79592
-50.54011
-62.28143
-81.78412
-79.36118
-74.20600
-66.71254
-77.87473
-66.71092
-60.15175
-68.43326
-52.33831
-50.77767
-55.39171
-65.98393
-60.95487
-65.56548
-66.42782
-56.95142
-72.26238
-47.25795
-64.13532
-59.83980
-59.41173
-62.68000
-52.17907
-65.11079
-63.71206
-57.42286
-46.56789
-61.28543
-63.20253
-53.66555
-59.86624
-68.10799
-76.62860
-55.15270
-60.73586
-58.33307
-71.56234
-67.57314
-68.80108
-61.96229
-75.42002
-67.47333
-65.62589
-64.84937
-52.25978
-57.60243
-62.49885
-62.93319
-62.88485
-74.24498
-65.75457
-69.42965
-76.95237
-71.18843
-56.85415
-61.78403
-79.59365
-54.19243
-57.37916
-68.85937
-73.71759
-69.40743
-56.26366
-55.51647
-61.92251
-70.35606
-70.43966
-67.66094
-75.50850
-60.19441
-62.85726
-75.20858
-48.51668
-54.77401
-60.45917
-70.93952
-62.42719
-68.43438
-69.89501
-64.00327
-63.78406
-81.05687
-57.23271
-67.91095
-69.45561
-78.17011
-62.46547
-65.22863
-60.66005
-60.95976
-67.67201
-67.01966
-52.45341
-68.38901
-57.34793
-51.02691
-58.98796
-55.09815
-73.21680
-54.88029
-56.65968
-59.34003
-59.12064
-57.48236
-53.86988
-67.31916
-59.18896
-64.55031
-56.50835
-66.08848
-62.99867
-56.41581
-62.76975
-68.95900
-71.16868
-56.47173
-68.45743
-66.81354
-67.43523
-69.19719
-53.78027
-71.52144
-65.36246
-60.65040
-59.40945
-65.68125
-73.39234
-59.85398
-64.84091
-61.92584
-64.62683
-58.60592
-58.01570
-55.66712
-58.58018
-60.09456
-66.11273
-59.49881
-75.50030
-65.26109
-53.92099
-67.14875
-74.82009
-53.53346
-68.27243
-65.34799
-53.61577
-66.47680
-60.30511
-64.83238
-64.41545
-80.65970
-77.09215
-70.68426
-56.84567
-66.00188
-66.10907
-63.35415
-67.04566
-57.21739
-70.05271
-59.88812
-77.72942
-61.29351
-63.81303
-68.15626
-73.28018
-54.72059
-68.14541
-52.84960
-66.37101
-71.02011
-55.52284
-59.72586
-62.34932
-54.92369
-45.43965
-64.83759
-68.85391
-72.85731
-68.04306
-69.13887
-56.67652
-73.42594
-60.95516
-67.16580
-74.51876
-86.52920
-71.46368
-65.48066
-64.49585
-71.35124
-61.99689
-60.37646
-66.31989
-73.54125
-58.40189
-65.29337
-69.36312
-65.30262
-54.99006
-63.61640
-71.60134
-61.76584
-65.70011
-69.42272
-76.72612
-71.71577
-58.38946
-54.49497
-59.08478
-57.72519
-61.90274
-73.15026
-67.53625
-63.45065
-68.08257
-67.76831
-64.31084
-71.54116
-72.79277
-66.26231
-61.67077
-81.51238
-64.42701
-64.82835
-61.01153
-61.70651
-71.91798
-55.19262
-57.33534
-63.31795
-65.25122
-56.76543
-56.94090
-62.85049
-75.46469
-55.12422
-72.90884
-61.33443
-60.13753
-59.33545
-65.77534
-64.19321
-55.14045
-69.85340
-53.59204
-58.97402
-72.49134
-71.96919
-51.92643
-67.23198
-66.85858
-72.10032
-61.21453
-56.61235
-69.74174
-70.73977
-64.40201
-49.96647
-60.92242
-61.95704
-72.38121
-73.34003
-66.25670
-74.92596
-62.73357
-69.78215
-58.96019
-65.34358
-60.51267
-69.84154
-74.62963
-53.45788
-67.13087
-68.66074
-50.92952
-69.47024
-72.13281
-66.50989
-53.62295
-79.91033
-55.07320
-73.57417
-60.54305
-65.28832
-51.95007
-69.34928
-64.86357
-70.44377
-63.12880
-64.85788
-79.92394
-61.78990
-60.60309
-72.94407
-54.12274
-62.89922
-64.07623
-79.38871
-65.87077
-70.69772
-54.09002
-74.64698
-62.40461
-60.74141
-91.97032
-55.30511
-57.22394
-68.23062
-67.87691
-73.17342
-50.47628
-45.81495
-60.04183
-75.94127
-59.83428
-68.84621
-65.26874
-72.44299
-48.68093
-69.96243
-74.00581
-72.81109
-53.59018
-68.27314
-64.48004
-61.83596
-77.15716
-67.54018
-65.28028
-56.37114
-62.31748
-56.56451
-66.82551
-62.70737
-52.16170
-60.53374
-69.58842
-70.14471
-62.22055
-63.51466
-74.29388
-57.28900
-69.69189
-76.36937
-53.67091
-74.40340
-69.15742
-58.07914
-60.79970
-60.94920
-75.73415
-54.40907
-71.00922
-69.75918
-68.51793
-69.78583
-58.16327
-54.19948
-66.16086
-68.17572
-61.28941
-64.65937
-81.27222
-61.73011
-58.73057
-50.74240
-58.63373
-62.80040
-60.81026
-66.99615
-58.51468
-60.02288
-72.05338
-63.72276
-51.39487
-66.29792
-70.59474
-65.31299
-72.59144
-57.74244
-73.98130
-76.17198
-48.37294
-67.42251
-66.75353
-64.65962
-50.33664
-63.47917
-48.30664
-80.31056
-65.90861
-64.18235
-61.35582
-54.16320
-62.47073
-69.00082
-60.80213
-66.36048
-66.78207
-72.39564
-64.58265
-67.33809
-73.67445
-63.57017
-50.39514
-68.58976
-71.21245
-54.74531
-70.22659
-59.41526
-60.77590
-57.18235
-65.23565
-68.26833
-54.59757
-67.84181
-68.16617
-69.39969
-58.34158
-65.69847
-66.71078
-70.83086
-56.83848
-67.43911
-68.19855
-50.49954
-73.51646
-77.21165
-53.42625
-70.43832
-68.83235
-64.74655
-60.28053
-59.28812
-66.22418
-70.11181
-69.01144
-67.79532
-59.16522
-71.61026
-76.03072
-52.09419
-70.59889
-66.67284
-61.80637
-63.18646
-65.92304
-58.97344
-50.98787
-64.91387
-72.38713
-64.81533
-60.46544
-64.92534
-67.44787
-65.56725
-64.04316
-77.24832
-77.21425
-68.78486
-62.61084
-60.16783
-69.98745
-65.23330
-69.32411
-60.93853
-56.49326
-56.27860
-68.92689
-59.19857
-70.23613
-59.51807
-67.26575
-59.86446
-60.22934
-57.57777
-58.46160
-79.12829
-66.13359
-76.65179
-62.03510
-64.42357
-79.70963
-64.93427
-68.32169
-62.49871
-72.64536
-61.76585
-69.65411
-64.59537
-54.85309
-63.30251
-68.28491
-58.41604
-76.55356
-59.48939
-64.26158
-76.18173
-60.63789
-58.53077
-56.74868
-63.54729
-54.24480
-66.68696
-61.15532
-58.37424
-65.71626
-56.39365
-67.85665
-58.67158
-58.18839
-54.81931
-67.83350
-58.15830
-60.45766
-77.38809
-66.54508
-59.06438
-68.25310
-78.83531
-69.01979
-57.46549
-60.70916
-59.05555
-62.64882
-54.43959
-52.00843
-68.56987
-74.74197
-70.69204
-57.45539
-73.01281
-59.29313
-61.31921
-66.15593
-55.96557
-65.93638
-56.66453
-50.66685
-59.39505
-53.34871
-75.46643
-46.99244
-55.00768
-61.59729
-65.52932
-76.26705
-62.67438
-73.74195
-71.51104
-61.39790
-60.31000
-83.37532
-42.47218
-68.09362
-60.67352
-46.77214
-59.38880
-81.75809
-62.94589
-66.91464
-68.90058
-75.44021
-70.50133
-57.77014
-61.31422
-58.74265
-55.87493
-75.31187
-75.39640
-56.83339
-79.32369
-63.97387
-57.49886
-58.93560
-60.24815
-44.16217
-62.87708
-68.87598
-67.33927
-83.59519
-59.71284
-60.33687
-59.37524
-62.31785
-69.44960
-66.17130
-55.89631
-62.91811
-67.05724
-67.11616
-51.59587
-71.60781
-71.59842
-77.82650
-77.74462
-75.84276
-66.01438
-59.43160
-53.75628
-62.21075
-49.39649
-56.97255
-65.37801
-54.40435
-65.92718
-72.97886
-66.72074
-65.61428
-64.64143
-50.24667
-65.04853
-64.71726
-72.88080
-73.05361
-70.46712
-77.48879
-60.20395
-52.90958
-65.67526
-60.19797
-68.80752
-64.45093
-57.25980
-62.71990
-55.12937
-61.56444
-59.96304
-64.56468
-71.92906
-63.25057
-74.82949
-79.08108
-82.10718
-63.77582
-54.62628
-58.15451
-65.35723
-73.35071
-74.31862
-74.47275
-58.42293
-56.58899
-54.80469
-62.40975
-60.18672
-65.30817
-59.55174
-67.05843
-62.15844
-64.54397
-68.66125
-58.85832
-79.27469
-77.10510
-60.76934
-59.99513
-49.35248
-68.62155
-66.28511
-76.85338
-74.95129
-71.24152
-60.57394
-74.59477
-52.44791
-57.33666
-61.17061
-70.72336
-64.09675
-62.57811
-72.93538
-79.27066
-72.11617
-77.54093
-64.86594
-65.50444
-64.89634
-63.89530
-67.18081
-55.72892
-66.09068
-67.02251
-72.70324
-65.64727
-70.05048
-70.81927
-58.62618
-58.13504
-71.20253
-56.94704
-67.38516
-61.18045
-66.86666
-55.17521
-73.45291
-67.85909
-65.15126
-69.13421
-75.60546
-55.87788
-70.51001
-53.15574
-63.12937
-76.38979
-75.19856
-75.12040
-72.21537
-53.98793
-71.05941
-65.58306
-64.98737
-66.21149
-56.30178
-64.26820
-65.20694
-69.00999
-70.00755
-71.16754
-58.32793
-65.70148
-69.26553
-59.76030
-69.73688
-71.54196
-66.01907
-65.87030
-68.32215
-61.77984
-68.16679
