23.04267
22.35175
23.20942
22.79993
22.55823
23.01132
22.51770
21.76018
22.78105
21.79803
21.57412
22.51190
22.09548
21.92010
24.36417
22.55887
23.78893
23.78693
22.29952
23.61130
22.34802
23.43302
22.56302
21.80323
22.55202
22.87032
23.30292
22.74152
24.37290
22.95592
22.99085
23.28125
23.22807
23.30882
22.95743
22.78723
23.30617
23.83810
22.78393
23.56708
22.28160
22.80448
22.73068
22.98722
23.45387
23.78017
23.07757
23.20573
23.77600
23.02992
23.97888
22.50697
23.39332
22.13220
23.15568
22.86972
23.35863
23.15738
23.64655
24.30693
22.86463
24.16707
22.32775
22.82490
22.58575
24.41200
23.60957
22.99720
22.48408
23.74832
22.33663
24.17065
23.16403
22.83167
23.63563
23.15473
22.76992
22.85642
22.44125
23.23338
24.28030
21.89692
23.23717
24.21190
22.94157
23.75428
23.46448
23.75680
23.21332
22.55887
22.34480
22.98258
22.69015
23.70045
23.60373
22.02528
23.94080
23.04937
22.61360
23.47680
23.68718
23.26043
23.64880
22.22783
24.22578
22.62598
24.26975
23.41110
23.65442
23.47020
23.95893
23.83363
23.34008
23.29733
22.53407
23.87088
23.35307
22.66807
24.02273
23.80178
24.43678
23.50647
23.19588
24.06473
23.30477
23.36170
23.16568
23.09620
24.76482
22.60025
23.81737
23.63865
23.26575
23.42088
22.63227
23.96690
22.15443
22.92705
22.81245
23.01230
24.05773
23.41140
22.45130
23.02660
22.88795
23.14057
23.71932
25.27345
23.62670
24.31657
23.77327
23.10913
22.69188
23.83377
23.56010
23.71288
23.80662
22.51467
23.17013
24.02263
24.43737
24.13248
23.62327
23.64985
22.74367
22.85543
22.90990
23.84822
22.80180
24.78620
22.98313
24.00380
23.22053
23.23033
23.68837
23.24870
24.57928
23.99073
22.75238
24.57743
24.07147
22.80778
23.13888
23.57985
24.52372
24.91862
23.49215
22.93175
23.78233
23.86525
23.36347
24.32478
23.29742
23.32867
23.32195
24.23257
22.60973
24.55540
23.57915
25.17855
23.61293
23.82678
24.52467
23.52392
23.48108
23.70808
23.70055
23.47183
24.58305
23.78243
24.08162
22.40600
24.51695
23.40533
23.82642
23.40590
24.07800
23.67187
23.03315
22.98987
23.56093
23.10740
22.36102
22.88645
23.47782
24.94738
23.21828
24.28793
25.01108
24.45448
23.00653
23.60010
24.19230
23.66772
24.18783
23.20028
25.16937
23.33512
24.07032
23.42150
24.35178
23.37258
23.15818
23.54940
24.38315
22.97608
24.05230
24.16200
24.03148
24.14698
23.92157
24.22637
23.54755
23.02437
24.43873
23.96775
23.61977
22.70320
22.74822
23.62822
22.93012
24.59465
24.23075
23.44300
23.78943
23.70922
23.47270
23.46788
23.68147
23.63580
22.73347
23.89188
23.23067
24.50217
23.16470
23.75300
22.70585
24.14458
23.58482
22.19412
23.97768
24.10433
23.21617
23.41127
23.99935
23.72422
23.77030
23.71217
24.22185
23.21002
23.51920
24.31687
24.15065
23.61773
24.60952
23.83542
23.67665
24.08985
23.13308
23.16587
23.97257
24.31445
22.94602
24.64673
23.03920
23.13028
23.11577
24.28137
23.91948
23.44692
23.65568
24.30045
24.84953
24.01428
24.96680
23.71965
24.59815
24.43333
23.62775
23.66727
23.60435
24.18147
23.39462
22.84713
24.19957
23.82842
22.53952
24.64537
22.12392
25.32983
22.29875
23.89507
23.85860
24.28347
25.18865
23.22963
23.88597
23.06777
23.43688
23.56363
24.71933
23.49937
24.49507
23.57688
23.33783
24.01140
24.02012
22.47973
22.72565
24.07065
23.32327
23.14875
23.26073
22.99143
23.37300
24.26678
23.44890
25.06443
23.95868
24.09507
23.53300
23.75993
23.59407
23.77743
23.84688
24.60727
23.52793
23.10595
21.86415
24.27650
23.89602
23.33303
22.80510
23.64552
23.40705
23.11363
22.81445
23.22820
24.03285
23.96468
23.37148
23.88228
23.55140
23.87530
23.53592
23.31518
23.15102
23.29112
23.42265
23.48812
23.19077
23.41832
23.92528
23.76332
23.88198
22.97068
23.87445
23.08440
23.11727
23.94037
23.93112
23.64167
24.26490
23.44105
23.82820
23.62618
23.47858
23.60017
24.58987
23.77550
24.37703
23.27105
24.13585
23.68947
23.85358
23.67118
24.88312
22.83013
24.29845
23.79775
22.33137
24.24753
23.67053
23.25667
22.95252
23.17102
25.40133
24.05222
22.96890
23.61712
23.64203
23.59617
23.21117
24.52062
24.85855
24.10583
24.52563
24.66482
23.67890
23.95445
22.45005
24.71843
22.83577
23.24678
23.13378
23.63897
23.40285
23.62308
24.66807
24.52285
23.48562
24.27855
23.49538
24.49260
23.72075
24.08902
24.50123
23.54005
23.81712
24.00313
23.80352
23.36865
24.77402
24.68143
23.64092
22.83238
24.70772
24.31627
23.16255
24.10547
22.63518
24.15265
24.02640
24.40883
23.25372
23.59267
24.39637
24.33183
23.92972
25.31765
23.38168
23.56038
25.22737
24.40445
24.47560
23.38490
23.87078
23.78038
23.37995
24.82152
24.18573
23.89672
23.60655
23.63923
22.62908
24.23720
24.95745
24.21305
23.58232
24.09817
24.22227
23.64175
24.18897
22.75200
23.53807
24.42842
23.80948
24.27195
23.86990
24.71848
24.34670
25.11385
23.77290
24.31502
24.19543
23.57867
24.28178
23.96828
23.98340
24.26283
23.29783
24.98770
24.22302
22.46962
23.93430
24.29980
24.07370
23.66990
23.70310
24.08038
23.26650
23.37110
24.86987
23.81765
22.89193
23.46632
23.62530
24.35643
22.88198
23.56812
23.13330
23.81782
24.01043
22.11213
25.29472
23.96165
23.75243
24.93153
22.52022
23.13243
24.23890
24.14165
23.43408
24.47562
24.07745
24.31630
24.17200
24.24045
22.73622
23.36702
25.02407
23.08125
23.52302
25.12700
23.93733
24.70653
22.73745
24.00687
24.86585
24.25942
23.93282
23.90210
24.96422
24.34227
24.65055
23.93410
24.42317
24.57385
24.34705
24.50060
23.24752
24.74573
23.10302
23.84702
24.30977
23.76605
24.42055
23.47217
23.44457
24.98095
23.62330
23.88353
22.92080
24.34137
24.85710
23.48210
24.38323
22.37882
24.38067
24.57863
23.50642
22.46183
23.86177
23.30528
23.93320
22.32752
23.11828
24.71447
24.38883
23.87300
24.91055
25.03145
24.22472
23.92580
25.14065
25.07447
22.12710
23.88793
24.22140
23.46678
24.65417
22.55670
24.55118
24.95283
24.90393
24.07025
24.27043
22.72643
24.78853
23.71385
23.97310
24.72495
24.27273
23.25893
23.62297
23.55293
22.69913
23.49365
23.48667
24.12140
24.58492
25.14385
24.66940
23.20972
24.47038
24.09637
22.71415
23.59510
23.90405
22.88178
24.02123
25.11905
25.31138
24.10077
24.87147
23.44195
24.05597
24.06842
24.84288
24.00957
24.33820
23.79873
24.70698
24.02815
24.09447
24.23328
23.11353
23.34158
24.22120
23.93390
23.05545
23.77657
24.29825
23.78057
24.25407
23.47010
23.89392
23.78970
24.10568
22.45062
23.50338
24.29260
23.39843
24.68255
23.60753
22.63343
23.36208
23.80512
24.35303
23.16578
23.84748
24.43137
25.49557
23.60018
23.23992
23.88465
24.01342
24.37233
24.34288
23.89527
23.19678
23.92527
24.09768
22.89762
23.41377
25.85445
23.64695
23.01337
22.92862
23.94637
24.45672
24.25883
25.36882
23.76497
22.95833
22.96065
23.34693
23.10428
24.15162
25.42610
24.12057
23.48917
22.92715
23.32095
23.46113
24.24410
24.58165
24.06690
24.53328
24.90868
23.14370
23.63622
24.57142
24.00102
24.70065
24.80122
23.28265
23.57333
25.29050
23.81100
23.68210
23.56752
23.94677
24.12853
24.29763
24.45325
23.44748
24.47947
24.80393
23.93055
22.97513
22.65165
24.52787
24.53363
24.15292
22.91843
23.68338
23.75947
25.25412
23.88317
24.51468
24.20812
24.17072
25.00247
24.64795
22.92415
23.89825
24.28113
24.09767
25.05793
23.24543
23.51388
24.21103
23.84533
23.48917
23.86958
24.76433
23.46882
23.85055
24.77223
23.44975
23.83213
23.43982
24.74070
24.52870
23.49258
24.96128
23.63765
23.01678
22.60252
23.76947
23.56732
24.42478
24.70932
24.45857
23.77685
24.18507
24.98498
23.54350
23.50020
24.47358
23.91298
23.98798
24.64078
24.15407
23.67537
24.23983
24.70478
23.26407
23.13150
23.32610
24.77187
23.53873
23.72075
23.04900
23.87562
23.47138
24.78963
24.95068
23.75092
23.50548
23.93953
24.46560
23.05910
23.39072
25.05333
23.90947
23.67525
23.58108
24.22043
24.20153
23.60530
24.82668
23.06090
24.39690
24.66308
23.28028
23.40027
24.38865
23.85187
24.89053
23.72923
24.71378
24.45157
23.82153
23.67778
24.35147
23.43945
24.83397
23.62710
23.53352
24.33137
24.09567
23.75960
24.16660
24.08230
24.22112
23.87395
24.42685
23.99562
24.32383
24.90255
24.57150
23.89335
24.15598
24.45347
23.46883
24.82718
23.90205
23.27325
23.55827
24.67697
24.29548
23.31550
24.84240
24.68782
24.76698
25.33307
23.77062
24.58655
24.19747
24.97445
23.49955
24.15657
24.54448
23.19233
24.26947
23.76553
23.92320
23.53478
23.52628
24.35353
24.13457
24.75685
25.60490
23.70995
24.66605
25.24772
24.20112
23.96802
24.61335
22.66692
23.43658
24.77695
24.11528
23.09175
23.32095
23.76128
25.05728
24.27217
23.15327
25.12092
23.91163
23.37428
23.33498
23.04838
24.65618
23.82943
25.21365
23.58910
24.56662
25.41695
24.61798
24.41398
25.28622
24.53080
23.42595
23.63782
23.60013
24.24803
23.44885
24.29008
24.67222
23.57847
24.62827
23.20600
24.45188
24.11317
24.02770
24.54323
24.90445
24.03145
24.43295
24.03903
23.61435
25.36182
23.87372
24.96217
24.38747
24.58070
23.55140
24.08062
24.54773
23.61478
24.15878
24.08370
23.85042
23.10672
25.65925
25.18582
23.74232
24.53947
24.08640
24.29815
23.21840
24.19832
24.90840
23.14310
24.27060
23.62140
24.45660
23.76818
23.38612
24.58517
24.91852
23.84337
24.46397
24.55060
23.43372
23.68492
24.31785
24.06117
23.88847
24.81368
23.77748
23.32997
22.54018
24.45047
23.65210
23.20722
23.77255
25.01470
23.25345
23.53982
24.38312
23.83900
24.37423
24.23387
23.86382
24.42320
23.91317
24.28060
23.46608
24.76738
22.91097
24.95955
25.78925
23.67062
24.07902
22.91423
23.96115
24.21243
23.23648
23.47082
23.41858
25.53783
23.38353
23.24552
24.47445
24.21647
24.19590
24.58480
23.96135
23.56572
24.46952
23.00540
24.21188
24.19337
23.90865
25.20837
24.66263
24.34822
24.03212
24.86012
23.59378
23.38805
23.51763
23.50650
24.63237
22.87677
22.80337
24.11243
23.11970
24.39055
25.66697
23.53890
23.66432
24.78127
23.73903
25.32515
24.02363
23.59755
24.16080
24.12655
23.90625
24.97792
24.77015
23.07373
25.81690
24.21785
23.94043
25.08012
24.08263
24.37265
23.92212
23.08088
23.74073
22.78143
24.54003
24.76233
23.79413
25.20833
23.99113
23.74818
23.79830
23.58827
24.35290
23.64465
24.30768
24.53927
24.34852
24.08600
23.64952
24.56022
24.19132
24.06060
24.25457
23.14492
25.73097
25.18812
23.85435
23.95685
24.57763
23.53353
24.62625
23.70480
24.35885
24.66440
22.86802
24.03533
23.01667
24.05352
24.61325
24.08408
23.79023
23.51032
23.59725
23.57862
23.72198
25.17410
23.32085
25.28520
23.29788
24.28928
22.97268
23.70350
22.72632
25.13103
24.77470
23.52315
24.08113
23.11180
25.43978
24.75187
25.06332
24.35573
23.37353
23.76202
23.82037
24.19570
23.30543
22.66013
24.65487
25.20813
24.00167
24.61867
23.73287
23.65500
24.60667
24.52558
24.53092
23.49003
22.85612
24.18465
24.07400
24.00852
23.71807
23.86587
25.55208
24.55732
24.04972
24.72797
23.67025
24.08178
24.49298
23.89533
25.08477
23.94438
25.52530
24.21747
24.21752
24.16215
23.83222
23.87310
24.42820
23.08288
23.25895
24.26543
24.07770
24.54382
23.63298
24.69100
22.95860
23.96173
23.03623
23.78097
24.30620
24.58792
24.42148
23.62085
23.80883
24.40183
23.81253
24.00257
24.37178
24.59022
23.45107
24.34798
24.41647
23.47827
24.53337
23.80215
24.26658
24.59890
23.35493
24.39225
23.22003
24.62108
24.88168
24.46338
23.81532
24.55728
23.61023
22.97220
24.57815
23.03305
24.30567
24.13862
23.93565
23.65110
23.80662
24.33878
23.67330
24.20298
23.73882
22.95240
24.25652
24.41695
23.78503
23.25030
23.71842
23.93030
24.34962
24.24925
23.23885
23.60600
24.35868
24.21795
24.11938
23.41215
23.76890
24.24997
22.57818
23.67970
24.80757
24.23018
24.11457
23.46112
23.88750
24.75815
23.75668
24.56608
24.07000
23.41903
23.99668
23.37485
24.79265
25.09677
23.23008
23.75175
23.54597
24.42517
22.60798
24.51595
23.72707
23.93238
23.98200
23.68893
24.95572
23.45953
23.81895
24.27547
24.07457
24.67042
24.75515
24.77717
23.90910
24.40833
23.01502
23.64897
24.02662
23.24950
24.11778
23.69110
23.10618
23.92413
23.93320
23.51825
22.89523
23.32620
22.69652
23.12298
25.82980
23.66857
23.75857
23.70542
25.05102
24.19795
24.59617
25.01668
24.64592
22.95947
24.03395
22.80398
23.79030
24.68053
23.11830
23.20633
23.68272
24.03583
24.23008
24.48230
23.84797
23.27558
22.70225
23.18225
24.18255
24.46207
23.93840
23.89715
23.52332
24.22670
22.45710
23.50588
24.12802
23.85748
24.43598
23.99985
23.85160
23.37872
23.86225
24.15122
24.40377
25.67370
23.51828
23.11265
24.14807
24.06150
23.11130
24.05135
23.70168
23.07898
24.17822
23.90263
23.32988
24.67442
25.01888
22.45207
24.21288
24.47428
24.70458
24.26357
23.99453
24.85067
23.80567
23.91443
23.15063
24.41073
23.97322
23.83573
24.09402
23.96892
24.19170
24.27002
24.64833
23.72867
25.09715
22.90095
24.51022
24.35935
24.21730
23.27030
23.40183
24.29392
24.07397
24.16987
23.54488
24.62665
23.04887
23.43772
24.10943
23.42502
25.03245
23.51818
24.11160
25.27223
23.99885
24.09610
23.01523
24.21670
23.61478
23.81420
23.62098
23.56665
23.65095
24.64665
24.02643
23.52698
23.93868
23.85660
25.00672
24.15260
23.89687
23.49227
23.86872
22.87528
23.45070
23.84203
23.85072
23.39732
23.36817
23.90513
24.32107
24.12408
23.33145
24.35042
22.77072
23.57305
23.72278
24.07902
23.80190
22.26877
23.32483
24.50710
23.24878
23.52338
23.41115
23.38878
23.72757
22.87803
24.36153
23.59275
23.84922
23.55620
24.18997
23.96867
24.01267
23.82978
24.52773
22.40073
23.78252
24.48012
23.53432
24.12270
25.05550
24.16283
23.95205
25.27367
24.38035
24.34283
24.17722
24.46662
24.38882
24.52667
24.31367
24.20300
23.63375
24.60973
23.51238
23.52278
24.19635
23.20958
24.04368
24.11750
23.74828
23.15257
24.19485
23.63987
24.53970
23.60470
23.72507
23.13343
23.29627
24.01685
22.74870
25.10952
23.33895
23.24047
23.66845
24.28050
24.54667
23.95937
23.19913
23.07422
23.22433
23.62960
24.16997
23.59938
23.03798
23.19583
22.32183
24.35727
22.47455
23.77300
22.59785
24.13910
22.90123
23.30248
24.04078
22.93315
24.46615
23.40548
24.39513
22.66412
23.61032
22.96217
23.71127
23.09077
22.91215
23.33867
22.75293
23.73155
23.74613
24.05473
23.71803
23.59628
22.19790
24.84018
23.19620
22.91435
23.18855
23.66637
23.73583
23.21483
23.67542
23.98478
24.67405
24.06565
23.74153
23.70618
23.59925
24.46712
22.99047
22.83950
23.95943
23.47077
24.01238
23.78752
22.53010
24.08107
23.43730
24.70777
23.90782
22.94292
24.07345
23.69395
23.30893
23.15410
24.35497
23.48747
24.34772
23.42115
23.69432
23.49297
22.87840
23.46683
24.85633
24.29927
23.72385
25.67573
23.46018
22.89272
23.69347
22.48762
23.39343
23.87260
24.38138
22.72960
24.13257
22.15217
22.28425
23.43557
22.45717
23.16668
23.04078
24.18375
24.07535
23.40328
24.76752
22.52810
22.49775
24.57822
22.45730
23.44213
23.95257
23.93637
22.97873
23.51505
22.85953
23.21148
24.72793
23.12857
23.07048
23.90067
22.22888
23.23103
23.59775
23.55850
23.44333
23.70148
22.39038
23.03555
22.86513
23.68125
23.04650
24.29432
23.36655
24.23025
23.28368
23.73043
23.01953
23.54972
23.13690
23.23855
23.46982
23.87382
22.93760
23.75947
22.26203
23.48815
23.78278
22.99513
23.89123
24.65353
23.54767
21.40842
23.95108
24.12242
24.32227
24.49000
23.14215
21.17492
23.93458
23.92313
22.55213
23.26585
23.73738
23.12127
23.42060
23.69293
23.27368
23.30450
24.17247
23.25523
22.47167
22.22067
23.95918
22.15103
23.40685
23.69457
22.92737
23.74915
23.73068
23.06362
23.62113
22.12717
23.73522
23.31245
23.08805
23.21413
23.45857
22.72837
23.05457
22.76500
23.00248
23.33810
23.52263
22.73498
22.67998
23.63993
22.18522
22.50402
22.76290
22.88355
22.95073
22.10497
24.21688
22.41350
23.52818
22.91018
23.17693
23.00950
23.25757
22.67838
22.59852
22.42312
24.11290
23.59428
22.91237
22.73010
23.88508
23.53082
23.11887
22.86807
22.63022
23.70503
23.21690
23.84590
22.60558
21.94488
22.47590
23.62383
23.44038
22.81805
22.31095
22.91775
22.58327
23.66967
22.21127
22.07713
23.39808
22.02780
22.75268
23.63037
22.29393
23.12510
21.59413
23.85590
23.09072
22.59418
22.57270
23.71290
23.27357
23.51053
22.52470
22.85835
24.47273
22.77342
23.11322
21.87553
22.02562
22.12690
23.53283
22.50872
22.55168
21.20817
23.52415
23.10975
22.25018
23.21882
21.92330
22.93800
22.79992
21.79567
23.63028
23.14020
22.77392
22.56403
22.80047
23.19833
22.49265
23.77705
23.63747
23.20542
22.67685
23.27882
22.09012
22.60797
23.64042
23.27395
22.52425
22.35995
22.35002
23.45735
22.88597
22.04142
23.21540
22.39530
22.74342
22.69630
22.99825
22.96443
23.10023
23.12012
22.60382
22.89262
22.16737
22.06758
22.24937
22.19172
23.13877
22.96852
22.53213
20.69253
22.54862
21.85332
22.97028
22.30995
22.30497
22.39987
22.31383
22.72252
22.64738
22.14412
23.10248
22.29983
21.57270
23.00460
23.23397
23.56427
21.53620
21.64018
22.15890
23.24130
22.29800
23.47652
23.81255
21.91025
21.82592
23.07900
23.14580
22.87358
21.14307
24.16935
21.79920
23.15228
23.50212
22.07222
22.95418
22.41893
22.64160
21.34030
22.80495
21.03653
21.92808
21.54435
22.59288
21.46595
22.84995
22.18242
22.98853
21.36982
21.51802
22.24078
21.84518
22.34025
21.56673
22.65995
22.63553
23.04007
22.25253
22.69332
23.42057
21.56485
21.88060
22.56112
21.99290
22.42382
22.85663
21.68353
21.67745
22.60322
22.02257
22.62297
22.68210
22.28038
22.42640
22.79540
22.34620
22.33827
22.06597
23.06125
22.59980
21.33303
22.24162
21.64253
21.69653
22.13673
21.96498
21.80032
21.86293
21.92123
22.10057
21.08755
21.01350
23.12057
21.69377
22.43110
21.61352
22.44997
22.76607
22.04598
22.61212
22.33883
22.88232
21.44437
21.83963
21.73875
21.82002
22.19157
22.73108
22.22183
22.70280
22.59462
21.48623
22.16012
20.97712
21.55667
22.49527
21.03392
21.62070
22.42738
21.30545
21.08535
21.12875
22.70592
21.73308
21.62418
22.03935
22.96242
22.00092
21.36532
22.05213
23.29653
22.57080
21.60997
21.29938
21.86718
22.71935
22.11085
21.02518
21.79258
21.64467
22.33772
20.98730
22.23248
21.34583
22.57742
22.12583
22.20078
22.17527
22.00313
21.59485
21.21562
22.11567
21.30885
21.17298
22.24885
21.59950
21.75355
20.69085
22.27445
22.05972
21.51933
22.86007
21.26353
21.16240
21.24293
21.32895
20.42852
21.97943
21.10300
21.53067
21.91897
21.68202
22.36997
22.06745
20.83778
21.45865
21.38175
22.19195
20.88760
20.48053
22.17137
21.07013
20.87280
22.79015
21.38747
22.12427
21.28725
21.45277
21.84388
21.09592
21.42315
19.21138
20.71595
21.38152
21.23622
21.16172
22.11157
21.63013
21.14747
22.42868
22.00695
21.50987
21.45117
22.44507
23.00852
21.01768
20.50602
20.95182
20.87105
21.62125
21.75242
20.19562
21.24428
21.49508
21.70888
20.63312
22.11933
21.94657
21.74830
21.71067
22.01007
20.14668
21.41205
20.07010
22.01292
21.33318
20.86773
21.40220
20.35562
20.63798
20.36813
20.88443
20.46448
21.96387
21.34853
20.69362
21.48732
21.11673
21.83563
20.50665
20.60572
20.49063
20.87993
21.85112
20.03422
20.85517
20.89033
21.87598
21.30843
20.69043
20.65138
22.44052
21.84293
21.76493
20.98057
20.45318
20.87215
21.10200
20.51447
19.91168
21.44420
20.79008
21.62407
20.90260
20.40278
20.68630
19.76657
21.03490
20.63803
20.57163
19.76783
20.59617
20.55143
21.26955
20.07662
22.14743
21.74125
20.40823
20.57008
20.76765
21.15297
19.82687
21.56235
20.37370
20.60138
20.98812
20.64402
19.71935
20.15068
20.42603
20.22742
20.19433
20.49257
21.37630
20.74848
21.38928
21.14385
20.13200
22.11835
20.89763
19.76110
20.20463
20.67270
19.98112
20.49188
21.99347
20.69357
20.58133
18.40352
20.62835
19.93247
20.75730
19.42172
20.99007
20.02113
20.13863
20.12437
20.63070
20.42422
20.16512
20.06148
19.69248
19.24447
20.39110
20.15992
19.88607
18.95250
20.09380
19.65570
20.07735
19.78728
19.66552
19.62380
19.68003
18.75413
20.78615
19.60940
19.95050
19.77245
19.81732
18.78163
20.72480
19.98073
19.88687
19.47830
20.29148
20.00707
20.04870
18.86983
19.33915
19.76897
20.23915
20.31377
19.10207
19.73123
20.97287
19.87090
19.79078
20.07040
19.13192
19.56513
20.27390
20.22000
19.82900
19.48308
20.91830
19.66577
20.43917
19.96675
19.48783
19.30288
19.43952
20.52937
19.55230
19.43943
20.38177
19.23557
19.80952
20.08270
19.56820
18.79502
19.69397
19.45088
19.22925
19.59977
19.20382
19.56978
19.71422
20.03383
19.70692
19.39613
19.00435
19.96163
20.84602
18.62567
19.35640
19.59210
19.80590
19.46108
18.64747
18.42855
19.55547
19.65357
19.29833
19.46553
18.07842
20.17558
18.82755
20.07182
18.43155
18.80282
19.14058
19.56370
18.84817
19.14912
19.25520
18.83398
19.38163
19.76583
20.33193
20.14117
19.85928
19.35902
19.22525
19.10598
19.45155
20.60308
18.00957
19.55762
19.72458
19.72667
18.64583
20.34597
18.35765
20.57503
18.55875
19.41597
19.16633
19.65353
19.56108
19.27435
18.53910
19.38072
19.07518
19.27667
19.24723
18.44888
19.99313
18.95757
19.09328
18.77070
18.65602
18.39805
18.17832
18.10610
18.91232
18.45715
18.86160
18.13375
18.21458
20.02092
19.66110
17.93982
18.50432
18.50027
18.67685
18.38738
18.67587
18.72650
18.41432
19.21103
18.80075
18.64928
18.19678
17.32188
18.02082
17.74300
18.50472
18.99433
18.78583
18.32322
19.28148
18.58698
17.80157
18.27330
17.39653
18.54553
18.23282
17.50525
18.08277
17.73197
16.38660
17.14773
17.81848
17.98368
19.02803
17.81817
18.06260
18.49188
17.98800
19.08303
18.26402
18.89153
18.70148
18.69350
19.09197
17.74983
17.81613
18.92677
18.66328
17.31370
18.03747
18.00937
16.90397
18.39782
19.31880
18.30630
17.49632
18.18807
18.64747
18.10668
18.27808
17.59162
18.48577
17.25738
17.78460
17.79415
18.61802
18.19797
18.08137
17.14690
18.93178
18.25398
19.38862
18.21862
19.82217
18.27603
17.16790
17.79990
18.37142
17.16358
17.38493
16.97408
17.76402
17.54703
18.53928
17.67850
18.34565
17.80475
16.63983
18.63375
17.83293
18.13013
17.04423
16.29437
17.62112
18.21523
18.63402
15.94917
18.00547
16.64888
17.67615
16.95338
18.30208
16.70152
17.88967
16.28455
17.19475
17.92358
18.03055
16.46385
17.33342
16.72288
18.58645
17.45443
17.57928
17.88837
17.56118
16.68435
17.94907
16.69082
18.65322
17.24145
18.09960
17.89442
17.31495
16.82828
17.51462
15.78402
17.23038
17.99443
17.26382
17.13000
17.31110
17.12312
18.21095
15.98785
17.27808
16.64612
16.75660
16.39315
16.66387
16.38800
16.12428
17.14027
16.91998
17.03933
16.44978
18.59873
16.72025
17.02595
16.88358
19.04287
15.49662
17.60133
16.90882
17.20078
16.17738
16.36585
16.38225
17.36262
16.67998
17.12612
16.86507
16.92835
17.93168
17.41772
16.43697
16.51905
16.92945
16.03440
17.58965
16.71345
17.94075
16.15580
17.08375
16.50880
16.70078
16.54047
15.08507
16.89635
16.67013
17.43953
17.02210
16.84770
16.51607
16.00827
16.91542
16.73028
15.99703
16.03217
15.87925
16.86375
16.17097
16.51678
16.01542
16.07342
16.28662
16.43425
16.61300
15.70313
16.94048
16.35240
16.87530
16.76468
16.54788
17.32520
16.52812
15.00038
17.24198
16.34807
16.06593
15.11902
16.23992
17.34680
16.38125
15.91537
16.22068
15.97152
15.68258
16.34038
16.08507
16.24498
16.24957
15.92120
16.99553
16.13542
17.31198
17.07932
16.02062
17.65153
14.64805
15.30798
15.73383
16.17077
17.54957
15.57487
15.94787
15.75205
17.14125
16.04178
15.61102
15.79198
16.17035
16.51193
16.28758
15.88898
15.58425
16.72552
15.67970
15.21363
17.49748
16.35185
14.98587
15.66753
16.48727
15.21692
16.47618
14.51557
15.39327
15.31763
15.64187
16.82533
15.45533
14.81513
16.11573
16.35538
16.53752
15.04393
15.53743
14.88270
15.24755
14.38035
15.36160
14.29260
15.60410
16.01243
14.83057
16.26430
15.91180
15.70277
15.06273
16.22048
14.86955
14.88088
14.27063
15.67092
15.36655
16.13207
16.34765
15.13243
15.69708
15.60557
15.72265
15.43012
15.03083
14.28352
14.70177
14.70608
15.34525
15.39917
14.99002
15.05798
13.87713
15.58592
16.17903
14.75143
14.96098
13.52890
15.10222
14.56955
15.16213
14.68615
14.33630
15.24778
14.90518
14.37055
14.17792
14.18390
14.23087
15.44500
15.74922
14.98797
15.58987
14.44243
14.54457
13.36360
15.52842
15.04727
14.48190
14.26268
15.46325
14.85785
13.30025
15.61047
15.12815
14.60390
14.16925
13.69363
15.86773
14.47227
14.37428
16.56195
15.19085
13.57047
16.02305
13.44632
15.38088
13.39227
14.24125
15.83402
14.99638
13.70817
15.28763
15.58498
15.49165
13.72147
14.83132
14.81178
15.07493
14.28065
14.35340
14.75593
14.13277
15.71963
13.02927
13.92695
14.61820
14.50008
14.29810
14.44258
13.92347
14.68923
14.66005
14.51098
14.69922
13.91073
14.60480
14.76033
14.86588
13.10485
15.56470
14.95372
14.15625
13.84615
13.77418
13.91392
14.09590
14.99782
15.43280
14.13222
14.12593
14.41092
14.15273
13.95690
14.84105
14.54225
14.53363
13.93932
15.18525
14.48287
14.58547
13.84610
13.23822
13.88370
14.09145
13.84177
14.21848
14.17380
13.74967
13.23437
13.96963
14.18910
14.93027
14.31347
13.05713
13.54332
13.74592
14.10242
13.43673
13.92443
14.01715
13.71190
13.56948
12.38615
13.46367
13.63953
14.67940
14.11468
12.91610
14.48438
14.70915
14.10093
14.32122
15.00890
13.26730
13.60048
12.78265
12.85192
14.34717
12.65458
13.49698
13.64988
14.48077
13.06678
13.38573
13.53187
13.75487
13.95027
12.59325
12.49185
13.95953
13.67960
14.00133
13.05885
12.53237
13.38807
12.72238
12.81852
12.78828
11.96458
13.64852
12.83003
13.41480
13.61413
12.94595
12.99627
13.65553
14.44457
13.38963
13.58195
11.81863
13.19328
13.95072
13.41272
14.43027
13.21625
13.46918
12.58793
13.67255
12.97835
13.32855
12.57958
12.85952
13.06472
12.64727
11.98807
13.11995
13.28857
13.01878
13.55557
13.24620
12.59268
13.54370
13.75490
13.41953
13.82867
13.54155
13.22352
12.09120
12.28395
12.25572
13.30420
11.72692
13.59072
12.77828
11.71615
12.68580
13.65818
13.22493
13.14948
13.32358
13.08110
12.19667
13.78663
11.94005
12.03290
12.36733
12.05277
12.79467
12.88228
12.71900
11.67657
12.77838
11.93835
12.14175
12.47403
13.06575
11.92063
12.68633
12.61087
13.16765
11.46560
12.46202
12.21445
12.47085
13.12430
12.61773
12.42378
12.69768
12.30923
12.17545
12.49958
12.72638
13.34877
13.29097
11.44812
12.26693
12.32768
13.36290
10.94158
12.00622
11.79842
12.47977
12.56197
12.88680
12.96963
11.53135
13.34362
12.14142
12.63968
12.94242
12.38480
12.82332
12.51732
13.22128
12.65687
13.64528
11.28982
13.16193
11.89517
12.74445
11.85618
10.60117
12.92020
11.66700
12.35292
11.97758
11.62882
13.37303
11.46412
11.64273
11.80397
12.85465
12.00430
11.92315
11.35217
11.78577
12.14957
12.13448
11.62427
11.91290
12.27205
11.67745
11.86617
11.51192
12.40793
12.02243
11.40727
11.11305
11.27535
12.50542
12.11660
11.93905
11.91010
12.19903
12.35452
11.48792
11.65807
10.18425
10.73300
12.40545
11.42767
12.81315
11.98103
13.77535
12.12325
11.58768
11.51185
12.82888
10.69173
12.18108
12.04695
11.43293
12.35958
11.63717
10.90815
11.54973
11.31540
11.50038
11.65822
12.78682
11.27383
12.58460
11.85168
11.51267
11.18423
11.49767
9.81558
12.52152
11.51380
10.74983
10.43695
11.70810
10.50728
11.03060
12.46910
11.66908
10.68255
10.83893
10.42413
11.41803
11.55742
10.80277
11.87272
11.38102
12.00625
10.86080
11.02753
10.86220
10.07263
10.91190
12.07500
11.03920
11.45868
10.46755
11.70240
12.29253
12.35173
11.49012
11.86942
10.80917
11.65330
10.92185
11.29972
10.95138
10.99525
11.62975
11.99955
12.43002
11.26593
10.78752
10.42603
10.69533
10.27748
11.88223
11.09242
12.41590
9.92663
11.58225
10.25683
10.78932
11.02095
11.02035
11.24947
11.49857
11.38642
10.64050
10.50113
10.63105
10.51550
11.62898
10.51403
10.08665
11.26733
10.25952
10.65200
10.29788
11.86408
11.84595
10.22605
11.99025
10.10200
10.96603
10.86828
10.33917
10.07535
11.16553
11.20637
9.75898
11.46173
11.11665
11.16858
10.70537
11.21242
11.22075
10.91462
11.18128
10.76268
10.58150
10.28808
9.90310
10.19368
10.33250
10.81390
10.12378
10.13993
11.15583
9.58408
9.81648
11.43100
11.13060
11.36308
11.51612
10.75383
10.20738
11.84538
11.07077
11.03677
11.37527
11.58427
11.41330
10.00497
11.77752
10.81175
10.70475
10.13972
12.68097
10.00790
10.79740
9.37098
11.67862
10.77347
9.67343
9.13432
10.70893
9.68930
10.13865
10.87488
10.66703
10.03840
9.90703
10.15095
9.71233
9.81530
10.22195
9.96075
9.35127
9.57410
9.61180
9.32367
10.47770
9.30437
9.77307
9.12755
9.45102
9.51345
11.29027
10.98698
12.12527
10.47430
11.51378
11.17335
10.28897
9.47032
10.22842
9.76053
10.16148
10.03812
9.51362
10.01238
9.27155
10.30230
10.62457
9.30258
10.36113
9.97087
10.55857
10.61215
10.23493
10.34343
9.44130
10.45905
9.91677
10.12218
8.98832
10.52952
9.74262
9.24880
10.08752
10.30215
9.33213
9.40715
9.32178
9.20092
8.69820
9.40485
10.05407
10.17717
10.19223
10.69318
10.51257
10.54837
10.15845
10.43602
9.81608
9.73618
9.87188
11.17582
11.08708
10.92977
9.89627
9.76488
8.50418
9.94837
10.87578
10.03298
10.11707
9.51693
10.54348
9.57372
9.21808
9.36155
9.60582
9.28322
9.04447
10.37830
10.10280
9.73483
8.75550
9.84270
10.05518
9.62775
9.39240
9.34088
9.81200
8.87007
9.77957
9.76462
11.04095
11.19990
10.67527
10.10317
10.00595
9.26640
9.47537
9.28540
8.85737
9.52238
9.68547
9.66620
8.95648
9.57158
10.29307
9.81750
9.62282
10.05475
9.65908
10.53515
9.56358
9.65458
10.44937
9.98868
10.31540
10.05565
8.35812
9.89635
9.37268
9.11345
10.33355
9.79315
10.13490
10.21093
9.59097
10.11403
8.72115
8.47287
8.92995
9.64708
9.66815
9.40137
9.08925
8.96185
9.32752
8.81030
10.10040
9.00460
9.16892
8.99268
8.49892
8.41178
8.97768
9.35322
8.51323
8.89668
8.79268
9.66607
8.63922
10.01625
9.82723
10.50533
9.08662
9.38125
8.94543
8.66678
9.79275
9.32350
9.78580
9.60877
9.18240
9.35682
8.96892
9.98557
9.60765
8.18287
11.01220
9.00657
8.97058
9.51560
9.36017
9.06008
9.40277
9.33057
9.68223
7.82103
8.76733
8.68288
9.21722
9.47768
9.29618
8.35102
9.25830
8.57003
8.79592
9.16392
9.04510
7.96170
9.40380
8.10762
9.08747
9.07960
8.67798
9.36378
8.99912
8.37920
8.48167
9.02327
8.85405
10.02950
10.12205
9.45875
9.72465
8.55738
9.55053
10.22835
9.19975
8.73855
8.41307
8.26108
9.12277
9.31443
8.76055
9.34787
8.69903
8.15812
8.58725
8.48727
8.73240
8.69377
8.37302
9.67260
9.41792
9.39720
8.52878
8.90697
8.42700
8.18892
8.34248
9.43478
9.51860
8.62357
8.22190
8.78983
8.69277
8.59830
8.19878
7.35895
8.36395
9.09240
8.48522
9.60770
9.91233
9.44940
8.62425
8.23012
9.14747
8.69345
9.43612
8.69492
7.96618
9.14187
9.12168
8.66748
8.06528
9.22818
8.77912
8.69033
9.30662
8.57213
8.47730
9.22783
7.07263
7.96565
8.68547
8.56433
8.28090
9.30662
8.40613
8.52805
9.03302
8.66235
8.53740
7.92883
9.31898
8.60540
9.17138
6.99860
8.61942
8.15742
8.04793
8.24630
9.73747
8.54297
7.99152
8.20845
7.70142
8.71290
9.24445
8.55830
8.00285
8.50430
8.10643
9.53920
8.15655
9.71915
8.87708
8.63828
8.67965
9.53957
7.99518
8.42910
8.45610
8.72348
8.35460
7.18102
8.49590
8.45878
8.83020
8.36393
9.63497
7.94730
8.51333
7.46073
7.93900
8.71268
8.38205
8.08500
7.66523
8.78628
7.99960
8.02297
8.49828
7.87415
8.48830
9.36478
8.70635
8.15275
8.77150
8.64903
8.01908
7.34428
9.03033
7.96008
8.39732
7.20503
7.52612
8.06678
7.77868
8.56645
8.89353
8.68028
9.75683
8.11472
8.96153
9.11485
6.90453
8.23558
8.11852
8.97950
7.75587
8.96850
8.36307
8.44473
8.75267
8.02422
8.10692
8.24732
8.01603
7.63608
8.24568
8.19240
7.78047
7.47735
7.87113
8.81177
8.46020
8.43627
8.41863
7.63200
8.72098
9.52440
7.22402
7.61390
7.96072
7.55128
8.57405
9.80480
8.37412
7.54282
6.83628
8.52450
7.78925
7.36392
8.02708
8.57233
8.24370
8.59005
9.23915
7.75895
9.05372
7.63245
8.21763
7.37015
7.80050
8.46630
7.65242
8.51108
7.88157
8.00872
6.72645
7.79390
6.98517
8.26667
8.99042
8.32465
7.66255
9.17730
7.56213
8.89382
7.64925
9.36073
8.92955
7.69250
8.96602
8.01522
8.26212
7.36193
8.17082
8.76522
7.71457
7.80247
8.39670
8.63578
7.24498
8.62182
7.22213
8.44707
7.04135
7.97813
7.63868
8.06635
8.07418
7.40000
8.30997
7.87422
7.85018
8.47860
7.40572
7.33155
7.69682
7.78280
8.84302
8.15437
7.28045
7.92648
7.30010
7.69717
7.16273
7.83408
9.24292
7.27920
7.45798
8.31980
8.21805
9.08908
8.97492
7.98855
8.62008
8.41028
7.75420
8.85440
7.99083
7.91588
7.41860
7.84357
8.02282
7.72397
7.40227
7.03388
7.93357
7.91782
7.02275
7.10178
8.02583
6.64735
8.29338
7.02322
8.08110
7.13755
7.30227
7.34398
7.78665
8.58448
7.90470
7.96783
7.08473
8.53748
6.60017
7.54898
7.28145
8.12685
8.21367
7.04180
7.34813
7.37555
8.02137
6.94633
7.41387
7.79442
7.45312
7.17545
6.95582
7.64728
7.18375
7.16712
7.33510
7.50860
7.17247
8.50193
7.75090
7.82625
8.00668
7.54788
7.74285
7.52993
7.18520
6.30583
7.13093
7.35568
7.62515
7.46883
6.94952
8.82697
7.94082
7.02863
7.67082
8.13500
7.32567
6.75160
7.77595
7.07915
7.68675
7.02658
7.24302
7.39922
7.94857
7.27598
8.04937
6.97937
7.19963
7.39387
6.92663
8.86828
8.01977
6.27485
7.04995
6.53482
7.26192
8.21337
7.57020
7.61225
7.54443
7.02573
7.99285
6.33540
7.45477
6.82663
6.12167
6.76925
7.10160
6.90240
7.45882
7.83280
6.71473
6.93113
7.42145
7.65092
6.98312
7.31048
6.81258
7.33013
6.59105
6.37670
7.50912
7.55295
7.10357
7.01038
6.80982
7.05140
7.05605
6.94455
6.47750
7.75300
7.48550
6.89770
6.61452
7.40020
7.29055
6.58930
7.50293
7.47507
8.05458
7.09735
6.48942
8.14670
6.51415
7.97185
7.59790
6.73940
6.80327
7.53928
6.99142
7.58665
7.77250
8.09473
6.98082
7.21472
7.50190
7.63473
6.72480
7.49103
7.21947
6.29597
6.19650
6.59147
7.00007
6.17623
7.87190
7.65708
7.08835
7.29252
7.74982
7.02947
7.28603
7.06847
7.27530
6.69637
7.37410
6.65855
7.23045
7.70298
6.68887
7.32855
7.23517
6.76123
6.90327
7.68053
7.10067
7.76538
6.84895
6.77193
7.26192
6.46672
6.89490
6.87150
7.31948
8.10293
7.35377
6.56243
8.40052
7.10080
7.35113
6.92772
7.56067
7.08820
6.57922
6.56263
7.50240
7.05410
7.53378
7.37558
7.42755
7.41727
6.95813
7.53487
6.81570
7.26282
7.19787
7.57622
7.02942
6.49520
6.38700
7.25055
6.76392
6.48700
6.42187
6.44152
6.96758
7.57963
7.38595
6.31510
6.32333
7.56497
6.84027
7.11768
7.49170
7.26058
7.23898
7.00698
6.61677
6.77605
7.14555
7.52910
7.30147
6.70562
6.89010
7.38497
6.44955
6.49630
5.60108
7.69832
6.35698
7.62845
5.51487
7.09798
6.56752
6.95515
7.21268
6.75730
7.24065
6.34408
7.65322
6.32875
7.02582
6.22243
6.92868
6.24715
6.37185
6.86090
6.37592
5.74015
6.99240
7.26315
6.35540
8.10603
6.43297
6.76953
7.30367
6.77410
7.36798
6.75953
6.86305
7.43820
6.27020
6.81568
6.50218
7.73293
6.63038
7.28248
6.11860
7.19862
6.29160
6.82305
5.72782
6.91462
6.30957
7.25213
6.51385
6.46462
7.17017
7.07603
6.99913
6.27463
7.06043
6.00843
6.62282
6.52070
7.24742
7.15372
6.70852
7.26002
6.65248
6.66313
6.39757
7.11045
6.50065
6.75865
7.70343
6.83947
7.11743
7.86065
6.37913
5.65870
5.93305
7.01045
7.70527
6.37218
7.38967
6.66423
7.69813
6.91983
6.52893
6.89022
6.64950
7.13347
6.89538
6.04975
6.86802
6.95260
7.37983
6.38507
5.69435
7.31768
6.86912
7.17633
7.18918
6.33118
6.53080
6.44927
6.04100
6.87402
6.01575
5.74790
7.21793
6.38058
6.84245
6.61280
7.06897
7.68322
6.21700
6.53595
6.62418
6.75932
7.20673
7.64708
7.36015
7.68127
6.54927
6.66285
6.41213
6.58077
6.81657
6.62718
6.69655
6.25768
5.68285
6.26285
6.65152
6.06288
6.35825
6.81025
6.58520
6.08858
5.98750
6.73103
6.19487
6.06885
7.21942
6.21742
6.17632
6.13910
6.76615
6.64422
6.43823
7.37770
6.41638
6.44027
5.62527
6.65762
5.42070
6.92245
7.07072
7.17177
6.18823
7.13257
6.46547
6.21380
6.93693
6.92453
6.00393
7.11767
6.80368
7.41053
6.78442
6.73658
6.64180
6.18547
7.16300
6.35992
7.35207
6.39767
6.33448
6.83667
5.67543
6.57537
6.89197
6.42047
6.01078
6.55983
6.57055
6.30583
6.56218
5.94908
6.38498
6.71858
6.11360
6.33108
7.21420
6.20052
6.38545
6.81843
6.80400
7.01047
6.12865
7.03240
7.06822
5.81758
5.73992
6.47513
5.59905
6.08278
6.27595
6.25988
6.52370
6.79108
7.42405
7.70593
6.05342
6.24485
6.55212
6.72012
5.89143
6.01957
6.59213
6.35678
6.40452
6.66137
6.14657
5.87293
6.17058
5.87655
7.13570
6.07537
6.99938
7.12247
6.16665
6.74655
6.42555
5.91495
6.45655
6.75240
6.03842
7.79740
6.68658
7.12725
6.74197
5.81035
6.57482
6.75952
6.09087
6.70080
6.74612
7.50385
6.44428
7.02500
6.42790
6.57507
6.52182
6.03413
6.40775
5.48657
7.03078
5.61685
6.26798
6.96095
6.20242
6.14927
6.34745
5.85872
7.01278
5.88450
5.95548
7.01695
6.45555
5.18097
6.21675
6.70528
6.35593
6.48678
6.23848
5.76943
6.32887
6.61008
6.41642
5.62760
6.21055
5.91983
6.98855
7.12442
6.62598
6.06333
5.90592
6.56792
6.80682
5.68007
7.29313
5.73637
6.06765
6.96375
6.73207
5.78432
6.05227
6.62767
6.04037
6.54067
6.86360
5.76765
6.23752
5.52057
6.51937
6.09285
6.54633
6.35285
6.39697
5.60575
7.39933
6.53825
6.51460
7.06027
6.99297
6.83285
6.38743
6.27348
6.17995
6.86020
6.33068
5.79300
5.92123
6.46153
7.32827
5.97888
6.22787
7.11233
5.78845
6.33772
6.65582
6.00888
6.68857
6.28140
6.54795
6.54138
6.49027
6.29495
5.87865
6.15832
6.41983
6.19745
5.96743
5.63905
5.83573
6.75957
6.24605
6.14820
7.08223
6.05050
6.27498
6.89033
6.27765
5.82537
6.16743
6.60788
6.83430
6.27517
6.00075
7.52390
5.94587
6.35383
6.76718
5.41213
6.19268
6.32095
5.77282
6.65237
5.19277
7.73523
6.16698
6.20232
5.76003
6.15880
6.89853
6.48038
6.62983
6.96640
7.15092
6.93343
7.08635
6.23928
6.49315
5.61955
6.26282
5.81997
5.58463
6.32765
6.05238
5.93072
6.09788
6.83048
6.36718
6.30440
6.46318
5.62317
6.35918
6.22398
5.52437
6.27730
6.11002
6.81470
6.40405
6.59267
5.97007
6.37452
6.55390
5.58452
5.45272
5.87547
5.52667
6.63972
6.40837
6.40913
5.60247
7.23950
5.86395
7.51690
6.59963
6.45810
5.88467
6.41037
6.03403
6.13877
5.78522
5.80990
7.41998
5.52172
5.79293
6.04710
6.36208
6.17635
6.18243
6.30533
6.76213
6.05010
6.00498
6.33087
5.02885
6.17297
5.47912
5.71668
5.62678
6.41007
5.74663
6.24622
6.55588
6.03252
6.07697
5.87215
5.94300
6.08202
7.10645
5.92243
6.64652
6.37487
6.13237
6.29770
7.26708
6.73245
6.80007
6.24842
4.96885
6.28370
5.77512
5.72970
5.83180
5.21350
5.47265
6.11475
5.67260
6.85410
6.35517
7.13717
6.57657
5.89515
5.47090
6.47473
6.02527
6.34288
6.88432
6.46223
6.47172
6.56295
5.41798
6.68605
6.02522
5.59583
5.58363
5.45600
6.12453
6.52492
5.06152
6.95753
6.40155
5.22342
6.00785
5.49693
5.81377
5.85565
5.21167
5.76360
5.46367
6.73313
5.73033
6.06457
5.72452
6.77960
5.46215
5.87042
6.66960
5.82628
5.88912
6.41180
6.03907
6.05322
5.65372
6.12157
5.66703
5.98238
6.63285
6.63418
6.22525
5.42315
5.66312
6.16602
6.52968
6.25495
4.64335
6.26737
6.31263
5.20237
6.83652
5.93035
5.69453
5.14587
5.79540
6.08312
6.27078
6.07968
5.89380
5.50697
5.52880
5.51460
5.07275
6.25362
5.98537
6.53112
7.60132
6.28200
6.87600
6.03900
5.31958
5.66967
5.79717
5.33767
6.05467
5.96028
6.00780
5.74935
5.42965
6.13842
5.80650
6.16773
5.58843
6.45047
5.72210
6.45402
5.91618
5.81970
5.71453
6.07650
5.87928
5.41773
7.05643
5.51092
5.25605
6.13955
5.47748
6.37698
6.03008
5.20942
5.52577
5.59295
5.59458
6.40497
5.95863
5.49515
5.38193
5.56545
5.72735
5.85265
5.27072
6.15212
5.98278
5.75200
6.56277
6.24368
6.00323
5.74178
6.20525
5.86797
6.24617
5.63858
5.99817
5.46243
5.01922
5.07557
4.77983
5.50388
5.03010
7.01603
6.32522
5.90865
5.11652
6.27092
5.66808
5.89628
5.17702
5.45337
5.58500
6.34127
6.12628
5.44122
5.04780
5.07857
5.67892
5.37668
6.15417
5.83977
6.20277
5.01732
5.49562
5.61767
5.85463
6.35665
5.96358
5.95228
6.07582
5.36123
6.46348
5.88185
5.54222
5.85813
6.30195
5.12730
5.88868
6.61817
6.03823
5.19567
5.68617
5.33068
5.53952
4.59187
4.78883
5.76452
5.61200
5.93820
6.75473
6.05713
6.41163
6.70117
5.71430
6.17457
6.39088
5.90852
6.35492
5.94550
5.69543
6.01560
5.09357
5.93658
5.61825
6.07885
5.57732
6.09763
6.37987
6.19852
4.83935
5.35450
5.78493
5.46580
6.12678
5.24927
5.11067
4.29570
4.87372
4.75410
6.03948
6.04238
5.17925
5.83778
5.29345
5.82767
5.92510
6.41710
5.40938
6.50422
5.90040
5.17638
5.94900
4.95475
5.78328
5.17367
5.59162
5.99153
4.99238
5.67550
5.57175
5.28043
5.26247
5.78748
5.50975
6.16640
4.99932
5.47890
6.78720
5.89937
5.47067
6.33877
6.26778
5.35010
6.29067
5.11662
5.58233
6.31370
5.63830
6.87842
5.90840
5.58515
5.49985
5.59845
5.20990
5.39812
6.57497
5.67180
6.41958
5.35450
5.62722
6.52917
6.28313
5.53857
6.57190
5.90507
5.99687
5.98807
5.59152
5.56413
5.69260
5.14550
5.81900
5.05002
6.85928
6.57423
5.24748
5.17462
5.64988
5.65068
5.71327
5.98088
5.35688
6.25368
5.39335
5.62077
6.10193
4.92940
5.45035
6.11697
6.13177
5.91967
6.41975
4.90198
5.21200
6.37665
4.76595
5.06370
5.67607
5.88170
5.22468
6.67863
5.53373
4.96025
4.27085
5.75183
5.73165
5.53455
5.60123
6.23860
6.07915
5.31833
5.36885
5.03035
5.58817
5.78305
5.64225
5.74203
5.41058
5.57800
6.64878
6.05905
5.76958
6.13198
5.91532
5.76793
6.02715
5.92988
6.38668
6.45045
4.77690
5.08405
5.65665
5.82375
6.48547
6.13138
5.94895
5.55298
5.60113
5.27600
5.08592
5.00977
5.59780
4.83248
6.17460
5.32588
5.74290
5.14268
5.33638
5.46967
5.79392
4.91668
5.36635
4.87042
5.73142
5.33152
5.54005
4.76222
5.89585
5.41772
6.13932
5.08993
5.30283
5.63265
6.35742
5.37157
5.42142
5.69882
5.32503
5.76497
5.44198
5.64998
5.77612
5.35128
5.53930
5.24812
3.78775
5.54460
5.56050
5.93787
5.94442
6.00367
5.05167
5.79292
6.26287
5.75165
5.04208
4.48438
5.08953
5.41268
4.93977
5.18600
5.87600
5.89255
6.07378
5.57138
5.98645
6.11572
5.45947
6.27713
5.68145
5.74818
5.86132
5.94263
6.21082
5.31237
6.06115
5.79130
5.73035
5.50967
6.31973
5.57797
6.19812
6.12180
6.08195
6.04657
5.76647
6.78162
6.23328
4.82112
5.50148
5.27215
4.92068
6.81862
6.06963
5.37973
4.87158
5.85325
5.51722
6.41543
6.35765
5.13047
6.32340
5.45303
5.37138
5.61815
5.54772
5.73813
5.23397
5.85793
5.14490
6.40153
5.29037
6.01575
5.13880
6.05270
4.65940
5.63690
4.43168
5.68983
5.62998
4.56005
6.55032
5.47050
6.21860
5.28858
5.18562
5.33922
5.38627
5.05752
5.09447
4.90250
5.19347
6.21343
4.69137
5.67053
6.13123
6.29663
5.45555
5.24897
5.39147
6.46087
5.90447
4.91212
4.76663
5.56868
5.75852
5.72005
5.32663
5.35402
6.00672
4.83578
5.81962
5.36770
5.41742
5.40445
5.54628
5.33840
5.49558
5.21225
5.72410
5.69065
5.91178
5.53540
6.02558
5.60055
5.95667
6.14298
5.06662
5.65483
4.93260
5.53967
5.03398
5.12035
4.58067
5.48745
5.60728
5.72477
5.51557
5.55670
5.68192
5.09157
5.32698
4.73710
4.88005
5.82568
5.66830
7.33422
5.33330
5.92995
5.05817
5.28593
5.37067
5.63218
5.08773
6.05083
4.63122
5.21068
6.36473
4.99883
5.42588
5.07043
4.96992
4.98132
5.72718
6.10387
4.73132
4.91438
5.43593
4.43773
5.09547
5.19317
5.03993
4.54075
6.55648
5.07652
5.69825
4.38153
5.38785
4.18145
5.23260
4.91955
5.62283
4.92865
5.74945
5.66338
5.40563
5.77220
5.43500
4.53267
5.22265
5.63922
5.50598
5.84607
6.02270
5.49730
5.69517
6.20857
4.87172
5.83083
5.46132
5.26423
6.63030
5.92980
5.66057
5.12120
4.94483
5.14183
4.83198
6.00910
6.23255
6.29287
5.70857
4.87255
5.39957
5.10210
5.61345
5.12647
5.56502
6.24505
6.78400
5.43325
5.54383
4.81505
5.03625
4.86018
5.86412
5.35060
5.97808
5.51742
4.58690
5.34890
4.97363
5.18757
5.53220
4.80355
4.84965
5.33968
4.59073
5.61288
4.41207
5.55643
5.36280
5.22822
5.47493
5.24498
5.81538
5.30405
5.40778
4.94043
6.36152
7.11440
5.24382
5.18267
5.13458
5.85705
5.93183
5.83082
4.65345
6.09328
6.11918
5.71397
4.95285
5.76030
5.21662
5.22127
5.40323
5.92610
6.80062
5.32488
5.20925
5.81285
5.29225
5.21250
4.94887
4.75460
5.84905
6.39095
5.57470
4.89798
5.33340
6.98965
5.15573
5.46652
4.86750
5.73428
4.89222
5.36673
5.35975
4.95448
5.57122
5.17813
5.08872
5.21310
5.46140
5.75510
5.41455
5.54530
5.13160
5.49577
5.16383
4.89757
5.91545
4.85783
5.90213
4.57917
5.66647
5.46963
5.27642
5.84082
5.34233
5.20540
5.83417
4.72177
5.75003
5.24792
6.00482
5.37518
5.96432
6.74252
4.76807
5.15730
5.25048
5.47980
5.57332
5.18348
4.99432
5.04607
5.49547
4.94168
5.70008
5.41795
5.86015
5.17047
4.75380
4.91477
5.66605
5.55487
5.25048
4.61922
4.08915
4.92398
5.64710
5.17347
5.55785
5.28173
5.63207
5.32452
5.13612
4.94275
5.73630
5.63983
5.14637
4.47510
6.45632
5.01755
5.56853
5.73052
5.56090
5.67383
6.29372
5.66800
5.00960
5.42285
5.63995
4.17490
4.97617
4.71318
5.27623
5.47663
4.96960
5.08975
5.13843
4.52440
5.38137
5.29212
5.48027
5.33130
5.74310
5.71038
5.50490
4.90853
5.31462
4.56210
4.07687
4.82518
4.86437
5.24403
4.97435
5.34202
4.95210
5.82407
5.36130
4.40613
4.56775
5.02093
5.28812
5.30448
5.16485
5.12450
5.61933
3.97143
5.82528
5.12058
5.87015
5.22737
6.43937
5.93483
4.88273
5.17337
4.80467
5.30543
5.61350
5.41342
5.16962
5.81453
5.56173
5.10745
5.61420
5.48733
5.55012
5.25457
5.80173
4.43452
5.43793
5.37758
5.07942
5.66408
4.42313
4.98688
5.57497
5.10858
5.46633
5.76893
5.69918
5.23498
5.14287
5.81427
4.28697
5.47552
4.48282
5.24077
4.99485
5.48908
4.59197
5.23068
5.37217
4.65890
5.31510
4.89130
5.49650
5.09352
5.01780
5.15253
5.83338
4.46050
5.19183
5.47188
4.75347
5.41203
4.26375
5.12335
5.57200
4.10387
4.56928
5.34650
4.38610
4.31672
5.20705
4.97085
5.73505
5.14993
5.40990
5.09943
4.99320
4.59485
5.56485
5.18423
6.13163
5.40127
4.81837
5.59510
5.27805
5.52747
5.56187
5.14827
4.74410
4.29093
5.23082
5.56012
5.34293
5.19833
4.94995
5.40922
5.88032
5.55518
5.63268
5.44903
3.97703
4.74102
4.23912
5.29163
4.71023
4.74298
5.31095
4.85145
5.66845
4.16548
5.04532
5.27490
4.68270
6.09397
4.54637
4.36098
5.26885
5.00065
5.07712
5.96250
5.46093
5.59217
4.94770
4.69330
4.90078
5.08790
5.30180
4.61868
4.97050
4.43398
4.62482
4.93612
5.64945
4.76720
5.44815
5.12390
5.38100
5.34293
5.23440
4.68550
4.79943
4.40932
4.93687
5.14378
4.77128
4.43437
5.10613
5.17667
5.10107
5.02755
3.64240
4.55353
4.41212
4.33137
4.42293
4.57200
5.91098
5.11882
4.64112
4.47692
4.71232
4.91747
5.22245
5.83658
5.29263
4.94960
4.95925
4.97153
5.30297
4.84282
5.28838
5.01327
5.07207
4.62397
4.05547
4.94235
5.32163
4.79763
4.93882
4.97918
5.76202
4.90732
4.49878
4.00632
4.96552
4.73940
4.98257
5.82522
4.98477
5.97135
5.35002
6.05033
4.93225
5.29263
4.37148
5.14267
4.63328
4.84400
4.56305
5.41178
4.71370
5.26267
5.00700
5.41497
4.94912
5.48093
4.41277
5.19827
5.25062
6.21307
5.43063
5.84213
5.73985
4.46867
5.70522
4.70168
4.98625
4.85537
5.04298
6.10510
5.31202
4.47420
5.19578
4.70790
5.09967
5.34345
5.60997
4.77135
4.92900
4.70303
5.17458
5.54457
5.61283
5.75332
5.39372
5.13128
5.74347
4.41577
5.25213
4.70052
5.79702
5.37793
5.40618
4.69952
6.41993
5.17495
4.97375
4.51265
5.26693
4.83797
4.69235
4.77008
4.99153
4.14885
4.15065
4.57345
4.25953
5.16650
5.53827
5.70647
5.07343
5.30603
4.99788
3.97710
5.48507
4.69575
4.82738
5.67725
5.51830
4.97633
5.10143
4.74457
5.90250
5.04467
4.87745
5.07882
5.36635
5.46700
6.23738
4.88060
5.09955
5.71287
3.97932
4.64908
5.01480
5.31007
5.20658
4.77297
4.45755
4.57765
5.55292
4.29025
5.11997
6.38958
4.68470
5.79832
5.31820
5.07128
5.43460
4.77117
5.49745
4.82112
5.32525
5.08292
4.95585
4.95142
4.29390
4.70228
5.19502
4.66323
5.29267
5.64782
6.10537
4.96675
4.95723
4.33033
5.31607
4.66843
3.90432
4.74522
5.09482
4.57217
4.49028
4.90322
5.16120
4.94883
4.88143
4.72273
4.11298
6.04783
4.45578
6.03395
4.64417
4.87710
5.17462
4.26342
4.80932
5.25640
4.57243
5.28807
5.52157
5.40082
5.89947
5.28398
5.03543
5.63702
4.45233
5.89595
4.62952
4.95390
5.52852
5.38832
5.37408
4.43482
4.52607
5.06115
4.48290
4.70108
5.16122
5.10077
4.50040
4.31873
4.97657
4.64838
4.64852
4.61838
4.85145
3.93058
5.25062
4.73250
4.32625
5.39533
4.66913
4.54403
4.33750
5.21313
5.32820
4.69878
4.82232
4.97372
5.78477
4.46582
5.12055
5.00235
4.78045
4.93747
5.89300
4.78808
4.66915
5.44305
4.57162
5.21198
4.95108
4.30782
5.50310
4.67457
5.51255
4.36558
4.66423
4.78272
4.97283
4.73980
4.73717
4.90390
4.77107
4.58628
4.80687
4.64303
4.96110
4.96748
4.79135
5.21802
5.00792
4.92075
4.92943
5.08252
5.23065
5.35857
4.62978
4.64688
4.62963
4.60023
4.65292
4.67273
4.21715
4.80878
4.15632
4.93433
5.60848
5.61125
4.93518
5.16625
5.49597
5.36077
6.07748
5.18822
4.89920
4.66533
5.46270
4.39100
4.50555
4.95103
4.72155
5.07113
5.48862
4.96115
4.50790
5.17210
4.83773
4.76787
4.27847
4.50862
5.24383
5.19772
5.08633
4.52900
4.27487
5.67163
4.85062
5.30393
4.67198
4.77635
5.12463
4.96108
5.97312
5.41127
5.79417
4.76923
4.23662
4.37405
4.65607
4.43375
5.06345
4.64568
5.36485
5.11017
5.05478
5.85300
5.05660
5.26987
4.69405
5.27062
5.58068
4.92352
4.37175
4.70658
4.29648
4.68735
4.69632
4.64758
5.23307
4.65458
5.18605
4.36740
4.25772
5.31883
5.38383
4.70633
5.23993
4.06382
4.75685
4.84943
5.18612
4.32647
4.53437
5.18845
4.86417
4.97587
4.69265
5.76155
5.03330
5.06235
4.84465
5.68083
5.22010
4.85610
5.39487
4.59413
5.01120
5.08578
4.02995
5.41228
4.50298
4.65152
5.37683
5.12013
5.89075
5.05985
4.94335
5.00320
5.29528
4.28935
4.36042
4.71663
4.78672
5.23710
5.01827
4.87888
4.83920
4.96837
5.30727
5.24700
5.05308
4.71595
4.33500
4.56795
5.37540
5.34718
5.25722
4.73173
4.75805
5.01998
5.40772
4.68963
5.03703
4.95378
4.37037
4.28098
5.63227
4.82052
4.84810
5.08850
4.61148
5.56463
4.85737
4.57997
5.27210
4.03298
4.61132
4.81402
4.66920
4.69487
5.61452
5.29627
4.90075
5.08237
4.96077
4.38153
5.58735
4.30843
5.71445
4.76935
4.26178
4.96460
4.42847
5.02045
5.13710
5.14055
4.61503
5.40107
4.46927
5.18530
4.90625
5.40357
5.32020
4.47143
4.14205
5.50905
4.70200
5.48540
4.21560
5.21285
5.47457
4.15120
5.57043
4.85148
4.85795
4.49260
4.57367
5.38695
4.90625
5.93418
6.00225
4.70167
5.41457
4.88717
4.82052
4.31970
5.15662
4.97037
5.58293
5.52173
4.44508
5.44500
5.31285
4.78438
4.65993
4.97167
5.24125
4.88577
5.12505
5.27563
5.35463
4.57460
5.45857
3.98240
4.73970
4.31635
4.72755
4.33505
4.85070
5.15422
4.98373
3.98412
3.92933
4.24788
5.30522
4.58670
5.53860
5.15500
4.79928
4.97100
5.00248
5.23472
4.39063
5.04540
4.13698
5.65848
4.52215
5.17703
4.20980
5.04045
4.47155
5.58025
4.22912
4.77647
4.84383
4.47627
4.45608
4.46905
4.67355
4.63033
5.53978
4.45492
4.96470
4.75805
4.45070
5.24693
4.83997
4.64430
5.68037
4.04637
5.10525
5.07810
5.03710
4.32223
4.91705
4.99582
6.05675
5.00843
5.23900
4.33693
4.46308
5.24263
4.42353
4.95715
4.44633
4.82813
4.51685
4.59497
4.35690
4.60593
5.29263
4.79337
4.41612
4.52520
4.40810
4.85918
5.07082
5.06368
4.56345
5.21932
4.14167
5.39933
5.61897
6.20757
4.87402
4.60410
5.48288
5.09897
5.37385
4.65825
5.24698
4.87785
3.79175
5.10832
5.19423
3.76267
4.94077
4.38868
4.30307
5.03243
4.93760
4.51700
4.35090
4.40148
4.56350
4.37832
5.16537
4.35467
5.01505
6.46282
3.70367
4.80852
3.87422
5.11698
4.58308
4.63527
4.29143
4.57157
4.97455
3.79710
4.74962
4.43222
4.88503
3.81307
4.99018
5.09837
5.13870
4.80917
5.25245
5.06087
3.80200
5.11635
4.04125
4.61018
4.38703
4.88528
4.47403
4.42582
4.74075
5.06537
4.50808
5.18162
4.42592
4.74637
4.60587
5.26067
4.46985
5.24660
4.55200
3.90735
3.93623
4.48295
4.78860
4.64002
5.60017
4.40528
4.37500
5.44427
4.23257
4.49172
4.85257
4.63428
3.91475
4.58037
4.59083
5.25867
4.96828
4.63733
4.62322
4.56485
5.05007
4.16605
4.68285
4.91778
5.00693
3.97823
4.70878
5.07802
4.57407
4.27477
4.37153
3.90203
5.55035
4.72072
4.70022
5.29010
4.29997
4.76822
4.54540
5.32260
4.69517
4.88443
4.71265
4.58685
3.81137
4.89700
5.56847
4.59262
5.23160
5.05993
5.67268
4.96960
5.45813
4.58893
4.99015
5.42398
5.27013
4.30283
4.54245
3.95705
4.45325
4.64315
4.93408
4.25825
3.70680
4.79913
4.65295
5.44142
5.09135
4.58780
5.12117
5.15345
4.63625
4.40625
5.35285
4.50183
3.80800
4.57027
3.88300
4.49762
5.00660
5.26998
4.93197
5.07422
4.67585
4.54203
4.19505
4.46055
5.25882
5.07820
4.73577
4.66768
5.61845
5.33807
4.65948
5.12332
4.85017
4.54108
5.05578
4.51995
5.13663
4.52267
4.43510
4.28393
4.48733
5.12902
4.71832
4.89877
5.30527
4.97028
4.93285
4.62210
4.80335
3.71878
5.57150
5.03158
4.72358
4.90505
4.66770
4.40005
5.98503
4.17178
5.12955
3.94957
4.74262
4.54928
4.10135
3.69593
4.91342
4.86610
4.74888
4.04332
4.59820
4.53438
5.36742
5.19222
4.44783
4.13272
4.83823
4.95428
4.80148
3.80387
4.35683
3.96160
4.74552
4.59853
5.00553
4.26188
5.10562
4.62287
4.91887
5.07590
4.95223
4.94290
4.75537
5.13565
4.86287
4.28065
4.78260
4.57690
4.83577
4.71427
4.48878
5.68703
4.74070
4.47845
4.87558
4.58272
4.37437
5.38597
4.82488
5.35113
4.46373
5.41863
4.31790
5.27308
3.79470
5.65528
4.58717
4.92145
4.75967
4.35920
4.08298
5.64633
4.86885
4.17643
5.26418
5.08810
5.09368
4.93580
4.37283
4.90957
4.57068
4.61268
5.21400
4.72723
5.49795
4.39558
4.42262
5.14835
4.85577
4.63248
5.12062
5.10272
4.95255
4.93238
4.88855
4.32685
5.25343
4.12820
3.64568
4.55412
3.94980
5.23245
4.57635
4.39953
3.95515
4.66928
4.40125
3.77975
4.58493
4.90787
4.92365
4.57412
5.06030
5.70800
4.51125
4.81397
4.29935
4.47022
4.84993
5.10575
4.62318
4.91785
5.12028
4.68230
5.02517
4.47140
3.88643
4.13873
4.78472
4.14383
5.50077
4.03287
5.52208
3.70868
4.74548
4.53142
4.66230
4.14562
4.29715
5.65963
5.12182
4.64043
3.70205
3.71573
4.53378
4.27753
4.84428
3.94372
4.60383
5.35078
5.18462
4.85133
4.13175
4.86247
4.99712
5.06595
5.06088
5.24960
4.70902
5.31652
4.48522
4.82808
5.21748
4.87490
5.05663
4.82468
4.75390
4.27273
5.18992
4.28535
5.16155
5.24023
5.67147
5.28197
4.28893
4.46778
4.53072
5.71003
4.68648
4.59315
5.30728
4.59885
3.38867
4.28963
4.43058
4.40107
4.11118
3.92762
4.16633
5.17502
4.96413
4.14385
5.11410
4.47490
4.47538
5.26802
5.07080
4.60335
4.23470
4.84673
3.91445
4.84833
4.63503
4.30290
3.52773
4.02755
5.38100
4.31513
4.52922
4.17687
4.26692
4.83252
4.36418
4.88110
4.48723
4.15542
5.14557
4.06582
4.74755
4.26377
4.27268
5.22727
3.96103
5.15075
5.15777
4.31668
4.67785
4.28328
3.67533
4.52303
3.57868
4.94707
4.57028
4.26785
4.70588
5.07912
4.66815
4.74552
4.02117
4.53688
4.92493
3.87613
4.56440
3.99825
4.26518
3.88317
4.24648
4.94477
5.04312
4.75080
4.31993
5.20798
4.88123
5.70860
5.42888
3.92017
4.68327
4.62242
4.85425
4.07718
5.44732
4.07192
4.44068
4.61053
4.48023
4.83280
4.62292
5.58623
5.02113
4.57762
4.16668
4.35595
4.61098
4.61165
4.21763
4.91835
5.30498
5.06212
4.69898
4.25902
4.05375
3.94098
4.28663
3.60553
4.82327
4.49348
4.24617
5.10930
4.32227
5.13492
4.33672
5.17108
4.71048
4.01853
4.18848
3.95568
5.20142
5.08972
4.16972
4.96265
4.85725
5.03457
4.93108
4.81357
4.41953
5.10522
4.51598
4.30713
5.16448
4.81127
4.03130
4.28217
4.67505
4.14760
4.29978
4.65120
5.15710
4.08018
4.52850
3.86250
4.62337
4.55882
4.73317
4.96685
4.72850
4.30773
4.37607
4.72447
4.73487
5.33738
4.78135
4.68843
4.73357
4.25262
4.44765
3.62682
4.56403
4.80097
5.14090
4.10655
4.10795
4.15295
4.77532
4.92297
4.92893
5.18023
3.85217
5.19508
4.54577
4.73898
4.70485
4.12862
4.79823
4.77475
4.97000
4.03273
4.96113
4.18655
4.47545
4.72925
4.38132
4.94382
4.18980
4.80467
4.15978
4.44277
4.60507
4.44660
4.13062
3.63657
4.96758
4.62410
4.64052
5.06765
5.35113
4.36792
3.97035
4.22047
4.58437
4.69232
4.86095
4.38237
5.22750
4.11800
5.03182
4.57085
4.58525
4.74178
4.38758
4.63587
4.70530
4.97122
5.09387
4.77772
5.08660
4.47963
4.60180
4.91627
4.70082
4.04410
3.93400
4.20525
4.32640
5.48013
5.39865
4.26438
5.35028
5.08213
4.24177
5.78392
4.26695
4.27642
4.23378
4.05022
4.61468
4.85603
4.17678
4.73963
4.32265
4.57440
4.34127
3.91742
5.17110
4.30620
4.04550
5.26862
4.60942
4.88800
4.77875
4.06912
5.10762
5.10252
5.64888
4.28343
4.53473
4.89287
4.73962
5.38390
4.15795
4.43397
4.95630
4.46448
4.42587
3.77073
4.81992
4.34983
5.43495
5.66947
4.33815
5.27370
5.26307
3.79698
4.38103
4.52963
4.08193
4.54683
5.22413
4.51697
4.75365
4.33378
4.88685
4.97473
4.23740
4.31880
4.67118
4.74700
4.69510
4.54257
5.09588
5.21570
4.11177
4.55890
5.32725
4.91378
4.40573
4.78713
4.51638
4.55813
4.23800
4.29870
3.94287
5.29930
5.15298
4.73600
5.97777
5.43635
5.13897
3.54150
4.70058
3.51415
4.60332
4.73680
5.42323
4.23048
5.54373
5.36127
4.24157
4.62737
4.04518
3.87058
3.87085
4.40650
5.32620
4.29780
5.19033
4.86000
5.06710
4.73555
4.46940
4.76680
5.33875
5.08740
4.72687
5.40568
4.85050
5.23893
4.40298
4.84632
3.71548
4.79857
4.13965
3.95662
4.42755
5.09865
4.21045
4.37765
4.94442
4.28800
3.98680
3.78482
3.53857
4.59742
3.87320
4.49778
4.40913
4.54310
4.53158
3.46297
4.26758
3.96840
5.22303
3.67867
4.50705
5.13895
4.20525
5.26723
5.32140
5.05687
5.02435
3.93592
4.23908
4.49215
4.59728
4.91257
4.12722
4.13328
4.30155
4.80837
4.55105
4.52960
4.09217
3.85182
4.86810
4.73158
5.16145
4.85688
4.40467
4.89025
4.00512
4.21980
4.60912
4.78643
4.13465
4.96432
4.45510
4.59833
4.76555
4.46708
4.34478
4.17403
4.05387
4.89852
4.70562
3.91375
4.53598
4.50802
4.73628
4.69838
4.52007
4.68365
4.15127
5.11677
4.79393
3.76168
4.75577
3.81350
4.99065
4.72480
4.93115
4.63765
4.47145
5.08197
4.73575
4.67562
4.54263
3.64140
5.03118
3.97288
4.65688
4.19863
4.95007
3.76137
3.89840
4.06117
3.72945
4.27205
4.41573
4.14697
4.79577
4.88207
5.16543
4.91562
5.04352
5.30648
4.71775
4.67040
3.90103
4.32467
3.06948
4.08920
4.36132
4.49848
4.79928
4.37897
4.52818
4.72053
4.86698
4.64538
5.00537
4.68975
5.21453
4.72553
3.92065
4.41047
4.13997
3.99067
4.23120
4.66748
4.85693
4.29097
4.48520
4.56135
5.16967
4.36467
4.49065
4.85947
4.68058
4.04838
4.81098
4.02965
4.77285
5.11643
4.67257
4.38098
4.72398
4.23653
4.60643
4.33715
5.38855
4.61237
4.93048
4.53990
4.26865
4.98283
4.42908
4.24600
4.06722
4.98712
4.40232
4.58783
4.35625
4.88995
4.40213
4.39587
4.58670
4.83662
4.10635
4.83395
4.96283
4.71477
5.01070
5.62073
4.36812
4.23160
4.26060
4.57243
4.31795
4.19642
4.81877
4.78370
4.80750
4.47845
4.48388
4.58138
4.85232
4.51832
4.43452
3.88535
5.12978
4.76310
4.18702
4.91730
3.79842
4.48342
3.64013
5.08833
5.13173
3.91732
4.68508
4.37533
3.49028
4.50077
4.08850
3.94232
3.94577
4.81360
4.11487
5.18087
4.95527
4.08617
4.51038
4.55255
4.22587
3.89970
4.58475
4.00695
4.44142
4.41520
4.60047
4.38637
4.53055
4.17093
4.02507
4.55502
4.15800
4.19593
5.51147
4.02518
4.46710
4.52233
4.22433
4.40048
4.33753
4.89187
3.99133
4.87548
4.74053
4.53852
4.23428
4.96378
4.38377
5.19830
5.36695
3.91643
3.82442
4.01960
4.51928
4.78435
4.57237
4.55365
4.83277
4.75647
4.76275
4.56432
4.74170
3.91282
4.11017
4.28433
4.76345
3.73007
4.89653
4.16317
5.28550
4.57643
5.16240
4.12040
4.20738
5.01472
4.08572
3.92527
5.26287
4.55948
4.60753
4.50287
4.53478
4.42342
5.21167
3.67908
4.32425
4.16190
4.80598
4.85802
5.24183
4.66065
4.56272
4.29572
4.01990
3.68757
4.93773
4.52307
4.20198
4.07817
4.22987
5.00995
4.81022
5.06897
5.11670
4.02082
4.55220
3.81832
4.61805
4.13752
4.08768
3.58702
5.08037
4.66893
5.41927
4.01332
5.06612
4.78772
3.83205
4.12182
4.54318
4.83537
4.79058
4.11593
3.91772
3.92995
4.29775
4.30482
4.38800
5.32773
3.96775
4.92967
4.49143
4.53405
3.97965
3.96355
4.72335
4.98945
4.25433
4.56420
4.42150
3.73958
4.77075
4.40252
3.80077
4.78227
4.36268
4.06065
4.07252
4.53245
4.08082
4.87710
4.41522
4.44787
4.27918
4.29702
4.86710
3.69477
5.88257
4.20987
4.26787
4.92260
5.05687
4.18795
5.38757
4.34177
3.91142
5.14307
4.03985
5.30520
5.12137
4.01133
4.46552
4.52598
4.43745
4.22102
4.21687
4.95435
4.40492
5.78643
4.56357
4.38125
4.16842
4.44727
4.25987
4.95850
4.07442
4.92587
4.17427
4.04667
3.76287
4.15272
4.30405
4.11620
4.23710
4.27865
3.84092
4.56690
4.54600
4.65172
4.15617
3.75678
4.59407
4.05557
4.04440
4.45328
4.38538
4.13818
4.82918
4.48102
4.18495
4.22150
4.49550
5.06658
4.31912
4.76473
5.37240
4.76445
5.08625
4.03738
4.11103
3.99015
4.55510
4.44073
4.21995
4.79387
4.63627
3.90542
4.39433
4.85528
3.89960
4.81215
5.62015
4.12253
4.54160
4.92325
4.66157
4.67295
4.30525
3.87188
4.44742
5.27412
4.42032
4.31113
4.56383
4.58740
4.25733
3.80838
4.73778
4.28463
4.33245
4.54227
5.02623
5.87585
5.32240
4.60542
4.55958
4.31015
4.94187
4.70693
4.94105
4.66732
4.49013
4.31937
4.90848
4.92240
4.77660
4.03473
4.44838
3.79038
4.23470
3.99092
4.63573
3.85290
5.04220
3.83565
4.34837
4.04783
4.46332
4.71123
4.68730
4.73927
4.31215
4.58868
4.05307
4.58890
4.88843
4.59005
4.21158
4.06300
4.21937
3.85275
4.82048
4.32733
3.93450
4.73800
4.88000
4.23977
4.63302
4.76530
4.80767
4.92190
4.84293
4.58730
4.91258
3.55837
4.91243
4.52088
5.22632
3.85750
3.88973
3.89890
5.04363
4.00173
5.15780
4.48530
4.02632
4.62650
4.51467
3.78512
4.20068
4.26295
4.61030
5.26083
4.87865
5.03708
4.26457
3.79532
4.90840
4.49122
4.77472
5.19172
4.25943
4.22818
3.72515
4.94742
5.17483
4.58053
3.28100
4.19067
5.06978
4.40178
4.15502
4.59940
4.38107
4.89030
4.58865
4.15927
4.34058
4.50417
4.70100
3.96533
4.92172
3.81620
3.27348
4.65213
4.18952
4.05867
4.02012
3.54142
3.71733
5.06970
4.04548
4.11342
4.37720
4.15947
4.79667
4.75588
4.23113
5.05190
3.56383
4.32872
3.99990
4.45792
3.84235
5.34208
4.32518
3.56307
3.97063
4.48612
4.11397
4.46657
4.59870
4.41927
4.53558
4.61303
3.97323
4.42122
4.11395
4.39397
4.57905
4.23663
4.17665
4.71232
4.49072
4.06855
4.28135
4.34052
4.84603
4.49493
5.24488
4.24603
4.36132
3.88428
4.82285
3.91368
4.23770
4.70172
4.55012
5.24308
4.27605
4.91780
4.10883
4.15977
4.83822
5.06543
4.73797
3.86437
4.40292
5.24173
5.40400
4.18843
4.23662
3.86683
4.64708
4.05218
4.37565
4.86865
4.93982
4.43037
4.71878
3.88842
5.18312
4.24900
4.61370
4.46658
3.78045
4.98372
4.10795
4.17863
