10.47 15.23 11.05 17.90 5.40 9.25 7.25 17.05 20.28 0.26 9.35 15.25 17.70 18.76 -0.04 3.41 13.87 18.72 15.92 15.80 5.00 -0.05 10.43 -0.07 7.45 13.70 13.64 4.08 14.01 1.58 16.32 2.76 18.36 11.52 3.64 3.40 12.60 13.30 -0.05 5.90 9.00 2.20 14.26 15.94 11.96 11.96 -0.02 9.90 12.20 2.36
17.64 17.64 1.64 19.64 19.64 13.40 7.00 17.40 2.52 12.36 -0.08 -0.01 15.90 13.00 15.00 5.00 15.80 -0.07 -0.01 -0.01 -0.01 17.94 13.64 1.64 17.40 9.00 21.00 9.00 5.00 19.00 11.00 15.00 -0.10 -0.01 -0.01 -0.01 -0.01 -0.01 4.96 1.30 5.25 7.25 9.25 11.05 2.64 12.84 0.84 6.84 9.92 15.96
9.25 19.25 17.25 2.35 1.94 11.96 8.84 2.36 4.36 19.10 17.25 19.25 16.35 12.41 0.41 13.94 14.92 19.30 -0.05 -0.01 18.96 18.84 0.84 6.22 20.01 4.01 12.01 17.15 3.25 5.70 15.64 11.64 17.64 17.64 7.88 11.96 5.96 8.92 10.84 6.84 0.84 6.84 16.84 10.84 7.92 13.80 13.00 9.00 21.00 5.00
6.52 9.10 19.25 21.05 4.69 10.28 13.10 5.25 17.25 13.25 5.25 7.25 -0.05 -0.01 -0.01 2.43 18.01 20.01 10.01 15.15 19.25 9.25 7.25 20.60 18.36 6.36 16.36 2.36 6.36 5.84 9.96 5.96 13.96 2.92 0.84 15.30 15.25 15.25 0.35 13.23 -0.09 -0.01 -0.01 -0.01 -0.01 -0.01 -0.01 -0.01 -0.01 -0.01
4.69 20.69 14.69 3.10 7.00 13.00 17.00 19.00 21.00 21.00 5.00 5.00 17.00 19.00 7.00 19.00 2.20 -0.08 -0.01 -0.01 0.47 -0.03 -0.01 16.92 18.36 18.36 6.36 2.36 2.36 20.36 4.36 20.36 20.36 18.36 5.10 13.25 13.25 17.25 5.25 11.25 9.25 11.25 13.25 7.25 15.25 13.25 13.25 19.25 17.25 1.25
4.84 14.84 18.84 4.84 4.22 12.01 2.01 8.87 14.69 15.05 -0.05 -0.01 7.94 5.64 19.64 3.64 11.64 9.64 8.96 4.69 14.69 18.69 12.69 20.69 10.69 18.69 10.69 20.69 4.69 14.69 2.69 8.28 2.36 8.36 2.36 8.36 2.36 2.36 2.36 2.36 2.36 2.36 2.36 2.36 2.36 4.36 2.36 12.36 2.36 12.36
20.69 20.69 4.23 12.88 0.84 0.84 10.84 14.84 11.76 1.64 19.64 15.64 1.64 1.64 11.64 1.64 9.64 1.64 9.64 17.64 1.64 17.64 1.64 1.64 1.64 1.64 1.64 -0.06 -0.01 -0.01 3.90 13.00 16.20 18.36 20.36 12.36 18.36 20.36 16.36 12.36 8.36 3.20 5.00 3.00 15.00 3.00 18.60 6.84 4.84 0.84
18.36 10.36 8.36 8.36 16.36 6.36 4.36 18.36 14.36 6.36 10.36 8.36 18.36 14.36 20.36 2.68 8.84 18.84 10.22 14.01 17.15 13.25 7.25 19.25 3.25 1.25 20.60 2.36 18.36 16.36 12.36 18.36 2.36 2.36 0.68 0.84 0.84 0.84 14.84 0.84 10.84 2.84 0.84 6.84 10.84 0.84 3.30 15.25 18.15 5.58
5.00 15.00 19.00 9.00 7.00 21.00 17.00 15.00 17.00 17.00 7.00 19.00 19.00 3.00 17.00 5.00 7.00 9.00 19.00 7.00 11.00 13.00 21.00 19.00 13.00 2.20 10.41 16.41 0.41 6.29 14.01 6.01 18.01 16.01 12.01 6.01 20.01 3.30 11.00 13.00 21.00 3.00 11.00 5.00 7.00 21.00 11.00 5.00 3.00 21.00
4.36 6.36 3.10 17.25 1.25 11.25 3.25 9.25 19.25 5.25 13.25 1.25 5.25 5.90 1.40 1.25 19.25 1.25 13.25 1.25 9.25 -0.05 -0.01 -0.01 -0.01 -0.01 -0.01 -0.01 -0.01 -0.01 -0.01 -0.01 -0.01 -0.01 6.47 18.41 8.41 18.41 14.41 16.41 10.41 9.70 11.00 15.00 16.60 4.69 20.69 14.69 10.69 12.69
