12.60 13.05 -0.05 17.98 7.32 9.87 8.87 15.05 21.50 2.20 7.84 14.92 16.84 18.84 11.30 1.70 12.32 18.41 17.35 12.80 7.60 3.00 -0.10 17.90 -0.10 11.98 12.44 1.94 11.96 2.36 18.01 2.44 -0.08 10.96 3.30 1.25 13.25 13.25 4.15 3.58 8.08 2.01 16.01 18.01 14.01 14.01 18.01 8.01 10.72 3.14
16.92 15.92 1.40 21.50 20.60 10.64 6.22 18.44 -0.08 11.45 1.90 6.44 13.35 9.90 13.40 3.25 17.05 9.87 15.30 2.60 10.68 -0.08 15.41 -0.09 17.41 8.28 -0.08 7.94 4.96 -0.09 9.94 12.76 16.68 2.68 8.84 13.14 1.87 -0.07 4.47 0.41 7.23 5.82 -0.02 -0.01 3.94 13.64 -0.12 5.96 12.36 18.01
11.41 19.46 19.40 2.20 3.82 13.20 6.35 1.35 4.60 -0.08 18.43 18.29 16.88 -0.04 3.90 14.20 17.70 21.00 17.80 4.87 20.69 20.69 1.46 6.52 21.20 5.00 12.60 17.05 3.25 -0.05 15.45 9.90 16.44 16.41 10.76 12.68 9.60 8.60 13.14 5.82 3.80 -0.10 -0.01 13.90 11.00 13.00 13.00 9.00 21.00 5.00
5.76 8.76 20.22 18.72 2.38 11.23 -0.09 7.41 17.87 13.58 5.20 8.60 20.36 16.68 15.92 3.80 18.60 -0.09 11.90 15.40 20.52 9.10 7.25 17.90 16.44 4.41 17.70 -0.20 4.92 9.14 10.23 6.41 14.41 1.94 0.92 15.30 -0.05 16.43 -0.07 10.96 16.84 1.76 1.64 13.20 12.60 9.20 12.60 9.46 1.64 5.64
1.90 18.92 14.22 2.87 6.69 11.46 17.40 16.60 20.68 21.20 -0.10 2.47 14.41 17.82 6.96 16.64 1.76 13.40 -0.10 3.98 3.80 19.00 3.25 14.35 16.41 16.41 5.35 -0.10 -0.04 20.36 2.29 -0.03 21.41 18.69 6.69 13.05 14.15 16.29 4.41 10.88 11.60 -0.10 12.96 6.84 14.84 12.84 12.84 18.84 -0.04 3.90
4.41 16.29 18.29 4.41 1.94 13.32 -0.09 7.94 13.20 15.70 15.20 2.15 -0.07 6.43 20.01 2.29 13.23 9.05 8.60 3.94 13.58 19.40 11.40 17.88 -0.02 18.92 7.84 20.84 4.36 13.10 1.25 7.25 1.25 5.90 1.40 7.25 1.25 1.25 1.25 1.25 1.25 1.25 1.25 1.25 1.25 4.15 2.01 12.44 -0.08 -0.01
21.10 19.00 6.15 15.30 0.20 3.23 9.82 17.32 12.69 1.87 20.87 14.64 -0.04 3.41 12.69 2.69 10.28 0.26 10.76 17.10 0.80 17.30 1.25 1.25 1.25 1.25 1.25 2.35 0.41 -0.03 -0.01 -0.01 17.41 17.87 20.01 11.15 16.80 -0.04 -0.01 10.47 6.41 0.41 5.23 2.69 11.82 0.44 20.76 6.68 7.14 2.69
19.40 8.60 9.14 5.82 -0.02 4.96 2.84 16.84 -0.04 -0.01 9.45 7.25 19.05 15.10 19.00 1.90 9.88 -0.06 9.45 13.70 17.64 14.96 8.69 19.87 4.44 2.36 20.78 0.64 16.84 13.92 13.32 18.69 2.69 2.69 2.69 2.69 2.69 2.69 13.82 3.80 -0.10 2.47 2.76 -0.08 9.98 -0.04 5.32 16.69 18.69 -0.09
4.84 13.10 15.90 9.80 6.60 -0.09 15.45 14.60 -0.08 -0.01 6.92 17.52 16.32 1.82 16.52 4.78 -0.09 5.98 18.36 6.44 11.20 9.80 18.92 17.76 12.08 1.86 13.80 17.00 0.35 -0.03 13.45 5.25 17.25 16.15 12.87 6.28 18.68 0.84 7.92 9.96 17.96 2.36 10.87 -0.09 -0.01 21.41 11.10 4.60 2.28 20.36
1.86 7.80 5.00 16.60 3.14 12.69 1.82 7.96 19.88 3.88 -0.02 3.90 4.20 9.23 1.87 1.58 18.76 0.84 13.30 1.70 10.52 10.36 3.52 15.64 1.64 1.64 9.64 12.96 20.69 13.82 9.32 7.87 4.01 15.15 6.35 20.29 7.86 19.40 14.80 19.60 9.80 7.40 8.80 12.84 13.92 5.32 20.69 13.87 10.01 10.29
