23.23325
22.25260
22.70745
24.16142
21.56975
24.35427
22.71967
22.12578
22.40352
23.09160
22.38868
23.67442
22.34863
22.69863
22.81572
23.58392
21.61262
23.47107
22.10060
23.19583
23.46685
22.04543
23.40715
22.95388
24.79068
23.67948
23.61883
22.86527
24.02820
23.25955
23.77365
22.48098
22.43705
23.68745
23.20142
23.53967
25.12953
24.10043
23.93002
22.77293
21.70233
22.47798
23.05945
24.49217
23.90157
22.45983
23.74158
22.42523
23.67550
22.96015
22.67420
22.13330
23.06197
23.02090
23.64865
22.65113
23.88128
23.45167
23.80427
23.69478
23.08367
21.93567
23.39088
23.55875
22.64243
22.77763
22.88355
22.63445
22.56052
24.34550
22.92042
22.77662
23.83353
23.97565
22.14933
23.70435
22.01867
22.51707
23.52173
23.20817
24.59028
22.54673
22.76883
23.61122
23.41070
22.29592
23.13452
23.40082
22.85363
23.02040
24.33022
23.29185
22.46212
22.97787
23.55213
23.17435
22.65402
23.99422
22.84012
22.79285
22.98957
23.16330
23.38083
23.09073
24.21862
23.34982
23.15610
22.68407
22.37498
24.54122
22.98025
24.01308
22.45373
23.57923
22.73127
22.94357
22.82718
23.54670
22.76360
22.68355
22.80095
23.73525
23.67908
24.45022
23.51442
23.37198
23.86780
23.62315
23.79805
23.72240
24.02280
23.99120
22.82077
23.55243
23.44820
23.49740
22.70878
22.70172
23.34110
23.05297
22.77380
23.02422
24.00158
25.25095
23.93738
23.84175
24.27280
23.74082
23.25042
23.64703
24.23525
23.04865
23.65717
22.68712
22.52423
22.33457
24.45990
23.71163
23.40803
24.24765
24.37975
24.48672
22.19048
23.99572
23.53578
23.50140
23.23912
23.56360
22.51183
22.82227
23.74247
24.28627
23.39687
23.10427
24.44378
23.88388
23.28670
23.91813
23.36397
24.54292
24.24712
23.32555
24.55182
23.05588
24.86295
23.89053
23.22650
24.12752
23.20380
23.97800
23.78543
24.91268
23.23273
23.81027
24.26178
24.20958
23.43045
23.71810
22.44440
22.91335
22.97677
23.66052
24.03338
25.12427
24.18322
23.65208
22.95620
24.08022
23.47577
24.17683
25.34623
23.89443
22.84970
23.56183
24.23378
24.07738
22.21225
23.70517
23.87155
23.89707
23.66673
24.40150
22.71667
23.52337
23.17497
23.64347
23.51463
22.97892
24.51832
24.21250
23.51188
24.36112
24.97595
23.61108
23.78392
24.14238
23.68780
23.35352
24.14648
24.05960
23.81967
22.71623
23.83622
23.93042
24.18430
24.00058
23.83433
24.24600
22.47487
23.79573
22.67852
23.10572
24.42793
23.89143
23.94862
23.60645
23.16713
22.84870
24.49900
23.90503
23.45068
22.43553
23.87882
23.29053
25.72907
23.36300
23.21295
23.38365
23.36423
23.76858
23.77952
22.95673
24.47043
24.62145
22.93855
24.64045
23.50737
23.12947
23.96532
25.49580
23.33127
23.85938
24.77483
23.99430
25.17005
24.05540
22.96078
24.25555
22.72225
23.33920
24.28042
24.08732
23.50425
24.09878
23.94665
23.18192
24.95198
25.09958
23.07188
24.21538
23.73477
24.65765
24.48553
22.50625
23.36695
24.58643
24.10175
23.93048
23.52920
22.59675
23.48898
23.80728
23.14817
24.77383
24.16945
24.05488
23.99223
23.99118
24.67132
23.93712
23.38383
24.31520
24.09568
23.86935
24.60433
24.74747
24.23812
23.59335
22.60885
24.01432
22.13732
23.84402
23.15977
23.28387
24.60417
23.15993
23.96433
23.02638
24.62867
24.09900
23.77033
24.21147
23.30525
24.20027
23.19628
23.65872
24.57318
24.17652
23.91162
23.09660
23.91470
22.66243
23.65158
24.90838
24.01842
24.78683
23.43245
24.03940
25.50912
23.95972
23.68873
24.34193
24.80472
23.11002
23.03982
24.53877
24.17678
24.42393
23.71455
23.64180
23.69552
23.96667
23.42197
22.80567
23.89363
23.12717
24.13207
22.61995
23.47393
23.05263
23.64658
23.05392
23.91367
24.10425
24.02430
22.45443
22.66157
23.39875
22.52857
24.02350
23.85463
24.19687
24.43337
23.74647
24.70902
23.06272
23.98105
23.38850
23.88582
23.25343
23.71437
22.97437
23.29638
23.32013
23.82320
23.47053
24.25270
25.22065
23.41353
23.47562
24.77237
24.02907
23.43253
23.86403
23.99165
24.20575
23.63143
24.47573
23.87677
23.43800
24.91508
24.17430
24.25627
23.87610
23.13748
24.61225
24.65682
23.85787
23.79718
23.63593
23.17513
23.87933
24.45347
23.17232
23.48847
23.97067
23.71453
25.05370
24.29152
24.31453
23.81673
23.44480
23.48290
24.54980
24.11263
23.77028
23.49343
24.97430
23.88815
24.58955
24.01222
24.42000
23.90243
24.28117
24.43088
23.97970
25.00093
24.81195
23.80243
23.98268
24.02270
23.31462
23.68935
23.37318
23.51418
24.38193
22.74513
24.57513
25.13867
23.60305
23.50905
25.19330
24.05970
23.18197
23.86423
24.68657
23.87420
24.75407
24.23407
23.89308
23.27308
23.17382
23.71480
24.12458
23.75063
23.01740
24.39037
23.03867
24.63697
22.77773
24.08772
23.97092
23.77548
24.58513
25.07332
24.44940
23.48627
23.25883
23.71783
24.30308
23.50320
23.34997
23.52687
24.18348
23.63450
24.18532
24.96065
24.91900
24.90193
24.52500
23.62637
23.89438
24.02295
24.26887
23.95540
24.47712
24.09473
24.39807
23.80437
23.61117
24.79063
23.49875
23.98700
23.62467
24.45867
23.86002
24.44853
24.64455
23.19610
24.30462
24.82810
24.41853
23.54392
24.39520
23.82853
23.83563
24.53357
24.32102
24.40998
24.25452
23.02713
23.73783
23.77517
23.33952
24.30138
24.79120
23.46695
23.70323
23.99050
23.98973
23.87207
23.96828
24.32840
24.23077
23.44538
23.16423
24.70332
23.59025
23.69672
22.80585
24.67252
24.38145
25.00992
25.24798
24.69107
23.40205
24.21768
23.25137
22.30677
22.97725
24.90287
23.41533
23.70813
23.79373
24.62053
24.02655
24.14467
24.61813
24.47495
24.65873
24.95863
24.33693
24.38790
24.43477
24.36387
23.77417
24.47393
23.92642
24.37742
23.77923
24.42415
23.55932
23.99263
24.10045
24.62157
24.07168
23.60777
23.76315
24.85453
24.02402
23.56405
24.68173
23.32952
24.20367
23.83877
24.16663
23.73267
25.28523
24.75858
23.90868
23.64372
23.86227
24.03913
25.21418
24.25947
24.27858
24.38615
23.83753
23.86725
24.30918
22.96415
24.64617
24.03142
23.79813
22.67107
22.35708
24.41527
23.13387
22.95030
24.25617
24.46057
23.19990
24.27440
24.63633
24.00740
23.60197
24.50572
23.62458
23.86280
23.30597
23.50378
24.05822
24.30298
25.13438
24.61602
23.12033
23.40417
24.12777
24.23507
24.38503
24.57705
24.83810
23.41442
23.44853
24.41197
24.85445
23.20995
24.33803
23.97113
24.52732
24.79930
25.47665
24.58958
23.67713
24.64847
23.91647
24.30302
22.74895
24.33298
24.02247
23.03845
23.11608
25.23550
23.92615
23.58837
24.03345
23.15767
24.64417
22.99407
22.96600
23.99327
24.89252
24.23435
23.96150
24.67140
24.21242
23.99558
24.40450
24.32378
24.51092
25.10525
24.64198
23.98758
23.60878
23.40293
23.97143
25.42042
23.43112
23.86913
22.83388
24.65858
23.28360
24.06347
23.66987
23.77138
23.76868
24.52187
23.93245
24.87497
23.14157
24.05882
24.08272
23.38125
23.94868
24.31180
24.29185
23.68012
24.59890
24.11678
24.26260
23.48437
24.84710
24.65455
24.73317
24.33025
25.46875
23.66818
23.40767
23.77658
24.54308
24.50435
23.88028
23.43802
24.52950
23.52375
23.52088
24.66880
24.56993
24.00320
23.84937
25.46340
23.37810
23.94542
24.91792
24.35475
25.23378
25.01743
24.35835
24.95478
23.52055
23.88982
23.36927
24.36807
24.42222
24.17658
24.63998
24.49498
23.97347
24.06783
24.70255
24.74700
24.75945
24.00043
24.40788
23.78242
25.22382
23.87462
23.89592
23.32783
23.89203
24.13077
24.27355
23.76938
25.17797
24.42150
23.05088
25.01203
24.69573
25.76392
23.22365
23.81913
25.08718
23.25627
22.92487
24.17617
23.96175
25.65102
26.01635
24.41598
22.96625
23.68428
24.76628
24.49947
25.20283
24.48223
24.92062
24.66822
23.82163
24.03797
24.09417
23.01347
23.68445
23.97773
24.63810
24.24867
23.28497
24.83678
23.79440
25.12585
24.19980
24.05210
22.93918
24.89680
23.85448
23.51663
24.22038
23.43158
24.50060
24.59250
24.92673
24.65642
23.88058
24.27572
24.39362
24.19368
24.26205
24.14600
24.67800
23.87068
23.20633
24.32790
24.57978
24.27530
24.12088
23.42605
24.13830
23.89632
24.28823
23.80815
24.69368
24.92858
24.38973
24.46935
24.49368
23.84430
24.41325
24.24575
23.66282
24.17162
24.03317
24.07272
24.29993
23.77512
24.64322
25.14528
25.06027
23.70555
24.50782
23.70835
24.21868
24.31743
23.79697
25.31755
23.20908
24.35613
24.26950
24.49333
24.43707
23.63932
23.12488
23.90538
22.95667
23.24975
23.00545
23.60265
24.21788
24.40520
25.05955
23.59677
25.28772
23.56423
24.26922
24.24035
23.56218
24.77755
23.19103
23.21412
24.62917
24.81570
23.61955
24.12535
24.05403
24.26228
23.79648
24.81913
23.03540
23.85335
23.70208
23.71642
24.18158
24.75642
23.73338
24.41795
24.52847
23.43978
23.81670
25.03788
25.02052
24.41367
24.30822
23.88590
24.23543
25.73147
24.52817
24.52788
23.42610
24.82927
23.78368
25.14037
23.76283
25.37128
23.70377
24.97340
24.11513
23.42743
25.21263
23.80743
24.27837
25.07045
23.67568
24.14772
24.79165
23.10608
24.35505
23.56043
24.07303
23.69075
25.86748
23.55980
24.59742
23.37518
24.07667
23.28197
24.49800
22.96792
23.26032
23.66122
24.17117
23.76355
24.90993
24.83683
24.18533
22.87432
24.33852
24.27907
24.50007
24.17998
23.56040
24.01557
24.10878
23.90457
24.77938
23.42635
22.92438
23.45257
24.03938
24.40572
23.42252
24.38167
23.15312
25.05855
23.68157
24.47458
23.71430
25.04612
25.19658
24.45798
24.16515
23.64385
23.86788
23.25747
25.31040
23.37780
24.80470
24.35297
24.64215
24.39840
23.17668
23.94887
23.50220
24.08285
24.40017
23.57265
23.89620
24.89537
25.17345
24.99507
23.58277
23.51367
23.99365
24.50420
23.87067
23.58947
24.25043
23.91937
24.36000
24.38658
24.37510
25.04235
24.54152
23.61023
23.86708
23.90567
24.20198
24.02868
24.07952
24.35482
22.81970
23.81282
23.69533
23.96668
24.21287
24.30205
23.88147
25.08510
22.80422
24.55733
23.75885
24.46147
24.70650
23.76803
25.46597
22.86920
24.56363
23.76710
25.09592
23.14105
24.34725
23.79663
22.98117
23.91022
23.15962
24.41675
24.12537
23.83938
24.08460
23.60518
23.47937
24.64893
23.59697
24.10962
24.73628
24.46173
24.59345
23.17988
23.95053
23.99973
23.53352
23.94137
22.37857
24.22460
23.60730
25.00078
24.39130
24.32262
23.89202
23.86467
23.72083
24.47477
23.25482
24.73743
24.15053
23.34590
24.82375
24.78648
24.45193
24.34435
25.12142
24.53443
23.04482
24.37478
25.10302
24.80243
23.53475
23.63228
23.87075
23.84102
24.15103
23.64427
24.63928
24.57295
23.74158
24.91600
24.41143
24.57040
24.28448
24.11925
23.76413
24.61707
24.27185
24.73327
23.61335
26.25688
23.48295
24.15043
23.44618
25.14985
23.70365
23.63662
24.53852
24.66177
24.78010
24.75590
23.46148
24.00192
23.99955
22.96975
23.65670
23.37107
25.13087
24.39958
24.13347
23.97343
22.96728
24.73588
24.42278
25.07313
24.36268
23.68265
23.57698
24.72893
24.26332
24.50565
23.63010
24.62012
24.66990
24.03305
23.37960
23.55068
24.10048
24.65458
23.74710
25.00778
23.98197
24.86462
23.61583
23.65130
23.36215
23.56180
24.10262
24.80095
24.66445
24.38293
24.93727
25.20335
23.32763
24.84008
23.91557
23.49720
23.97372
24.15508
24.75083
24.46053
24.52698
24.89393
23.79148
23.68683
23.52062
23.26295
24.42818
24.16643
23.46420
22.99578
24.07650
24.46708
23.65287
23.73498
24.24123
24.98573
25.17335
24.08225
24.97798
24.59968
23.24782
24.77380
24.07313
24.07520
24.22743
24.58348
25.08617
24.15308
23.77663
23.90900
23.99388
23.66767
23.71428
23.96195
24.25472
24.21028
24.34103
24.46368
24.22253
24.74823
23.58643
24.11790
24.06590
24.06540
23.32893
24.23233
24.23683
24.85505
23.32390
24.43387
25.13590
24.05735
24.26657
22.59592
24.26957
23.30227
24.56147
23.48793
23.23233
23.46870
24.06863
24.54955
22.96840
24.77533
24.73258
25.45862
23.13065
23.02882
23.10715
23.40508
23.55983
23.96460
25.29388
24.69560
24.42688
23.41857
23.95415
23.81417
23.04312
23.30435
23.07575
24.32497
25.03872
24.42528
24.56142
23.86072
24.99168
23.27792
24.60693
24.50210
24.38098
23.68768
25.15858
25.22090
24.36063
23.63372
24.59175
24.00958
24.92255
24.87310
25.48070
23.85022
24.11940
24.87675
24.12972
25.47782
24.64228
24.61215
23.24333
24.10152
24.73102
23.52497
23.39762
23.36577
24.27422
23.83973
24.54407
25.28888
24.32895
23.29677
22.71890
24.44273
23.37645
24.26538
23.90090
24.54975
23.20405
24.81945
22.91173
24.76803
24.26332
24.05615
24.07473
23.33933
25.38453
23.77310
24.19490
24.06510
24.19740
25.06387
24.90520
24.69413
23.50245
25.12775
24.09570
22.71160
23.92953
23.98927
24.75023
24.07460
22.34300
23.94762
24.16887
24.42893
24.87977
24.78575
24.14802
24.39777
22.99073
23.90077
22.97995
23.94278
23.28765
23.07623
24.61887
23.80420
24.61442
24.61340
24.07187
23.99998
23.97593
24.66265
24.84320
23.90075
24.08418
21.80427
24.49763
23.63485
25.16533
23.92095
23.66075
23.61308
25.06712
23.93198
24.46732
24.00628
24.34468
22.62240
23.45030
23.04853
24.46095
23.25353
24.08400
24.42563
23.61247
24.02407
24.18058
23.69052
24.71282
24.17780
23.86300
24.57218
24.06100
23.56360
24.10828
24.06242
23.42162
23.41422
24.47920
23.16663
24.56900
23.58075
23.66878
24.41778
24.62003
23.83335
23.23097
23.46885
24.54683
23.38460
23.43212
23.49782
23.71987
23.19050
23.93285
24.54353
24.02607
24.62177
23.64740
22.73843
23.43392
23.90933
23.27122
24.29205
24.08930
23.23860
23.25045
23.72307
23.10967
23.76993
23.67818
24.86785
23.07703
22.65652
23.18342
23.18323
23.50897
25.23935
23.34320
23.62570
23.66095
23.98605
23.93718
24.31548
24.57687
23.65093
23.62652
23.10215
24.51042
23.54843
23.99620
24.55910
24.21815
23.57145
23.25118
23.10890
22.83523
23.84263
23.79658
23.54102
23.75447
23.68767
23.22528
24.12143
23.37662
23.87363
24.60552
23.04400
23.76888
24.63888
24.15958
23.32928
23.43275
24.63967
24.30375
24.54123
23.93553
24.43005
23.87955
24.29273
24.93853
23.22050
23.56535
23.08650
24.59527
24.22623
23.31003
23.39530
24.15555
24.11350
23.95802
22.97823
24.31588
22.73427
23.31083
23.61518
23.70658
24.08603
23.79965
24.48408
24.19687
24.69563
23.64608
23.75933
24.49105
22.60600
23.22738
22.85778
23.40298
24.14260
23.55048
23.18378
23.94945
23.42887
23.90608
24.37920
24.74777
22.07555
23.19320
23.57013
23.55883
22.82278
23.83972
22.69888
23.95525
22.76690
23.31365
24.02512
22.16317
23.65825
24.05278
23.03895
24.69567
24.94907
23.88295
23.59260
23.73715
24.55362
23.16173
22.51603
23.91075
23.75807
23.27950
23.47323
23.55057
23.70030
23.64165
23.45727
23.94470
24.02842
22.59842
22.66328
22.94762
22.94618
23.69283
23.11557
23.77805
23.94808
23.97918
25.21825
23.09585
23.00428
22.57305
23.37138
23.80143
24.42325
23.72238
23.60068
23.25705
22.49613
23.68732
23.00158
23.86357
23.84833
23.10183
22.80467
23.93342
24.01732
24.69095
23.56557
23.27175
23.99715
22.87415
23.68537
23.20105
23.22070
24.48855
23.78042
23.48680
22.40325
24.24967
24.70587
22.82375
23.30752
23.68367
23.93185
22.91517
23.45038
23.14722
23.62852
23.57762
23.29423
23.38765
23.91115
22.93078
22.66553
23.54710
23.20780
23.28292
22.48193
24.05712
21.88587
22.69958
23.34830
23.09808
23.05190
23.44948
22.65565
23.43332
22.69172
23.54950
24.19412
22.04973
23.09220
22.70193
23.23605
23.96000
22.97265
23.25192
23.84657
22.89690
23.66957
24.85208
23.48918
24.41217
22.91243
24.11447
23.31002
23.57628
23.12478
23.21385
22.94438
22.47022
23.69162
24.95673
24.25565
23.28665
23.95115
23.39915
22.52493
22.61393
24.13950
22.92425
23.84845
23.87438
23.49760
22.66975
23.35993
22.48280
23.88727
23.02807
23.72265
23.52438
22.40313
22.95918
23.58127
23.20533
22.60887
23.71505
24.52335
23.19858
22.19913
22.91125
22.60642
22.92057
23.37898
23.30517
23.30445
21.30900
22.89685
23.85117
23.30148
23.99583
22.96932
23.34602
23.70665
23.26580
23.61202
23.63065
23.64000
23.91997
23.87063
24.80758
22.44497
23.13212
22.90592
22.44532
22.69115
23.26507
23.24203
23.59952
23.50433
23.66160
22.05500
23.48742
22.49372
21.74087
22.66690
21.66302
23.46492
23.56395
23.11382
23.48632
24.46315
23.52962
23.60987
22.57023
22.99262
22.70720
23.59302
23.60678
21.83562
23.07977
22.40423
22.59965
22.84317
23.22278
22.18398
24.03613
23.65890
22.55182
22.86683
23.14020
22.49352
22.66908
23.62352
22.38218
23.75480
22.95287
24.35772
22.89958
22.15955
22.90327
23.46832
21.89062
22.76195
21.85145
23.12515
23.49845
23.24402
22.64655
21.84178
23.01540
23.01852
22.73207
22.36683
22.49842
23.03942
21.53025
22.82855
23.21192
21.82818
24.16278
22.80125
21.85998
22.39322
23.13193
22.54822
22.85782
22.03260
24.26787
22.40060
22.88645
22.78585
22.57983
22.82548
22.40723
23.90003
21.76463
22.40193
22.84005
22.63053
21.88293
21.71225
21.83960
22.69175
23.10615
23.51692
22.79595
21.63330
23.18988
21.77698
23.01363
23.79348
22.00602
23.15938
22.44723
23.47905
23.31773
23.10375
22.42762
22.88137
22.54375
22.73452
22.49973
22.40910
22.26282
22.62778
22.64478
22.77395
23.38885
22.66775
23.07577
22.95580
21.79127
23.07517
21.66143
22.69538
22.17793
21.67978
21.12823
22.36015
21.52005
22.86987
22.59308
22.40810
21.90428
21.80095
21.75320
23.86115
21.78337
21.16598
22.11218
22.69082
22.92780
23.28220
21.93533
21.03197
22.51558
22.52943
23.47377
21.89395
21.98948
21.58287
23.52337
22.55645
20.98080
21.82248
21.29072
23.43455
21.26953
21.55200
22.15103
22.67340
21.07318
21.95162
22.52333
22.13965
21.99477
21.89045
21.89340
22.73053
21.40585
22.47245
21.74310
22.63582
20.77347
22.50868
20.94140
23.62400
22.29312
22.46945
23.02595
22.64087
22.68710
22.28468
22.52552
21.73082
21.87292
22.04565
22.47203
21.75903
21.82250
21.12012
20.94382
23.44477
22.33670
22.11107
21.48168
22.09578
22.43762
20.99778
22.84797
22.17275
21.86020
20.33048
22.03867
21.04790
24.18740
21.94952
22.10462
21.08912
21.97322
20.92568
21.35330
21.73085
21.23702
22.42605
21.81035
21.12090
22.05602
21.88372
23.21960
21.43087
21.67400
21.38670
20.01830
21.52175
21.72480
21.20180
22.07047
22.03562
21.93555
23.12783
22.13897
20.69885
21.71972
20.98010
21.83822
21.34428
22.07835
21.16518
22.07483
20.40770
21.75898
21.82738
21.19348
21.53197
20.18155
21.74760
22.22718
21.38102
21.77937
21.62808
20.90743
20.70815
20.76587
21.65710
20.80972
22.15750
21.27672
22.29340
21.06098
21.37443
21.87953
21.79980
21.29458
19.50850
21.27213
21.66583
22.48625
20.29083
21.70730
21.17593
21.53802
21.39488
20.90778
21.01268
21.88697
21.32762
22.69948
20.97008
20.82655
21.65747
20.98397
22.65148
20.41437
21.05122
22.51098
20.66752
21.43160
21.32898
21.20495
21.42262
21.52167
20.44213
21.28285
21.61967
20.43955
21.53360
22.03657
21.28280
22.11288
21.51902
21.02785
20.72687
20.52833
20.61803
22.39440
21.04432
20.16475
21.05525
21.32195
20.41358
20.58607
22.23362
20.72307
20.63852
20.68967
19.06798
21.19672
21.04125
20.27522
21.19030
20.69662
20.45077
19.83195
20.48608
20.18908
20.60393
20.71725
20.10278
21.37388
22.03487
20.58455
21.64155
20.41242
