23.69400
22.00542
22.95863
23.48088
22.66172
23.71898
22.89890
21.45305
22.76673
22.19337
22.17257
22.94110
22.54372
22.51900
24.13117
23.33880
24.09313
23.92707
22.60450
23.24390
22.85942
22.98195
22.83708
21.84140
23.08653
23.43953
23.34693
23.47127
24.37530
23.22232
23.07405
23.00517
23.78333
23.59237
22.19713
22.90788
23.21327
23.58895
22.79293
22.68830
22.79505
23.14367
22.97923
23.33970
23.40912
23.41643
23.50718
22.64350
23.37878
22.95012
24.39183
23.41372
23.12533
22.61282
23.72510
23.30307
22.15248
22.69022
24.05863
24.14027
23.31623
23.85545
23.16323
22.67695
22.72072
24.58168
23.46510
22.78668
22.27337
23.99487
22.34468
23.68778
22.67037
22.70263
23.15947
23.28112
22.57082
23.82955
22.59328
23.38813
24.04415
22.31928
22.97090
23.70095
23.18288
24.66970
23.25253
23.28923
21.97695
22.22178
22.90152
22.95345
23.03445
24.07212
22.98623
22.59998
23.91323
23.26743
22.65130
23.58007
23.57007
23.19835
23.77325
22.45840
24.01580
22.44420
24.39062
22.76890
23.27312
23.57087
23.19705
23.58995
23.20478
23.31657
24.00017
24.12692
22.97258
23.44995
24.28378
24.27693
23.83512
23.41273
23.54862
24.42473
23.46053
23.73458
23.05533
22.62810
23.93627
22.74193
24.35037
23.32045
23.44287
24.38390
22.51668
24.55403
22.78915
23.14310
23.28822
22.66697
24.39033
23.06987
22.40520
22.90823
23.20020
22.75940
23.26768
24.55087
23.84553
24.12965
23.88193
23.60915
23.01410
23.94278
23.16450
23.58092
24.16145
23.55397
23.16263
23.26715
24.36943
23.50163
24.09045
23.85213
22.90008
23.33105
22.73355
22.89907
23.00972
24.19807
23.75777
23.58388
22.90233
23.14990
23.67173
23.74690
24.37010
23.99925
22.96295
24.38692
23.91708
22.62087
23.47708
22.90598
24.22387
24.83803
23.17663
23.78078
24.28700
23.76218
23.05088
24.42478
22.73973
23.26940
23.13930
23.73772
22.26518
24.42017
23.81850
24.63263
23.02008
23.34083
24.68193
23.37537
23.35415
23.39075
23.24262
24.07887
24.73065
24.21517
24.44492
22.04827
24.46185
23.28810
24.11507
22.57808
24.07462
23.28772
23.17988
24.03997
24.24197
23.23230
23.18998
23.60973
23.71610
24.92050
22.92940
23.91703
25.08395
24.51218
22.86175
23.29980
24.14080
23.98530
24.04872
22.82652
24.81807
23.39100
23.82927
23.24393
24.93847
23.27207
23.17792
22.73063
23.64182
22.75635
24.24943
24.53505
23.22670
24.68843
23.85033
24.67053
24.05165
23.12188
24.08783
24.06593
23.98427
23.23372
23.62500
23.91182
22.65480
24.24223
23.91923
23.11673
23.64927
23.84558
23.62872
23.37607
23.66968
23.67123
23.53910
24.04533
23.37673
23.78043
23.42305
24.41708
22.90243
24.62943
23.99442
22.63163
23.52490
24.11510
23.18645
23.41722
24.00080
24.08183
23.54755
23.62500
23.86470
23.31617
23.05340
24.31598
23.83202
23.49210
23.83368
24.42522
23.99177
24.12978
23.49292
23.68967
23.90027
23.91030
23.46468
23.58175
23.74428
23.98498
23.21377
24.36058
23.55743
23.44183
23.72318
24.64837
24.45085
24.08565
24.93417
23.61155
25.02072
24.19828
23.32300
24.18612
22.77832
24.52725
23.46683
23.58000
24.43708
24.68328
23.61980
25.21417
22.44187
26.10060
22.34767
24.10993
23.44382
23.80388
25.18482
22.95732
23.45638
23.55632
23.28992
23.21762
24.94777
23.45988
24.55585
23.09363
23.33433
23.59453
24.63712
21.82057
22.79705
24.18288
24.01828
23.10647
23.27132
22.83018
23.09792
24.04850
23.21965
25.43540
22.85928
24.30477
23.48727
22.75943
22.62713
23.43682
24.61175
24.33482
23.81620
22.96820
23.26228
24.14602
24.03865
23.49773
23.31355
24.22350
23.47417
23.50012
22.29573
23.47372
23.66185
23.88995
23.72587
24.23758
23.83747
24.94788
23.48115
23.19333
23.34222
23.52763
24.32693
23.07182
23.58388
23.63357
24.02362
24.45348
23.96998
23.49137
23.79148
23.38743
23.57248
24.15565
23.96393
23.11308
24.65720
23.81317
23.65083
23.56883
23.73795
23.54492
24.12147
24.44512
23.94165
23.38913
24.03505
24.10233
24.12770
23.97855
24.50375
22.98303
24.20032
23.97742
22.59100
24.00317
23.54453
23.22115
23.45730
23.24337
25.66575
24.01692
23.69250
23.31850
23.89320
23.39558
23.64913
24.53398
24.46110
23.94257
24.48298
24.60345
23.59472
23.41230
22.20395
24.14933
23.43345
23.36125
22.58860
23.64995
23.12540
24.16577
24.63945
24.54833
23.66440
24.09228
23.57010
23.76168
24.01862
23.38525
24.43702
23.61647
24.16785
23.90993
24.42415
23.77623
24.23857
24.97382
23.80778
23.14888
24.41265
23.91355
23.66763
24.07632
22.57450
24.34045
23.81365
23.95267
23.42593
23.69738
24.12270
24.22027
23.66058
25.45088
23.92370
23.51630
25.19818
23.78008
23.71535
23.39253
24.12243
24.21875
23.60942
24.62902
24.56453
23.78262
23.38398
23.57470
22.72788
23.74065
25.52473
24.86053
23.75997
24.30732
24.15193
23.83920
24.23407
23.22877
23.97623
24.18888
24.02132
24.46620
23.58783
24.36643
24.96683
25.23477
23.47865
24.16267
23.86853
23.70393
24.30022
24.61470
23.98518
24.05617
23.17437
24.40532
24.01065
22.53983
23.58677
24.90462
24.53417
23.59888
23.74760
23.48612
23.03147
22.93135
24.50187
23.38772
23.01145
24.22913
23.04255
24.08448
22.95715
24.03460
23.03087
23.89057
24.18667
22.44227
24.80963
23.99782
23.85602
24.65082
22.92635
23.07668
24.51647
24.25577
24.10445
24.81932
24.50683
24.93128
24.23238
24.55087
22.61852
23.34340
24.46013
22.82357
23.46893
24.75127
23.89943
24.62078
22.81650
23.86653
24.84700
24.14088
23.37075
23.69675
25.22988
23.99678
24.27860
23.53292
23.80035
24.65038
24.47565
24.48455
23.32585
24.37562
23.00680
23.38040
24.34305
23.76123
24.75737
23.49870
23.72515
24.86527
23.44930
23.57847
23.75677
24.24738
24.46275
23.56505
23.60083
22.66987
24.20023
24.53918
23.44067
22.60178
23.90053
23.70657
23.91785
22.87392
23.29267
24.42863
24.28382
23.97828
24.18393
25.55357
23.27147
24.09193
24.45142
25.01325
22.41147
24.01063
24.35272
24.13787
24.33323
22.72147
24.38630
24.36980
25.30283
24.67868
23.59622
23.09093
24.60028
23.53993
24.21468
24.46110
23.89320
22.95537
23.94153
23.80075
22.64935
23.62620
23.55592
25.12378
24.87555
25.21280
24.88630
23.29545
23.98390
24.05460
22.71772
23.43460
24.42268
23.44335
24.63332
24.90477
25.35172
23.94125
25.32175
23.62133
24.36138
24.08938
24.46155
23.77593
24.78743
23.65845
24.55540
24.47488
23.39502
24.55402
23.48108
23.43310
24.42480
24.15858
22.99403
23.41387
23.96665
23.88865
24.03018
24.14347
23.90425
24.18553
23.89627
22.71297
23.28885
24.42087
23.83103
24.89112
23.46768
23.09763
23.82987
24.00608
24.49697
23.63362
23.73923
23.81113
24.79452
23.78282
22.98140
24.74892
24.29468
24.62902
23.87337
24.34590
23.62073
24.06043
24.06235
22.82280
23.95288
25.13407
23.36730
23.08857
23.41070
24.01043
24.43057
23.89558
25.83127
23.57267
22.72935
22.85117
22.43755
23.66928
24.20817
25.64452
23.98243
23.78747
23.36473
23.82907
23.20627
23.20753
24.21993
23.94830
24.33392
24.88557
23.21623
23.39937
24.54275
24.29670
24.88230
24.18383
23.28320
23.22970
24.92032
23.92273
23.63415
23.43498
24.42003
24.63445
23.94505
24.15857
23.54477
24.86075
24.80403
24.42747
22.90622
22.50283
24.39440
24.16755
23.92837
23.09540
24.39225
22.98383
25.24410
23.58473
24.66423
24.82063
23.73747
24.88862
24.53322
23.30087
24.77907
23.63450
24.08232
25.34733
23.75852
23.16633
24.30377
23.53685
23.67367
24.23432
24.79567
23.28813
24.25678
25.28505
23.74838
24.49522
23.18313
24.02333
24.81978
24.14510
24.91447
23.46278
23.72005
23.07417
23.71270
24.02947
24.30410
24.77252
24.56283
23.90837
24.80218
25.41763
23.76242
23.19625
25.00600
23.99885
23.69232
24.99757
24.97055
23.94778
24.28648
24.38142
23.26415
22.96247
23.15293
24.50722
23.95458
23.93662
23.31147
23.86170
24.19408
24.53733
25.08293
23.66302
23.28627
24.40270
24.29525
22.98483
23.11822
24.85782
24.25985
24.51940
23.08793
24.52658
23.97887
24.01680
24.94957
23.35750
24.39340
24.59888
23.37913
23.59830
23.73283
24.27463
24.63815
23.81762
24.96700
23.82978
23.76678
23.57548
24.68265
24.17122
25.06677
23.75213
23.34173
24.36555
24.05372
23.78623
24.22857
24.26548
24.06073
24.47013
23.99420
23.96870
24.20530
24.97282
24.00352
23.57765
24.82850
24.96825
23.35510
25.08273
23.80922
23.62417
23.53042
25.22642
24.83438
23.89493
24.77103
24.72077
24.70023
24.66218
23.50253
24.36708
24.46678
24.60033
23.32010
24.21258
24.68963
23.34290
24.37767
23.53393
23.49877
23.85472
23.51570
24.44747
23.94025
24.80965
25.53298
23.39308
24.50757
25.09110
24.06020
24.10818
25.02760
22.25407
23.21533
25.28743
24.17648
23.25835
23.36520
23.85010
25.01790
24.04015
22.95743
24.60730
24.21493
23.50718
23.97600
23.87915
24.66887
24.43138
25.20240
24.07968
24.75000
24.79813
24.58637
23.86290
24.81838
23.69460
23.56948
23.83418
24.09748
23.96477
23.47758
24.00723
24.43873
23.30563
24.96410
23.28150
24.18488
24.53173
24.03753
23.93292
25.21123
24.13175
23.94455
24.19375
24.18988
25.23563
24.62422
25.19563
24.49070
24.19697
23.55533
23.95483
25.10378
23.79630
24.09503
24.47632
24.05963
23.99160
25.48703
25.75782
23.86592
24.56915
23.81880
24.01855
23.66348
24.12553
24.80780
23.90078
24.02952
23.80483
24.37578
23.70668
23.88355
24.34252
24.71182
24.18318
25.00933
24.57153
24.01332
23.88068
24.48103
24.09798
24.36528
24.48778
23.70623
23.38890
22.63048
24.21155
24.05072
23.22133
24.34918
24.74990
23.12935
23.70438
24.63753
23.67432
24.44623
23.53998
23.67297
24.85622
23.75010
24.41850
23.53042
24.24228
22.34158
24.64695
25.32802
24.02048
23.58965
23.65868
24.40662
24.48427
23.17057
23.77072
24.28053
25.84175
22.86467
22.96292
24.26873
24.02567
24.30370
24.33102
23.80442
23.84653
24.00032
23.36295
24.45440
24.21127
24.11432
24.80757
24.63990
24.11438
24.17238
24.53897
24.30630
22.94660
23.26633
23.64632
24.76590
22.78753
22.92720
23.99765
23.21175
24.96228
25.63555
23.10325
23.62847
25.21450
23.99800
25.30123
24.28338
23.82577
24.16120
24.07787
24.57422
24.98597
24.69695
23.40430
25.10112
24.84150
24.05297
25.03817
23.38657
24.39230
24.36335
23.31218
23.99578
23.61987
24.74402
24.87630
23.89338
24.66493
23.75155
23.95665
23.76700
23.29512
23.82670
23.16402
24.13357
24.04498
23.98590
24.12883
23.60240
24.49483
24.08062
24.25333
24.48507
23.36733
25.73850
25.10708
24.49437
24.27335
24.90417
23.55173
24.46555
23.88500
24.29400
24.63555
23.40948
23.84665
22.63703
24.12847
24.94092
23.98812
23.36655
23.39665
24.10770
23.98132
23.80075
25.28475
23.62270
25.21642
23.65395
24.79783
23.50843
22.73957
22.98023
24.75838
24.70897
23.91198
23.82322
23.14598
25.24813
23.83638
25.48390
24.21917
23.04975
23.87037
23.96372
24.32202
23.03608
23.43267
24.22237
24.67377
23.69135
24.92053
24.14175
23.52818
24.41770
24.67393
24.29642
23.79770
22.29928
24.59538
23.96203
23.79038
23.86413
24.32587
24.80550
24.39297
23.46042
24.69117
23.80857
24.05270
24.61427
24.49285
25.06087
24.45052
24.90852
23.71470
24.36267
24.19592
24.50692
23.65705
24.43900
24.16820
23.29290
24.19737
24.20463
24.51222
23.56407
24.23890
23.13327
24.51373
23.41265
23.12698
24.21413
24.58640
24.62967
24.20313
23.77063
24.53325
23.96840
23.45062
24.40653
24.61483
23.51325
24.29745
24.88455
23.31902
24.77747
23.53977
24.42740
24.38137
23.14448
24.04548
23.32192
24.30873
24.43822
24.17382
23.95567
24.10688
22.92617
23.18328
24.71820
22.75342
24.21093
23.63407
23.48790
23.87872
23.55317
24.12990
24.01858
24.22995
23.82712
22.97037
24.20645
24.59008
24.25412
23.44243
24.18592
23.42992
24.75858
24.61090
23.68740
23.87112
24.82708
24.42453
24.20912
23.44605
23.98485
23.84543
23.25132
23.72255
24.44823
23.59902
23.44448
23.92660
24.00613
24.73833
23.45485
24.42565
24.29460
23.39002
24.10327
23.49443
24.75028
24.72240
22.97423
23.85560
23.71505
24.07813
22.64408
24.31858
23.80662
24.35743
24.10653
23.43137
24.98770
23.42282
23.77113
24.33953
23.88402
25.43048
25.09190
24.11923
24.16852
24.15655
22.97002
23.94545
24.26985
23.92222
24.19178
23.26748
23.12607
24.38503
24.20280
23.37707
23.73730
23.16685
23.35732
23.57848
25.90868
23.91727
23.42655
23.93743
24.72637
25.01277
23.88410
25.35643
24.38427
23.04902
24.30768
23.00838
23.67083
24.36842
23.89387
23.20268
24.17315
24.11832
24.23400
24.51728
24.30283
22.82932
23.12822
23.50908
24.71853
24.31880
24.49960
23.89535
23.57782
24.35038
22.48023
23.58567
24.10295
23.56937
24.49790
23.36677
23.63893
23.41890
24.31890
24.26892
24.41467
25.45158
23.70553
23.37308
23.68573
24.13817
23.76012
24.28513
24.18983
23.44780
24.29608
24.49063
23.23222
25.17005
24.56665
22.18358
24.00665
24.19708
24.47763
24.44578
23.66822
24.76228
23.67135
24.34107
23.27572
24.10390
24.93345
23.74443
24.25073
23.85880
24.11512
24.38945
24.94920
23.83290
25.07925
22.82515
23.91125
24.59277
24.37015
23.84747
23.52022
24.56675
24.15992
24.13690
23.34412
24.42535
22.63423
23.58337
24.35955
23.56440
24.79920
24.11448
23.96815
24.79980
24.17532
23.97947
23.73663
23.95722
24.56648
24.06758
23.69290
24.16050
24.01722
24.56048
24.66578
23.63283
23.97427
23.49963
24.70293
24.20963
23.83915
24.33265
23.61452
23.39120
23.52845
24.28398
23.38442
23.65953
23.26070
23.71617
24.56143
23.96723
22.84137
24.56672
22.86918
23.67175
23.18298
24.09445
24.26565
22.61880
23.06230
24.69162
23.12883
23.49958
23.42808
23.31290
23.86520
23.01580
24.00492
23.62928
23.49662
24.19270
24.16080
23.68542
24.28815
23.25963
24.50342
22.24017
23.44648
24.66222
23.64027
24.15283
24.95722
23.66922
24.13325
24.99005
24.67250
24.56733
23.98523
24.68798
24.26240
24.65798
24.30127
23.92172
24.17177
24.48160
23.28733
23.80368
24.47522
23.70248
23.86668
23.41775
23.41338
23.80720
24.73752
23.77872
24.77268
23.50055
23.41523
23.46638
23.38663
23.42950
22.77760
24.99032
23.37258
23.40912
23.61958
24.52193
24.82152
23.60195
23.23903
23.89987
24.01718
23.47507
23.96818
24.04630
23.65655
23.37207
23.02440
24.07658
22.56520
23.42697
22.52663
24.24727
22.89377
23.32310
23.99013
22.86103
24.53090
22.98765
24.43867
22.77797
24.36818
22.80880
23.77370
22.91715
22.88277
23.50385
22.66700
23.85617
23.83120
23.93970
23.61558
23.84900
22.08335
24.92807
23.07613
22.80888
22.94057
23.77963
23.78898
23.39217
23.76505
23.76965
24.48867
24.35947
23.45677
23.72737
23.53723
24.13247
22.82040
22.77833
24.32843
23.62683
24.26762
23.73472
22.54135
23.73700
23.54430
24.74182
23.80028
23.08470
24.18182
24.20693
23.33513
22.89597
24.31790
23.06752
23.82625
23.71722
23.51372
24.05347
23.56133
22.83480
24.55607
24.66337
23.59490
25.27665
23.71738
23.03267
23.58428
23.18268
22.86640
24.19328
23.88098
23.22267
24.26495
22.32197
22.50300
23.21883
22.77965
23.45903
22.74828
24.11960
24.53277
22.87527
24.95620
23.02008
22.72548
24.08693
22.79265
23.65527
23.84995
23.87042
22.76265
23.77033
22.43648
22.98997
24.31440
23.07783
22.91190
23.72957
22.30168
22.98190
23.88925
23.67185
23.60168
23.22083
22.68570
23.68787
23.42105
23.50232
22.93222
24.17185
23.22862
23.97498
23.48140
24.17253
23.29413
23.26347
23.77820
23.03648
23.36488
23.76052
22.54153
24.06033
22.26498
23.52127
23.86585
23.17033
23.99302
24.65258
23.29782
21.44297
23.60692
24.18138
24.02570
24.37703
23.29998
21.24758
23.61853
23.64635
22.78967
23.54833
23.39868
23.73610
23.39302
23.11035
23.09090
23.42080
23.75018
22.93353
22.92655
22.57560
23.31895
22.90243
23.37852
24.04730
23.32768
23.85153
23.57852
23.10498
23.47612
22.45190
23.74562
23.10297
22.94462
23.31183
23.63908
22.51960
23.32962
23.12473
22.48133
23.58827
23.09798
22.95052
22.73728
23.34577
22.39003
22.52190
23.06960
22.92580
23.17060
22.28117
23.81470
22.58523
23.39828
23.13030
22.91850
22.54267
22.98832
22.32290
22.82402
22.59838
24.11108
23.75748
23.32297
22.54752
24.13355
23.59832
22.51390
22.90605
22.53537
23.16178
22.97242
23.80987
22.91190
21.81577
22.22690
23.32402
23.17798
22.63105
22.87793
23.36188
22.94950
24.07722
22.05393
22.00762
23.18263
22.19295
23.25573
23.58540
22.18983
23.27170
22.34018
23.83878
22.70103
22.48887
23.44207
23.79743
23.49810
24.12622
22.41238
22.96412
24.24688
22.71485
23.60658
22.04033
22.77117
21.95112
23.30855
22.68453
22.63133
21.50850
23.41793
23.73583
22.16955
22.86925
21.77097
23.19990
23.10705
21.87835
23.43985
23.23607
22.22143
22.50498
22.47580
23.44522
22.40528
23.72127
23.38817
23.10822
23.16177
23.16707
22.03923
22.89582
23.95217
22.95840
22.84795
22.27837
22.06312
23.77340
22.63612
21.57068
23.22787
22.70332
22.29560
22.69625
22.89645
22.95810
23.34715
22.68653
22.75040
23.09643
22.12397
22.27688
22.43070
22.69770
23.20442
22.98310
22.74422
20.55243
22.44438
21.80447
23.16782
22.75907
22.00310
22.37895
22.82110
22.74897
22.73073
21.93307
23.43225
22.10318
21.91530
23.42973
23.30820
23.51942
21.63975
21.66645
21.80990
23.16668
22.52573
23.38442
23.83405
21.97825
21.82157
22.23497
23.68445
23.22472
21.60182
23.78198
21.66593
22.95930
23.60102
22.49177
23.16892
22.42240
22.56068
21.63368
22.67345
21.35708
21.79403
21.21345
22.35627
21.73102
22.79982
21.81692
22.69020
21.56015
21.70195
22.35533
21.86443
22.33497
21.57542
22.48407
22.72090
22.88380
22.31955
22.88262
23.24740
21.48263
21.94808
22.53535
21.39732
22.75375
22.19407
21.97585
21.99675
23.08002
21.93708
23.02713
22.80383
22.56412
22.09560
22.47297
22.33008
22.43122
21.82905
23.26293
22.67227
21.65850
22.25963
21.83422
21.51178
21.71995
21.80125
22.22615
22.13440
21.84338
21.65000
21.07722
20.72880
23.43283
22.24337
22.67518
22.04777
23.00742
22.44715
22.02028
23.14022
21.87312
23.26082
21.37572
21.49387
21.89147
22.13418
22.41933
22.79422
22.15290
22.51315
22.01172
21.61422
22.41443
20.75732
21.30035
22.02775
21.34152
22.21840
22.55928
21.80887
21.42053
20.45880
22.36463
22.19757
21.49397
21.88882
23.55105
22.00808
21.42763
22.30967
23.16387
22.33990
21.52120
21.04505
21.63317
22.33558
21.99777
21.09658
21.67637
21.56658
22.26938
21.23708
21.70262
22.06332
22.33145
21.90468
22.38122
22.78323
22.25278
21.37540
21.46997
22.32892
20.95753
21.52592
22.73643
21.61148
21.28540
20.41655
22.37268
22.14310
21.95998
22.78167
21.24600
20.66250
21.17617
21.45815
20.72202
22.22070
20.64145
21.52502
21.86025
21.65782
22.21145
22.00305
21.15022
21.44682
21.32505
22.07848
20.86287
20.39753
22.19940
21.39373
20.98418
22.80120
21.69273
22.06330
21.39908
21.61357
21.43418
21.07332
21.06068
19.49172
21.15810
21.60717
21.05628
21.28788
22.06600
21.76035
21.11060
22.47725
21.70730
21.02335
21.34818
22.46832
22.99587
20.84178
20.87347
20.99333
21.18303
21.82617
21.44792
20.34578
21.43243
21.19615
21.80980
20.28507
22.08242
21.92525
22.07348
21.60765
22.10243
20.31508
21.94860
19.87745
21.95363
21.35598
21.09788
21.57412
20.44552
20.64103
20.43422
20.75807
20.40632
21.86413
20.97850
20.40035
21.88442
20.92363
21.92417
20.26190
20.68865
20.32877
20.85357
22.03978
20.80353
20.99745
20.79845
21.31207
21.39855
20.54548
20.55507
21.95912
22.01462
21.49140
20.86485
20.48275
20.83398
21.13202
20.72463
20.23623
21.11665
20.68802
21.34440
21.09890
20.08860
20.86548
19.71823
20.93865
20.57008
20.50202
20.00592
20.53277
20.42382
21.02512
20.53078
21.68742
22.12948
20.59118
20.47073
20.57355
20.85265
20.07435
21.28215
20.49130
20.58152
20.85872
20.44172
19.93540
20.21727
20.86487
20.35035
20.64432
20.64318
20.96942
20.57143
21.23757
20.85778
20.04368
21.88665
20.73192
20.18358
20.27033
20.90837
20.05262
20.46633
22.44385
20.36702
20.38395
18.40235
20.93657
20.22448
20.92400
19.38795
21.02618
19.58468
20.17100
20.25667
20.87308
20.49035
20.37887
20.01247
19.55758
19.16078
20.59700
20.74283
20.04557
18.32980
20.29272
19.72965
20.25730
19.59495
20.02078
20.04948
19.65087
18.84483
20.47548
19.55608
19.88832
19.65508
19.71102
18.68627
20.68198
20.27323
20.23720
19.36547
20.80710
19.47825
19.98340
19.19142
19.68342
20.00155
19.99083
20.85013
19.22618
19.69418
21.34222
20.11675
20.29648
20.08625
19.27022
19.45712
20.79643
20.14748
19.49913
19.33225
20.51972
19.80653
19.98972
19.77447
19.44667
19.16822
19.34768
20.74042
19.87975
19.52367
20.76945
19.70635
19.86243
20.07532
19.29745
18.63927
20.21522
19.53158
18.71127
19.69058
19.33303
20.09325
19.65850
20.32747
19.88613
19.39192
18.73508
19.99238
20.78900
18.73532
19.87618
19.68067
19.81582
19.49017
18.74870
18.58315
19.33600
19.48615
19.20680
19.60358
18.61338
20.12375
19.28987
20.10218
18.41028
19.20070
19.15400
19.13077
19.40487
19.24872
19.49640
18.79322
19.30992
19.76115
20.41890
19.75938
19.87945
19.98057
19.50285
19.25395
19.69362
20.35115
18.48093
19.90547
19.39293
19.61268
18.68325
20.32382
18.46768
20.45520
18.65050
19.47337
19.32302
20.19377
19.53597
19.33898
18.83577
19.35223
19.02808
18.83532
18.95952
18.29660
20.04470
18.82382
18.54000
18.76862
18.93632
19.04905
17.90142
17.42158
18.92360
18.69192
19.29568
18.22903
18.30563
19.42948
19.67222
18.17242
18.27590
18.31043
18.13130
18.22662
18.88282
18.78180
18.38207
19.19633
18.97335
18.90593
18.06187
17.31062
17.84795
18.30060
18.54468
18.74935
18.72052
18.34217
19.17945
18.75203
17.74288
18.05713
17.51517
18.37023
18.16582
17.68860
18.18448
17.49072
16.22315
17.43595
18.06775
17.89630
19.37532
17.65432
18.13230
18.28762
17.93273
18.85847
18.27377
18.71118
18.64942
19.20598
19.00913
18.28092
17.77497
19.03992
18.45253
17.32085
17.98763
17.73790
16.84448
18.26052
19.09185
18.59082
17.74352
18.00902
18.94687
18.46413
18.67658
17.56282
18.81068
17.11768
17.62713
17.76853
18.55432
18.63078
18.41593
17.81953
18.82380
18.22953
19.21882
18.11203
19.81457
18.22937
17.26847
18.14578
18.19323
17.06562
17.62288
16.97750
18.08795
17.52800
18.36120
17.46962
18.20385
18.18773
16.98357
18.63892
18.12638
18.21890
17.46882
16.52882
17.31125
17.87057
18.57572
16.01312
17.84662
16.56057
17.56405
16.46828
17.50968
16.76652
17.76798
16.69482
17.27068
18.02900
17.60733
16.61155
17.65163
16.52070
19.08493
17.54355
17.80495
17.24855
17.35393
16.77500
18.46710
16.88355
18.69487
16.91833
17.95798
17.96605
16.87342
17.05522
17.28078
15.74605
17.56015
17.91073
17.35177
16.87182
16.88590
16.78737
18.00258
15.92880
17.31102
16.79637
17.15753
16.30158
16.85278
15.95968
16.36438
17.29215
16.73737
17.24927
15.96140
18.54930
16.82575
17.38588
16.93508
18.86687
15.86198
17.37450
16.68583
17.60413
16.07157
16.59693
16.71388
17.57690
16.79065
16.80417
16.59053
16.58110
18.01365
17.20435
16.58388
16.81978
17.08710
16.32462
17.90823
16.68850
17.61252
16.23170
17.43217
16.28308
17.37452
16.66548
15.26153
16.86402
16.63957
17.58393
16.94988
16.66390
16.69812
15.95117
16.98978
16.89913
15.98708
16.13355
16.16977
17.25370
16.27843
16.70645
16.19150
16.30753
16.03437
16.40992
16.61707
16.16110
16.88760
16.14795
16.52063
16.49018
16.53032
16.99170
16.66383
15.12218
17.47235
16.37230
16.34750
15.43078
16.23303
17.47413
16.41100
16.07138
16.15448
16.12055
15.89612
16.18832
16.08738
16.35260
16.36655
15.90442
17.00230
16.37582
17.23972
16.80797
16.06708
17.83133
14.71653
15.24777
15.64150
16.28377
17.50397
15.83533
15.75518
15.82305
16.96027
16.59032
15.74623
16.28640
16.28975
16.36823
16.60420
15.78882
15.61535
16.80572
15.34888
15.49160
17.13000
16.46440
15.05125
16.00907
16.06253
15.11407
16.38303
14.50382
15.81267
15.13098
15.82310
16.93705
15.32373
15.10543
16.49942
16.22875
17.13462
15.34598
15.35375
14.50090
15.39747
14.48197
15.41742
14.24013
15.93693
15.96895
14.98803
16.37232
16.33825
15.66935
14.91347
16.35308
14.73552
15.00267
14.15283
15.59860
15.58245
16.18818
16.12070
15.57597
15.99138
15.54947
15.65408
15.49728
14.94757
14.13780
14.84258
14.44427
14.99157
15.46542
15.24092
14.94243
13.90192
15.83377
15.97917
14.64832
14.65303
13.27485
15.85313
14.67795
15.23063
14.87847
14.25328
15.14028
15.06395
14.52367
14.43117
14.44445
14.29535
15.44582
15.73713
15.02027
15.33617
14.56765
14.17512
13.48893
15.44757
15.00780
14.58297
13.99020
15.63140
15.12505
13.43583
15.55847
15.26445
14.79580
14.30363
13.97398
15.81830
14.87235
14.26727
16.83850
15.40002
13.72832
16.16598
13.31290
15.58865
13.26947
14.30500
15.75740
15.47397
13.43485
15.47610
15.65877
15.45203
13.96032
14.76622
15.02743
15.06358
14.08262
14.16893
14.85847
14.08968
15.76225
13.06112
14.06520
14.55247
14.35673
14.06248
14.44345
14.01657
14.71150
14.55022
14.33483
15.05638
13.61245
14.55385
14.94960
14.89140
13.35137
15.42353
14.87825
14.09628
13.54142
13.62390
13.77015
14.39865
14.99850
15.76077
14.26995
14.24607
14.44805
14.16478
13.85955
14.64690
14.78995
14.77082
14.00502
15.01040
14.21292
14.26343
14.15620
13.32005
13.96730
14.01868
13.73840
14.11698
14.42397
13.93000
13.48360
14.17518
14.29043
15.19988
14.10210
12.74018
13.53378
14.01903
14.24707
13.49890
14.54832
14.18055
13.53063
14.01333
12.53627
13.24822
13.65122
14.74713
13.92323
12.55590
14.44282
14.74695
14.27972
14.22988
14.61315
13.04345
13.40753
13.06558
13.05908
14.40572
12.42295
13.31647
13.41460
14.29835
13.17135
13.37405
13.53423
13.79015
13.79347
12.48847
12.55540
14.13693
13.48922
14.16252
12.95403
12.46763
13.37168
12.38185
12.53903
13.20027
11.98227
13.55293
12.81463
13.51108
13.81447
13.15140
12.59617
13.51897
14.26238
13.38000
13.69930
12.14047
13.56042
14.08462
13.66023
14.36895
13.24130
13.34750
12.71325
13.80080
13.11635
13.65763
12.64325
13.12152
12.92973
12.78372
11.95073
13.13553
13.22873
13.18898
13.71890
13.30705
12.74750
13.43043
13.69768
13.14918
13.37560
13.35777
13.08178
12.11043
12.10868
12.25420
13.31080
11.50987
13.95538
12.62697
11.50550
12.50022
13.45718
13.00943
12.99582
13.30718
13.11740
12.03560
13.81355
11.64890
12.13005
12.60323
12.34668
12.72337
12.81800
12.77283
11.90050
12.43847
12.42182
12.07258
12.24805
12.90733
12.02402
12.69075
13.02857
13.52243
11.65572
12.66495
12.16455
12.50280
13.07658
12.63187
12.59298
12.89163
12.20812
12.51615
12.46648
13.00755
13.32655
13.07123
11.45783
12.51185
12.52443
13.40160
11.15107
11.91065
12.12835
12.50308
12.23458
13.31787
12.87398
11.62265
13.36678
12.20903
12.67010
13.03190
12.57083
12.84413
12.58762
12.99195
12.92382
13.82880
11.56042
13.51887
11.72582
12.43988
11.89818
10.66742
12.90583
11.53288
12.31255
12.06325
11.41407
13.40273
11.58560
11.95423
11.57007
12.75103
11.97937
11.94613
11.48110
11.67755
12.26215
11.88802
11.91602
11.96713
12.11525
11.81680
11.96565
11.91797
12.28317
11.88228
11.56158
11.33788
11.39378
12.55937
12.16743
11.95770
11.93035
12.27322
12.46510
11.20575
11.91895
10.20858
10.75378
12.75712
11.56825
12.71192
12.41828
13.29938
12.25082
11.48062
11.38380
12.82758
10.80700
12.09920
12.17423
11.29718
11.97273
11.64815
10.82942
11.57890
11.44435
11.53977
11.58503
12.79227
11.20873
12.45648
11.96523
11.77992
11.30793
11.78558
9.80165
12.30033
11.27712
10.67883
10.08180
11.77067
10.61363
10.99172
12.47622
11.87333
10.62990
10.63692
10.38617
11.20503
11.88063
10.68082
12.02100
11.28637
11.97182
10.65375
11.13968
10.78345
9.99022
10.55337
12.08932
11.20065
11.88485
10.70935
11.53398
12.28007
12.47992
11.64088
11.68458
11.05422
11.54333
10.92457
10.98138
11.00740
10.80513
11.63323
12.08050
12.56443
11.02917
10.59197
10.77713
10.78137
10.11063
11.94550
11.05157
12.52652
10.03162
11.57188
9.99420
10.88432
10.99163
11.01432
11.46463
11.44003
11.29730
10.58122
10.41308
10.63010
10.63832
11.97362
10.81020
9.98862
11.40143
10.49285
10.52915
10.36438
11.86455
11.97338
9.89907
11.87265
10.20498
10.76933
10.79830
10.70402
10.23218
11.21473
11.59758
9.95818
11.38783
11.14855
11.64833
10.86837
11.18138
11.37502
10.97663
10.96282
10.96478
10.89383
10.31518
9.68362
10.49900
10.36000
10.70477
9.97690
10.10943
11.20302
10.09797
9.68842
11.08148
11.17718
11.51765
11.35940
10.62017
10.65882
11.89047
10.93298
10.66023
11.34535
11.57790
11.73092
9.64022
11.55643
10.66330
10.97907
9.77730
12.64908
9.87505
10.76142
9.20372
11.44153
10.54522
9.51577
9.18103
10.75577
9.63835
9.92005
10.86345
10.59238
10.30325
10.04880
10.07807
9.71828
10.06350
10.32135
9.94287
9.33012
9.57550
9.57998
9.21820
10.09345
9.19108
9.58743
9.33110
9.27305
9.53318
11.42853
10.91780
12.29285
10.26900
11.38647
11.06912
10.43628
9.29440
10.15452
9.84605
10.14213
9.83057
9.87133
10.07463
9.29540
10.12692
10.71148
9.42248
10.39002
9.72930
10.71348
10.70020
9.87570
10.44660
9.49610
10.40352
9.95998
10.07840
9.00592
10.50905
9.89268
9.61992
10.17765
10.11308
9.25865
9.66718
9.44233
9.33078
8.42017
9.45463
10.05982
10.12618
10.53835
10.82688
10.37327
10.47457
10.04525
10.43400
9.58715
9.56513
10.12572
11.03645
11.01305
11.10062
9.95022
9.88127
8.58190
10.11502
11.10157
9.99640
9.64158
9.68695
10.31598
9.53158
9.00498
9.27975
9.79160
9.30007
9.13683
10.43668
10.01947
9.82632
8.92037
9.62163
10.18968
9.72343
9.50865
9.38492
9.91813
9.06327
9.82590
10.13763
10.99180
11.04933
10.73002
9.80648
10.02542
9.20848
9.58217
9.25430
8.94405
9.61807
9.77598
10.06770
8.99367
9.57830
10.09088
9.83000
9.96865
10.23657
9.65700
10.49935
9.58112
9.79157
10.56078
9.75108
10.11397
10.22977
8.67577
9.97685
9.25325
9.26850
10.16797
9.81033
10.18880
10.17293
9.84798
10.13252
8.58063
8.28388
9.17437
9.55458
9.26878
9.30280
9.12277
9.05180
9.53313
8.69887
10.24127
9.00180
9.04688
9.05192
8.70498
8.50140
9.04490
9.63703
8.51098
8.99390
8.63263
9.84135
8.72907
9.94953
9.93107
10.77865
9.25742
9.50495
8.67187
9.10172
9.73862
9.35832
9.60013
9.44737
8.98950
9.40490
9.16405
9.86900
9.56472
8.30955
10.82807
9.01785
8.85835
9.44272
9.22730
9.01777
9.52615
9.49558
9.49873
7.78500
8.61250
8.82007
8.98435
9.80827
9.11503
8.47115
9.20145
8.51835
8.96943
8.97200
9.12232
7.90752
9.05263
8.27228
9.03403
9.06712
8.71957
9.41157
8.92353
8.50232
8.37287
8.80302
8.96755
9.96833
10.12043
9.31802
9.81298
8.54067
9.49867
10.17537
9.64095
8.78115
8.02832
8.35612
9.20422
9.42690
9.00757
9.42948
8.65897
7.86888
8.70147
8.55813
8.77512
8.32770
8.20840
10.11205
9.38302
8.90862
8.56972
9.06447
8.60128
8.13408
8.07345
9.53593
9.38615
8.55977
8.13542
8.82497
8.83963
8.41842
8.38755
7.49133
8.27803
8.92610
8.37357
9.47008
10.18992
9.59082
8.47767
8.30273
9.16828
8.97297
9.68665
8.78292
7.72522
8.87103
8.98933
8.80897
8.22262
9.26578
8.74037
8.67603
9.43675
8.74578
8.59012
9.25960
7.04410
8.20217
8.66208
8.60090
8.32812
9.39268
8.38350
8.63880
9.13568
8.52867
8.43268
8.11290
9.32232
8.28275
9.30448
7.11443
8.76583
7.95073
8.25945
8.22525
9.71373
8.35257
8.02232
8.24468
7.70650
8.60127
9.24558
8.19385
8.13240
8.33485
8.17540
9.47673
8.29822
9.70810
8.77722
8.49050
8.69982
9.41100
8.16630
8.46667
8.44643
8.79267
8.50468
7.30603
8.53362
8.51740
8.89477
8.45763
9.61418
8.00252
8.75828
7.44947
8.00572
8.48015
8.40212
7.98408
7.83368
8.99377
7.94377
8.36113
8.58268
7.70073
8.52733
9.50943
8.69482
8.30728
8.76367
8.57478
8.04043
7.41650
8.76703
7.84120
8.54505
7.22158
7.55923
8.28522
7.67058
8.45217
8.81338
8.72870
9.57412
8.04517
9.10755
9.02887
7.03187
8.38813
8.48925
9.02798
7.82537
8.76272
8.14045
8.45578
8.62840
8.07498
7.83560
8.13357
7.97822
7.58653
8.08033
8.27583
7.89967
7.40498
7.78590
8.94193
8.32153
8.43638
8.35110
7.48703
8.81337
9.59458
7.06890
7.72772
7.84768
7.67213
8.55803
9.45020
8.48740
7.78880
7.07537
8.56513
7.44593
7.55853
8.16877
8.77733
8.45622
8.29388
9.29238
7.91418
8.95588
7.66448
8.14818
7.45130
7.88680
8.36810
7.72210
8.44880
7.82237
7.89555
6.75617
7.78135
6.87210
7.90855
8.73975
8.11128
7.62483
9.05793
7.66303
8.91487
7.60985
9.32137
8.70033
7.79000
8.96402
8.10607
8.14002
7.29587
7.97938
8.77378
7.95682
7.71533
8.18570
8.61525
7.37855
8.75393
7.28982
8.42457
7.01947
7.97388
7.60332
8.25193
8.22240
7.44070
8.05008
7.83137
7.96558
8.51995
7.36485
7.49013
7.62662
8.02417
9.09113
8.02775
7.30513
8.19377
7.19377
7.91822
7.07043
7.76275
9.17382
7.32408
7.54790
8.17613
8.68385
8.99297
9.04458
7.98463
8.76687
8.49965
7.98875
8.84450
8.40987
8.05153
7.34738
7.75293
7.85845
7.52592
7.41800
6.86370
7.76270
7.98733
7.39583
7.22378
7.99448
6.36750
8.33028
7.08138
8.25402
7.00510
7.38650
7.30558
7.90242
8.62607
7.97190
8.13478
7.03577
8.54707
6.48022
7.39668
7.53035
7.86392
8.22157
6.96255
7.47302
7.66763
8.22205
7.00280
7.72085
7.48043
7.49873
7.08792
7.14552
7.60153
7.20817
7.27385
7.25845
7.53647
7.33958
8.62092
7.80387
8.08470
8.10388
7.74600
7.94423
7.90212
7.33565
6.19665
7.04230
7.41035
7.67917
7.65288
6.90080
8.88233
7.91680
7.16015
7.65818
8.33765
7.27705
6.84418
8.02412
7.09422
7.60608
6.77812
7.45972
7.35413
7.93112
7.29457
8.05437
6.77607
7.22020
7.53672
7.15415
8.80443
8.18185
6.60640
6.89830
6.32728
7.45908
7.95162
7.67272
7.39560
7.51483
7.01657
7.85345
6.39010
7.61655
6.78360
6.41775
6.71068
7.02338
7.07562
7.34712
7.72922
6.51188
6.86327
7.38687
7.63307
6.85810
7.31238
6.64208
7.37440
6.65038
6.33248
7.45805
7.64340
7.15385
7.06245
6.87830
7.09363
7.18763
6.97585
6.52627
7.92113
7.46190
6.62010
6.77695
7.21462
7.40227
6.49168
7.34922
7.61692
7.94895
6.99993
6.39283
8.25303
6.52547
7.79633
7.38315
6.95552
6.86245
7.27325
6.94785
7.68782
7.79705
8.07807
7.01612
7.40492
7.64520
7.45868
6.85382
7.83742
7.21827
6.12375
6.16315
6.35505
7.07688
6.18715
7.62740
7.71397
6.97567
7.33082
7.73572
7.01848
7.17157
7.14405
7.41643
6.77635
7.42927
6.64293
7.30955
7.72495
6.75378
7.29660
7.38260
6.80015
6.95453
7.47930
7.15255
7.79612
6.79108
6.89642
7.37548
6.42543
6.93908
7.02697
7.44753
7.96365
7.54983
6.22308
8.27178
6.94142
7.33300
6.85837
7.57128
6.99435
6.56852
6.83315
7.72657
7.03742
7.28285
7.53965
7.44450
7.29283
7.00042
7.52713
7.14138
7.17622
7.07245
7.50533
6.99920
6.56617
6.41153
7.10318
6.62613
6.54367
6.42697
6.58685
7.10278
7.61638
7.51485
6.76532
6.36925
7.63275
6.97518
7.08900
7.66957
7.18198
7.21877
7.02488
6.42497
6.87272
7.29055
7.68695
7.20512
6.91787
6.80083
7.37015
6.47902
6.66102
5.58873
7.79965
6.41390
7.40047
5.68617
7.21657
6.33578
6.81350
7.10907
6.79403
7.11998
6.66263
7.90543
6.46567
7.16235
6.31253
7.10880
6.22813
6.70422
7.01563
6.24635
5.82468
7.00897
7.33323
6.34942
8.26262
6.55462
6.70865
7.34370
6.83448
7.39303
6.80433
7.09220
7.66465
6.47445
6.78197
6.55588
7.58057
6.72267
7.12247
6.03732
7.21333
6.32460
6.94888
5.74923
7.07665
6.24043
7.09837
6.57598
6.41788
7.03473
7.12475
7.27555
6.41388
6.91662
6.42178
6.55748
6.83543
7.28175
7.08642
6.45273
7.30525
6.49218
6.68035
6.49927
7.14922
6.37172
6.72825
7.58538
6.88912
7.15393
7.91662
6.47588
5.71685
6.03530
6.83325
7.47852
6.35112
7.58395
6.93052
7.67998
6.97115
6.49937
6.80877
6.66365
7.00242
7.00582
6.11628
6.79930
6.90985
7.13753
6.42255
5.70918
7.21707
6.97423
7.31382
7.34183
6.33838
6.37602
6.51708
6.17998
6.95125
6.13855
5.80125
7.16333
6.57322
7.04480
6.56200
7.13953
7.68305
6.23613
6.27330
6.51788
7.06558
7.29308
7.56580
7.22098
7.74635
6.42223
6.47722
6.40437
6.67975
6.82655
6.65112
6.70167
5.92392
5.75627
6.42382
6.62310
6.01318
6.29190
6.87125
6.65943
5.86905
5.90512
6.85703
6.18947
6.16430
7.13185
5.98268
6.28522
6.30402
6.95675
6.63535
6.43677
7.36032
6.43805
6.46968
5.85710
6.86825
5.33008
7.03945
7.36803
7.12082
6.32720
7.13288
6.62277
6.02963
7.15265
7.08427
6.09465
7.15358
6.60497
7.38872
7.03553
6.73733
6.52343
6.13443
7.26655
6.30705
7.55178
6.27190
6.52613
6.89842
5.60975
6.81667
6.87597
6.26973
6.04423
6.48888
6.70730
6.37428
6.73178
6.07023
6.14053
6.78182
6.02638
6.43855
7.22612
6.20398
6.20125
6.97862
6.98250
7.01115
6.10268
7.14998
6.80428
5.65233
5.59888
6.64415
5.66767
6.05263
6.25137
6.55658
6.62907
6.72603
7.59577
7.84163
6.14212
6.12438
6.56150
6.63650
6.05885
6.13180
6.49523
6.42837
6.51345
6.58745
6.22653
5.90858
6.27538
5.99128
7.12957
6.20560
7.07692
7.05838
6.06407
6.66027
6.53935
5.84628
6.49133
6.81432
6.10977
7.76450
6.29617
7.02995
6.63588
5.91945
6.59878
6.69228
5.99277
6.66340
6.71722
7.48315
6.53957
6.94443
6.48303
6.39137
6.60432
6.03382
6.42078
5.54478
7.04107
5.55308
6.26998
6.83513
6.27767
5.94130
6.46825
5.90127
6.99097
5.86067
6.11383
6.76290
6.46553
5.20428
6.34275
6.59735
6.31102
6.48123
6.18623
5.69133
6.35410
6.82480
6.60687
5.57678
6.26610
6.01332
7.21875
7.17688
6.60637
6.29038
6.04942
6.90913
6.81065
5.71760
7.32143
5.72033
6.08513
6.93508
6.68790
5.97430
6.14170
6.39618
6.02375
6.61542
6.83612
5.99380
6.38122
5.57925
6.57288
6.04365
6.84168
6.52658
6.32323
5.65902
7.35857
6.58993
6.55750
7.01215
6.83348
6.78828
6.37005
6.29377
6.29888
6.76815
6.08112
5.86310
5.85888
6.52135
7.27088
5.84352
6.30013
7.10065
5.84653
6.53912
6.68048
5.99517
6.79672
6.22208
6.51365
6.57640
6.27578
6.36247
5.95193
6.26467
6.35690
6.46987
5.92032
5.63897
5.81815
6.79868
6.27352
6.21578
6.88855
6.06863
6.37588
6.94510
6.44802
5.80003
6.44622
6.52972
6.88375
6.22548
6.05833
7.53147
6.07530
6.23935
6.65947
5.49635
6.13145
6.34072
5.60555
6.47250
5.26690
7.81192
6.08320
6.30715
5.73838
6.05637
6.84985
6.58928
6.48697
6.97402
7.17117
6.97863
7.14535
6.26290
6.60012
5.73272
6.30195
5.80445
5.67373
6.32007
6.20283
6.10988
6.01127
6.79622
6.48805
6.21082
6.50318
5.65313
6.27487
6.27377
5.70725
6.25545
5.95175
6.79007
6.56982
6.62640
5.99168
6.31055
6.62877
5.54748
5.49240
6.00023
5.66043
6.66810
6.40025
6.22187
5.75328
7.19125
5.99787
7.26707
6.76862
6.59645
6.00002
6.33640
5.98867
6.12797
5.74698
5.86857
7.37792
5.48928
5.78288
6.10315
6.36025
6.13675
6.28738
6.69382
6.65018
5.94398
6.04868
6.01360
5.08990
6.06158
5.39853
5.79222
5.50150
6.34207
6.08057
6.50032
6.35875
6.21990
6.02170
5.94663
6.02747
6.07557
7.00168
5.93788
6.66787
6.44493
6.12553
6.10183
7.08250
6.55418
6.71545
6.21935
5.22120
6.16697
5.95253
5.80828
6.11980
5.32968
5.57862
6.14740
5.87553
6.91553
6.50047
6.95830
6.62465
5.95233
5.69750
6.39793
6.31422
6.54673
6.76987
6.36217
6.34155
6.70748
5.63057
6.77163
5.95217
5.64045
5.80130
5.46208
5.77235
6.60670
5.03633
6.80847
6.44840
5.32822
6.17785
5.41428
5.88397
5.74505
5.05847
5.99388
5.29382
6.83453
5.85225
6.22408
5.57652
6.87092
5.72105
5.80157
6.65355
5.83978
6.10027
6.39102
5.99622
6.13025
5.87003
6.10267
5.42377
6.14668
6.59402
6.46728
6.04432
5.32973
5.69425
6.10278
6.48482
6.08712
4.63375
6.25563
6.33062
5.38578
6.87800
5.80313
5.89293
4.92515
5.62725
6.22535
6.39867
6.13387
5.79797
5.43000
5.68562
5.36140
5.32555
6.14367
5.72108
6.40733
7.47528
6.53610
6.72102
6.01103
5.45623
5.67405
5.72602
5.13415
5.98808
6.14768
5.93275
5.61670
5.31758
6.03322
5.72362
6.00847
5.69385
6.44045
5.84253
6.34958
5.85650
5.82437
5.84240
6.25183
5.66448
5.51907
7.05833
5.62105
5.40852
6.03695
5.58280
6.44487
5.82125
5.08367
5.47882
5.72002
5.58998
6.50502
6.02835
5.50530
5.35310
5.59703
5.91548
6.03667
5.30758
6.28690
5.98452
5.63558
6.66782
6.14817
5.87397
5.74910
6.45285
5.85965
6.29277
5.76708
5.86443
5.49102
4.92238
5.10378
4.70895
5.52127
5.10207
7.07425
6.39078
6.04332
5.17555
6.19678
5.64940
5.58923
5.14565
5.42238
5.70223
6.25847
6.20192
5.61772
5.04835
5.03128
5.57972
5.53142
6.16258
5.93610
6.14240
4.99857
5.69642
5.66985
5.68640
6.33483
6.14833
6.09587
5.91118
5.39448
6.34410
5.79648
5.55402
5.87498
6.21760
5.21142
5.73875
6.53478
6.12598
5.09195
5.72157
5.21302
5.48547
4.54805
4.79567
5.66923
5.62850
5.79568
6.75208
6.17615
6.43430
6.73008
5.81722
6.31885
6.58410
6.05092
6.35043
5.96955
5.77952
6.13358
5.19297
6.13812
5.53792
6.24482
5.70017
6.14203
6.45487
6.30132
4.99388
5.43655
5.88537
5.41825
5.89540
5.17467
5.07935
4.50917
4.64120
4.50077
5.95783
6.10195
5.03523
5.99158
5.28930
5.79652
5.90572
6.58430
5.34868
6.47720
5.90252
5.08883
5.87335
4.88278
5.79187
5.05923
5.63358
6.09625
5.10912
5.47992
5.45933
5.45643
5.41775
5.79045
5.51213
5.96988
4.90493
5.49237
6.84000
6.03320
5.58810
6.44620
6.15288
5.41380
6.69903
5.61547
5.62682
6.30038
5.54220
7.01698
6.08967
5.51257
5.72458
5.65208
5.18133
5.35067
6.59092
5.68897
6.39872
5.18172
5.79413
6.39398
6.23830
5.26540
6.36878
6.04933
5.85698
6.05138
5.73478
5.80575
5.75275
5.23630
5.86415
5.06292
6.85530
6.64157
5.20578
5.18245
5.72243
5.78538
5.60243
6.00932
5.37385
6.30735
5.28903
5.80220
5.94087
4.99653
5.57445
6.10415
6.19733
5.77483
6.40245
5.12305
5.26485
6.32368
5.11185
5.10553
5.62487
5.92765
5.26912
6.59797
5.42243
5.10127
4.28962
5.67003
5.83553
5.43492
5.46477
6.24218
5.86923
5.42990
5.22310
5.09185
5.65557
5.72225
5.24230
5.54553
5.54438
5.44580
6.74398
6.18303
6.05057
6.08370
5.95477
5.59468
6.20292
5.89538
6.44803
6.54998
4.72395
5.02447
5.79557
5.74342
6.36557
6.07868
5.94040
5.79470
5.57920
5.33553
5.19942
5.08380
5.51073
4.91533
6.18547
5.08777
5.69573
5.32180
5.35797
5.75910
5.60150
4.94200
5.16915
4.92887
5.79278
5.15443
5.74380
4.91183
5.85930
5.43673
6.25467
4.97422
5.29905
5.57505
6.44105
5.33007
5.41723
5.84483
5.52932
5.80950
5.43755
5.73898
5.72268
5.32710
5.44392
5.03830
3.87387
5.68387
5.65467
5.73045
5.93490
6.04487
5.17762
5.72533
6.39857
5.73208
5.08322
4.71915
4.99008
5.56225
4.83815
5.43385
6.09765
5.76217
6.04810
5.61493
6.10242
6.26730
5.44012
6.40855
5.95367
5.84937
6.17772
5.37077
6.63733
5.13363
5.98515
5.98252
5.73575
5.53247
6.41237
5.84440
6.02378
6.07302
6.01107
5.79083
5.90848
6.72665
6.43005
4.65515
5.54310
5.07292
4.98867
6.59347
6.04165
5.51050
4.72358
5.66697
5.41182
6.42468
6.39018
5.22208
6.36373
5.24953
5.29330
5.79835
5.59448
5.70485
5.39663
5.81880
4.97720
6.33735
5.29160
6.08945
5.28285
6.00107
4.67253
5.67575
4.61292
5.59260
5.64613
4.47447
6.50585
5.34865
6.38533
5.24228
5.25855
5.39903
5.37827
5.01983
4.92962
5.09122
4.91695
6.17730
4.62813
5.97593
5.78187
6.25717
5.34888
5.25185
5.37992
6.37885
5.88433
5.03382
4.73755
5.79463
5.54273
5.61535
5.28898
5.44287
6.21293
4.94137
5.82310
5.43798
5.48970
5.21018
5.52555
5.31832
5.37788
5.16207
5.65948
5.77443
5.72562
5.47082
5.99033
5.55198
5.73507
6.22353
5.09320
5.66628
5.00377
5.62375
4.94235
5.30893
4.76407
5.37357
5.61585
5.86598
5.74848
5.76657
5.72767
5.13735
5.58193
4.71467
5.14202
5.90412
5.56188
7.15943
5.40280
5.96763
5.04232
5.50717
5.66080
5.47625
5.05960
6.00480
4.67598
5.11423
6.03738
5.03283
5.18160
5.14752
5.15678
4.96602
5.57783
6.17377
4.86792
4.91807
5.06433
4.33635
5.39382
5.31565
5.00163
4.40682
6.33662
5.07722
5.64487
4.33103
5.42217
4.20155
5.30930
4.91718
5.61505
5.05050
5.72600
5.57625
5.35772
5.83358
5.30572
4.67613
5.13098
5.67190
5.59117
5.97985
6.10652
5.60755
5.70392
6.29823
5.04463
5.71215
5.73992
5.33098
6.70142
5.83237
5.78217
5.05272
4.92422
5.33370
4.88405
5.87943
6.03785
6.40595
5.60760
5.05312
5.38190
5.24982
5.70203
5.09940
5.59327
6.17825
6.68173
5.38747
5.39923
4.79618
5.05697
4.91823
5.87147
5.38710
5.96310
5.69562
4.78160
5.45575
5.08732
5.45945
5.56107
4.82158
5.03730
5.45893
4.70758
5.72515
4.51067
5.55187
5.62250
5.19287
5.46702
5.29067
5.83790
5.52937
5.37202
4.84862
6.35415
7.04488
5.19267
5.15653
5.15980
5.84295
5.87995
5.79830
4.72002
5.92632
5.96398
5.61645
4.87810
5.86938
5.13522
5.35760
5.42072
5.93353
6.81223
5.32375
5.23967
5.81397
5.29107
5.12588
4.87957
4.78775
5.69268
6.27210
5.47893
4.74262
5.34073
7.09158
5.30292
5.31217
4.70802
5.74290
5.04053
5.46310
5.15235
4.82488
5.41965
5.20155
5.08893
5.12512
5.26868
5.74078
5.26727
5.45187
5.01530
5.54590
5.05417
5.01060
6.00178
4.80120
6.04647
4.49050
5.79203
5.72938
5.38695
5.84987
5.12643
5.16868
6.17927
4.90310
5.84583
5.21705
5.87900
5.48485
5.96750
6.51477
4.80463
5.22072
5.08558
5.49157
5.40968
5.28988
4.94797
5.08598
5.40667
4.88670
5.92273
5.58118
5.68468
4.98825
4.78765
5.01487
5.70403
5.50135
5.29855
4.37047
4.30608
4.88090
5.58520
5.11508
5.62613
5.17800
5.85158
5.24737
5.01968
4.86242
5.65517
5.60648
5.04522
4.50968
6.49553
5.38850
5.52275
6.02580
5.44503
5.61143
6.36513
5.58620
5.05613
5.50533
5.56637
4.10583
5.10630
4.76125
5.19825
5.49562
5.01800
5.16980
5.30910
4.53362
5.39263
5.59973
5.52148
5.16857
5.71773
5.58628
5.74690
4.83442
5.17577
4.59380
4.03013
4.84875
4.71172
5.21000
4.72367
5.46538
4.98178
5.99233
5.34522
4.23127
4.72967
4.94357
5.18068
5.30512
5.02585
5.17262
5.92965
4.10847
5.88292
5.00008
5.97473
5.44565
6.61047
5.96820
4.95447
5.04912
4.76808
5.29452
5.45643
5.34073
5.13082
5.72213
5.73718
5.22527
5.48982
5.43797
5.56312
5.16723
5.77248
4.21285
5.51880
5.38498
5.27035
5.59052
4.43287
5.07502
5.56640
4.90180
5.27092
5.90330
5.72802
5.24880
5.22422
5.80340
4.13937
5.58638
4.73977
5.24462
4.97412
5.40983
4.80613
5.21262
5.46592
4.60022
5.39590
5.09990
5.49540
4.96573
4.83770
5.22603
5.75207
4.44373
5.39795
5.23713
4.73455
5.52722
4.31425
5.27048
5.63328
4.16268
4.55857
5.34555
4.48130
4.53353
5.12415
5.12328
5.97973
5.02873
5.29177
5.20468
5.09147
4.74640
5.47595
5.19765
6.01217
5.42758
4.95520
5.46155
5.27718
5.53638
5.54177
5.05625
4.98148
4.42003
5.30957
5.47088
5.15585
5.04545
5.09285
5.25317
6.06765
5.85365
5.71280
5.52992
4.24973
4.83350
4.32623
5.27710
4.78165
4.81182
5.27183
4.81725
5.69323
4.21205
4.97830
5.40382
4.74192
5.91765
4.52335
4.32440
5.19810
4.99352
5.18380
5.96217
5.37338
5.68992
4.96390
4.76085
4.84995
5.07265
5.39037
4.53975
4.97233
4.55767
4.72143
4.92822
5.60147
4.81385
5.54577
5.34560
5.14363
5.34483
5.13575
4.72417
4.54473
4.45602
5.02208
5.12477
4.81387
4.47130
5.17070
5.19585
5.18908
4.95473
3.76865
4.47715
4.52337
4.42360
4.50243
4.59090
5.90837
5.20770
4.71092
4.51818
4.62615
5.03612
5.25573
5.93723
5.18270
4.75750
4.99275
4.98387
5.25522
4.91242
5.25375
4.96723
5.01973
4.57758
4.42298
4.94648
5.33517
4.88832
5.16537
5.08050
5.86115
4.94543
4.59250
4.03987
5.03307
4.68213
4.87975
5.68120
5.09193
6.08443
5.40033
5.80653
4.82653
5.13522
4.46352
5.19695
4.70380
4.95575
4.66718
5.30485
4.59762
5.32927
4.91667
5.48343
5.00188
5.55857
4.50232
5.17793
5.33623
6.04360
5.40902
5.72513
5.59808
4.64707
5.86312
4.91050
4.86582
5.05438
5.17985
6.01985
5.03973
4.32370
5.33315
4.78693
5.07392
5.14250
5.59502
4.60220
4.98805
4.69148
5.15193
5.66760
5.54273
5.75548
5.52968
5.07500
5.73247
4.55228
5.31482
4.80945
5.82005
5.34282
5.36953
4.75925
6.39825
5.22085
4.92350
4.61310
5.35160
4.58038
4.47727
4.73400
5.08713
4.15800
4.07233
4.42605
4.29033
5.13288
5.52350
5.74322
5.01517
5.42163
5.09928
4.03400
5.41648
4.78470
4.61950
5.73177
5.58933
5.06243
4.91252
4.78187
5.99452
4.94248
5.11175
5.08732
5.37262
5.61967
6.35817
5.02057
5.19107
5.69615
4.06642
4.62402
5.08735
5.17863
5.09618
4.66328
4.45983
4.38985
5.83550
4.36977
4.98135
6.36143
4.65118
5.91582
5.27088
4.92190
5.43915
4.69998
5.46960
4.92408
5.23942
5.13125
5.14887
4.99822
4.26843
4.59938
5.27262
4.64833
5.31690
5.61902
6.11472
5.00267
4.94607
4.54327
5.31263
4.64362
3.82885
4.97097
5.13503
4.71092
4.67298
4.70698
5.01895
4.80680
4.72653
4.70410
4.12362
6.23313
4.67397
6.05403
4.77693
4.89462
5.19838
4.35090
4.82868
5.20985
4.64543
5.49607
5.62075
5.51070
5.89912
5.34958
5.16277
5.77192
4.68657
5.96425
4.71928
4.97388
5.89532
5.36803
5.36762
4.48117
4.46288
5.22722
4.37003
4.64462
5.20583
5.14475
4.49897
4.44232
5.08183
4.79448
4.81762
4.54885
4.68768
4.06208
5.16468
4.72625
4.26862
5.44765
4.63533
4.71985
4.48290
5.34597
5.25578
4.70362
4.76910
5.05423
5.89557
4.58507
5.11017
4.97373
4.76965
5.01233
5.66707
4.60243
4.84937
5.57110
4.63238
5.27162
4.76783
4.14495
5.50297
4.58212
5.29623
4.40490
4.58240
4.94533
5.06035
4.70765
4.76077
4.98918
4.79952
4.65258
4.71608
4.73562
4.57178
5.30933
4.66970
5.27238
4.87082
4.89518
4.92095
5.02952
5.23595
5.33430
4.55222
4.58532
4.87252
4.45268
4.41355
4.73523
4.29793
5.12640
4.05568
5.04412
5.85075
5.48055
4.92615
5.10337
5.35742
5.42352
6.30343
5.27697
5.14455
4.60692
5.33200
4.38070
4.64123
5.09625
4.79303
4.96958
5.42780
4.98483
4.38057
5.11003
4.76838
4.76648
4.22657
4.38835
5.23503
5.23807
5.09833
4.74825
4.36448
5.55885
4.91878
5.16105
4.69340
4.74672
5.16333
4.75297
5.93448
5.37615
5.48768
4.83342
4.29577
4.44790
4.59587
4.35257
5.09190
4.66298
5.45357
5.19835
5.06593
5.61530
5.06085
5.34795
4.68925
5.22360
5.65128
4.71768
4.50712
4.78658
4.42720
4.72948
4.86043
4.79613
4.91240
4.60548
4.97523
4.37627
4.24440
5.38362
5.33965
5.02850
5.10385
4.06327
4.73297
4.79392
5.23497
4.38275
4.42878
5.13142
4.73207
5.19577
4.70367
5.69512
4.71392
4.92835
4.99007
5.76467
5.22742
4.81883
5.41578
4.69983
5.10922
5.00105
4.16283
5.54267
4.26818
4.64462
5.41453
5.09737
5.99865
5.14910
5.29033
4.95857
5.41007
4.35223
4.53205
4.74460
4.72182
5.15552
4.98672
4.83933
4.78560
5.11608
5.28437
5.61975
5.38262
4.69555
4.41312
4.53648
5.48883
5.24633
5.27133
5.03278
4.80717
5.08243
5.36792
4.64430
4.99158
4.96945
4.17447
4.44713
5.79468
4.84908
4.95658
4.96808
4.72723
5.59482
4.78000
4.60127
5.25912
4.18655
4.37355
4.69873
4.63255
4.66365
5.50843
5.31830
5.00248
4.86457
4.93372
4.49682
5.45808
4.32060
5.67498
4.82082
4.35872
5.01555
4.29415
5.07897
5.09585
5.05835
4.58905
5.31720
4.55187
5.16993
5.09025
5.16307
5.27965
4.27102
4.10147
5.56648
4.52565
5.45350
4.27557
5.15300
5.50263
4.14197
5.48195
4.80942
4.89603
4.64103
4.66243
5.33178
4.86702
5.73155
5.94835
4.75153
5.41102
4.83210
4.76892
4.26388
5.26802
5.09313
5.69567
5.67120
4.51142
5.44243
5.28928
4.58408
4.50495
4.98947
5.36013
4.88442
5.32490
5.20370
5.20637
4.61617
5.45840
3.92237
4.82742
4.33818
4.77912
4.26228
4.81042
5.18943
5.17985
4.01912
3.97598
4.36362
5.30385
4.73452
5.56133
5.03745
4.67032
4.89342
4.89585
5.32368
4.29802
4.93665
4.24315
5.49693
4.62747
5.49525
4.27763
4.89638
4.38665
5.49398
4.19778
4.77932
4.82015
4.49250
4.54620
4.43867
4.63065
4.45603
5.50990
4.50660
4.94678
4.83308
4.15175
5.21427
4.68387
4.85238
5.66277
4.17163
5.09485
5.01508
5.09353
4.34100
4.89357
5.12247
5.88150
4.89120
5.04850
4.52458
4.48310
5.27900
4.32463
4.91622
4.48012
4.94662
4.37623
4.59695
4.31110
4.56747
5.25798
4.67287
4.47487
4.47547
4.42537
4.82952
4.93365
5.07267
4.52303
5.13925
4.23085
5.31102
5.81377
6.25353
4.81105
4.71315
5.41225
5.00778
5.37392
4.69545
5.35465
5.07877
3.79385
5.01357
5.27972
3.84223
5.03578
4.31927
4.47355
5.02387
4.89010
4.39008
4.34722
4.49370
4.63978
4.41813
5.17853
4.43948
5.12387
6.41275
3.81395
4.79728
3.74367
5.29828
4.84807
4.68942
4.28133
4.72485
4.91752
3.95025
4.79818
4.48938
4.91985
3.89075
5.06997
5.18478
5.06670
4.70280
5.39122
4.98152
3.75155
5.07435
4.25528
4.64042
4.30463
5.04455
4.45690
4.46787
4.77427
4.85105
4.59185
5.21947
4.49577
4.68287
4.57155
5.18015
4.53838
5.27577
4.46318
4.02492
4.09763
4.44710
4.86805
4.69377
5.65617
4.48562
4.26002
5.30563
4.23477
4.55267
4.96438
4.66812
3.97253
4.45267
4.63642
5.15828
5.07745
4.64988
4.68143
4.63477
5.09488
4.28920
4.67997
4.91977
4.91185
3.77177
4.54348
5.02350
4.75210
4.40517
4.47813
4.01810
5.59028
4.81947
4.97888
5.46330
4.33338
4.72267
4.57377
5.43750
4.93847
4.79992
4.75477
4.46678
3.84488
4.92178
5.49472
4.69123
5.25538
5.50528
5.49673
5.09428
5.43447
4.57742
4.91000
5.51327
5.26092
4.40748
4.54963
4.04998
4.42008
4.54522
4.85850
4.24282
3.73148
4.80623
4.62493
5.50655
5.39253
4.75767
5.22900
5.22260
4.72103
4.42897
5.26020
4.47475
3.86913
4.57485
3.83977
4.44845
4.97838
5.47410
4.88020
5.25160
4.61723
4.56140
4.11323
4.34398
5.16842
5.05285
4.91072
4.55337
5.61907
5.27160
4.76070
4.96080
5.05307
4.58718
5.04613
4.51743
5.22625
4.44285
4.50162
4.41998
4.51078
4.96443
4.62537
5.00415
5.20322
4.99172
4.98817
4.47267
4.71942
3.71497
5.68563
5.22972
4.74917
5.02790
4.86993
4.41405
5.86225
4.02227
5.24142
3.73200
4.73773
4.48332
4.08492
3.73282
4.93458
4.82552
4.76857
3.90330
4.64917
4.43670
5.29460
5.17498
4.58785
4.04102
5.08325
4.89643
4.53437
3.82967
4.46107
4.09342
4.69865
4.75030
5.02410
4.08265
5.13537
4.51985
4.97033
5.21835
4.99657
4.89605
4.85927
5.20170
5.10115
4.39768
4.70320
4.48082
4.79393
4.67103
4.31898
5.53190
4.68582
4.36988
4.90512
4.59508
4.35002
5.28840
5.01640
5.19170
4.50055
5.53390
4.51320
5.29370
3.66762
5.56805
4.68678
5.00133
4.68817
4.55013
3.98083
5.43672
4.77483
4.20617
5.31483
5.13978
5.27820
5.02468
4.38785
5.11917
4.58923
4.47585
5.28100
4.68992
5.41773
4.47097
4.45868
5.23623
5.06110
4.68432
5.11642
5.19160
4.76817
5.09367
5.10662
4.35633
5.08093
4.23152
3.62090
4.31335
3.93815
5.20710
4.66750
4.35648
3.97083
4.63033
4.27535
3.79800
4.47465
4.88040
4.83472
4.80388
5.09862
5.86663
4.53000
4.91233
4.23928
4.59650
4.80473
5.03830
4.50673
4.99522
5.15027
4.54098
4.96723
4.49658
4.03952
4.10873
4.65102
3.96872
5.43575
4.08063
5.50962
3.65898
4.71803
4.61218
4.64255
4.20123
4.30255
5.30728
5.06443
4.69622
3.77243
3.75935
4.47558
4.15368
4.90827
3.90158
4.71828
5.22487
5.01962
4.77303
4.24368
4.87708
4.76638
5.19267
5.11360
5.11637
4.61343
5.13167
4.53652
4.67457
5.09905
4.98557
5.04518
4.92920
4.74308
4.31405
5.06682
4.38012
5.16828
5.18627
5.78658
5.19668
4.40962
4.80590
4.80563
5.90288
4.74593
4.53232
5.44508
4.62140
3.46605
4.33760
4.47473
4.62273
4.07827
4.05498
4.36158
5.15848
4.94025
4.30442
5.19180
4.57845
4.49323
5.14908
5.05108
4.37177
4.06580
4.76375
3.81567
4.89982
4.61885
4.27830
3.54058
4.01205
5.47690
4.27093
4.42170
4.11452
4.39325
4.66082
4.27340
4.92277
4.74988
4.18833
5.16272
4.09587
4.61047
4.34900
4.27772
5.12507
3.96640
5.34657
4.90637
4.20668
4.61547
4.36080
3.66937
4.54322
3.57593
4.88557
4.66182
4.21287
4.74050
5.11753
4.56998
4.89108
3.98728
4.70030
4.94155
3.99348
4.37185
3.90368
4.30633
3.80093
4.17750
4.98115
5.15238
4.65907
4.29103
5.29302
4.71600
5.47812
5.41098
4.19277
4.85267
4.66107
4.97393
4.33338
5.40865
4.15437
4.49335
4.48945
4.44707
4.77518
4.60755
5.60703
5.00498
4.70898
4.18463
4.18387
4.50353
4.70222
4.31138
5.04330
5.50818
5.00203
4.92280
4.26415
4.09245
3.97580
4.41023
3.65348
4.89837
4.65733
4.25170
4.90927
4.43670
5.05517
4.35420
5.00615
4.58577
3.98715
4.44613
4.01315
5.24955
5.01593
4.18515
4.89832
4.98485
4.99943
5.08068
4.81503
4.45150
5.02967
4.49880
4.30833
5.17013
4.76188
4.04963
4.51340
4.65225
4.26198
4.44938
4.58217
5.15602
4.08580
4.43947
4.00282
4.67323
4.41210
4.63608
4.84952
4.93955
4.30320
4.43420
4.60920
4.86823
5.30877
4.86887
4.63492
4.97442
4.33385
4.31405
3.62495
4.65577
4.85043
5.23495
4.03082
4.17138
4.31187
4.67100
4.82718
4.97932
5.17432
3.85852
5.16887
4.76788
4.66600
4.70887
4.20057
4.84613
4.87233
5.01595
4.04492
4.92028
4.18025
4.56495
4.83992
4.29080
4.77075
4.23403
4.85268
4.33887
4.48488
4.66962
4.52392
4.00225
3.71460
5.00068
4.55300
4.50972
5.31132
5.26065
4.37432
4.04883
4.16075
4.62382
4.70018
4.94648
4.42957
5.31058
4.20818
4.88377
4.44143
4.77172
4.74157
4.36202
4.71983
4.56720
4.90145
5.10722
4.83733
4.93382
4.57608
4.69760
4.85747
4.93018
4.02463
4.05408
4.21300
4.27515
5.51185
5.33972
4.17855
5.49705
5.10060
4.21445
5.64457
4.31393
4.32342
4.19003
4.36077
4.65783
4.82720
4.11213
4.70267
4.26960
4.72815
4.40088
3.92837
5.02593
4.36585
4.12740
5.24177
4.63662
4.73920
4.82062
4.27487
5.02627
5.07152
5.70452
4.42552
4.50672
4.88673
4.83885
5.08348
4.04665
4.49333
4.76352
4.53847
4.38612
3.99110
4.80143
4.55828
5.35442
5.60565
4.37703
5.13923
5.21545
3.95277
4.43683
4.53012
4.25223
4.60017
5.43148
4.51313
4.56522
4.29485
5.00280
5.03575
4.08508
4.32823
4.71775
4.80402
4.39538
4.37523
5.01190
5.27108
4.14328
4.59905
5.25433
5.16547
4.47173
4.66282
4.69107
4.60572
4.39928
4.27030
4.02807
5.23577
5.10965
4.82593
5.71930
5.31038
5.18090
3.61423
4.62330
3.63928
4.65613
4.79670
5.31118
4.15387
5.36933
5.39652
4.28368
4.57938
3.92342
3.86623
3.91993
4.22598
5.26108
4.48697
5.28908
4.96557
4.88055
4.87252
4.58610
4.89905
5.44717
5.07705
4.81197
5.16487
4.88247
5.31413
4.32485
4.87888
3.55515
4.77082
3.97715
4.00550
4.53520
5.04780
4.17897
4.34118
4.79002
4.37533
4.03423
3.62263
3.84063
4.59750
3.84675
4.68410
4.42617
4.39892
4.53475
3.28878
4.32582
3.96970
4.97488
3.72267
4.49242
4.83367
4.21240
5.38988
5.23478
4.95167
5.07285
4.20918
4.18863
4.41775
4.56765
4.95422
4.13575
4.10097
4.34500
4.61433
4.50355
4.58227
4.09122
3.83800
4.92072
4.60778
5.04262
4.88725
4.48428
4.77022
3.96907
4.04347
4.59798
4.82857
4.29188
5.07408
4.44088
4.61282
4.87715
4.54613
4.27615
4.11718
4.14333
4.83812
4.78735
3.98603
4.64827
4.42790
4.78030
4.62222
4.45768
4.62270
4.15012
5.03083
4.84375
3.57477
4.95145
3.65373
4.86118
4.75223
4.76530
4.60758
4.36543
5.03525
4.72935
4.70180
4.41528
3.65792
5.11242
3.96210
4.55292
4.32022
4.91022
3.94207
3.87382
4.21223
3.70918
4.25852
4.44123
4.18462
4.72383
4.94733
5.11912
4.95803
5.19622
5.26743
4.67337
4.70515
3.92783
4.30270
3.16500
3.94173
4.37747
4.51953
4.70657
4.38312
4.55442
4.75597
4.91912
4.62577
5.04312
4.62265
4.94658
4.67730
3.86505
4.29815
4.18412
3.71303
4.11008
4.55137
5.01833
4.24615
4.50417
4.51432
5.14408
4.30538
4.40812
4.79683
4.64713
3.89250
4.91377
4.09738
4.80763
4.87838
4.79283
4.44347
4.66603
4.19848
4.50347
4.56400
5.47565
4.48802
4.86687
4.52708
4.17650
5.04058
4.31475
4.10930
4.15642
4.92793
4.50235
4.65297
4.45942
4.70350
4.42672
4.45355
4.56493
4.72918
4.17205
4.69268
4.80170
4.71510
5.15868
5.70888
4.41627
4.42633
4.32417
4.54367
4.30197
4.11357
4.64270
4.71635
4.79387
4.37828
4.43803
4.60943
4.61002
4.44688
4.45623
3.95440
5.10112
4.62772
4.32507
4.84928
3.89610
4.59402
3.62400
5.05775
5.03557
3.77977
4.70753
4.26322
3.60607
4.42153
4.30082
3.89972
3.93713
4.78372
4.03588
5.19895
4.82378
4.08143
4.43132
4.63302
4.27775
3.87528
4.55555
4.25648
4.68517
4.41330
4.54513
4.37413
4.51777
4.09265
3.99400
4.56690
4.03557
4.16203
5.66837
3.88240
4.47233
4.56420
4.14212
4.29452
4.41433
4.83770
4.13175
4.80560
4.66765
4.63598
4.30738
5.06572
4.52998
5.18397
5.53700
3.89150
3.83190
4.24795
4.47520
4.78002
4.52703
4.49902
4.65150
4.47250
5.00242
4.55337
4.74358
4.11970
4.19985
4.27150
4.71402
3.72120
5.20742
4.23977
5.41593
4.56005
5.29643
3.92765
4.24498
4.84552
4.19302
4.21470
5.36912
4.71518
4.82558
4.50567
4.66310
4.56828
5.23312
3.87640
4.18635
4.05208
5.00205
4.89610
5.37242
4.62608
4.42547
4.06370
3.99340
3.77338
4.85578
4.42012
4.25433
4.15398
4.30588
5.07565
4.72263
4.65447
4.88620
4.04822
4.42353
3.82982
4.42482
4.06757
4.07762
3.54570
5.32108
4.64982
5.48537
3.84290
5.11467
4.81188
3.78068
4.01017
4.82215
4.76948
4.93088
4.26288
4.00598
3.90542
4.40628
4.44557
4.40573
5.21883
4.10760
4.83145
4.68515
4.58455
3.83657
3.99543
4.68715
4.95773
4.14907
4.56038
4.38105
3.75852
4.73632
4.49863
3.83522
4.73023
4.36103
4.04573
4.17050
4.58115
4.19212
4.87862
4.35900
4.46033
4.40123
4.36070
4.63885
3.57093
5.85347
4.22438
4.24837
5.21468
5.15262
4.14665
5.32718
4.36057
3.87883
5.18878
3.93967
5.19103
4.93055
4.14095
4.56642
4.41152
4.54197
4.23100
4.17447
4.75313
4.60388
5.47765
4.68022
4.36682
4.16858
4.36772
4.28583
5.13327
4.04940
5.27990
4.23667
3.97402
3.74343
4.05473
4.45398
4.03788
4.24650
4.43225
3.93495
4.55047
4.55555
4.74317
4.30685
3.81507
4.51990
4.22038
3.87673
4.45162
4.34545
4.36103
4.84672
4.59873
4.10255
4.36965
4.49127
5.30025
4.26958
4.74792
5.45457
4.75292
5.10192
3.97863
4.02390
3.96720
4.66442
4.52653
4.14462
4.83233
4.58447
4.11680
4.51955
4.90392
3.97892
5.04048
5.55145
4.21067
4.70598
5.00222
4.67758
4.61092
4.48390
3.78342
4.45353
5.16098
4.41875
4.42040
4.67805
4.54105
4.42003
3.75448
4.84468
4.27767
4.48097
4.37567
4.65285
5.83442
5.33352
4.61808
4.47465
4.37732
4.64047
4.72443
5.02680
4.69162
4.52873
4.22898
4.78623
4.76170
4.84980
4.12970
4.59447
3.76553
4.33010
4.12318
4.63725
3.90067
4.99217
3.86055
4.38715
3.96533
4.68310
4.92217
4.80128
4.81227
4.26732
4.40532
4.24562
4.56295
5.03028
4.54522
4.54258
4.03090
4.04707
3.97275
4.91620
4.21978
4.01007
4.89945
4.92942
4.20775
4.56388
4.91900
4.95360
4.99173
4.87665
4.47518
4.89025
3.73332
4.93662
4.65303
5.25223
3.88385
4.05957
4.01393
5.02658
3.97812
5.08557
4.44240
3.94148
4.42975
4.52735
3.70577
4.07952
4.33915
4.70420
5.14393
5.20010
5.11645
4.29020
3.78083
4.67540
4.46367
4.56182
5.12808
4.18772
3.99792
3.78162
5.02597
5.20587
4.75072
3.50963
4.16233
4.84678
4.46965
4.15945
4.57935
4.36177
5.07995
4.55043
4.12990
4.42822
4.46912
4.67475
4.05287
4.76652
3.76690
3.26553
4.78260
4.08083
4.03733
4.06012
3.83577
3.54018
4.91893
4.00855
4.02313
4.34440
4.22738
4.58090
4.62642
4.21082
5.09545
3.67260
4.30227
3.98842
4.38515
3.97460
5.35903
4.40408
3.47588
3.99480
4.64468
4.19307
4.40592
4.68777
4.37850
4.37008
4.68388
4.04633
4.48055
4.12855
4.37553
4.35817
4.21853
4.31172
4.79868
4.48688
4.18985
4.24133
4.46562
4.89950
4.39602
5.08888
4.20353
4.36905
4.07578
4.96945
3.85563
4.46145
4.69780
4.72980
5.36747
4.28272
4.87678
4.14700
4.14728
4.76390
5.01213
4.66142
3.79960
4.42852
5.07383
5.41110
4.24993
4.17800
3.89860
4.71780
4.04655
4.40423
4.90753
4.80528
4.29780
4.69452
3.92837
5.04565
4.17898
4.46898
4.70997
3.85912
5.00322
4.20638
4.16945
