22.57933
23.01212
23.00810
24.40438
21.08310
23.79710
23.36237
22.04090
22.90982
22.55502
22.16168
23.30305
22.57138
22.58408
22.38797
23.03095
21.83752
24.12492
21.43227
23.25838
24.20520
21.79438
23.26653
23.32312
23.76467
23.46447
23.91828
23.00385
23.69280
22.26838
23.79288
22.36490
22.49957
23.51587
22.61192
23.66048
24.50440
23.84657
23.38028
23.04870
22.03392
22.69412
22.10575
23.20775
23.64877
22.68723
23.78962
22.61312
22.46237
22.79292
23.00657
22.32965
23.06183
22.88098
23.83902
22.75978
23.61132
24.24987
24.06805
23.00987
23.10792
21.67693
23.45215
23.91488
22.49863
22.77080
23.39258
22.99368
22.57807
23.56853
22.41808
22.90192
23.93818
24.06882
22.17160
23.32612
22.33402
22.85382
23.35267
22.31047
24.71582
22.49800
22.98980
23.90768
23.56547
22.47892
23.38763
23.03333
22.29558
23.23407
24.51903
22.96360
22.96318
23.27462
23.11882
23.35282
22.54120
24.06148
23.52540
23.02260
23.26403
23.05202
23.76543
23.38182
23.74923
22.92725
23.92857
22.71065
22.42547
24.36012
23.40415
23.77023
22.33382
23.39855
22.84712
22.63183
22.87045
23.70445
23.08035
22.85905
23.62153
24.00253
23.99485
24.50950
23.54418
22.89047
24.00838
23.76467
23.38023
23.91993
23.48517
23.74157
23.27713
23.33268
23.58843
24.20282
23.05223
23.28885
23.09792
22.77145
23.51668
23.08222
23.82930
25.09122
24.44105
23.13805
23.73135
23.19318
22.91813
23.90533
24.15403
22.75828
23.85388
22.16355
22.56038
21.66272
24.12013
23.25633
23.68835
24.22645
23.60082
24.45677
22.88660
24.05638
23.39098
23.82163
23.20083
22.94683
22.87448
23.32593
23.08435
24.36715
23.34338
23.43370
24.11063
23.87362
23.77983
24.03115
23.97570
24.35408
24.68417
22.94282
24.27005
23.19113
24.40963
23.93248
22.84227
23.53905
22.78408
24.30757
23.41108
24.92265
23.33243
23.23703
24.27135
23.88923
23.98333
23.96098
23.04628
22.91495
22.62575
23.77283
23.16118
24.36882
25.02177
23.38495
22.50058
24.48698
24.13122
24.17848
24.10365
23.88202
22.90088
23.90237
24.45368
24.31027
22.42455
23.64927
23.74125
23.80680
23.35358
23.56015
22.62020
23.23593
23.65570
23.75173
23.56355
22.27813
24.44280
23.58487
23.65253
24.01828
24.75993
23.98032
23.01590
23.31252
24.19282
23.09918
23.93740
23.82278
23.35270
22.49670
23.71673
23.52600
23.58395
23.39632
23.66488
24.09445
23.00007
23.59553
22.98702
23.53952
24.16350
23.78975
24.14892
23.35795
23.42287
23.20815
24.07087
24.13842
23.73120
22.48217
23.34857
23.14693
24.86182
23.25097
23.52553
23.17420
23.37573
23.48400
23.70362
23.05947
24.61817
24.41880
23.33497
24.04703
23.28277
22.88223
23.68332
24.41918
24.21458
23.42982
24.97957
23.45627
24.50195
23.40385
22.76297
24.24203
23.57385
23.34528
24.05207
23.99890
23.36537
24.30370
24.07142
23.57700
25.04523
25.28735
23.03948
24.79407
23.80618
24.12317
23.62657
23.00573
23.91930
24.17038
24.49558
23.99152
23.15192
22.94353
23.42335
24.10592
23.76857
24.89907
24.25880
24.01007
24.10960
23.82263
24.04287
22.85342
23.59413
23.82737
24.01310
23.71758
24.53958
24.47552
24.22212
22.92687
23.14398
24.35167
22.42568
23.94802
23.67125
23.55190
24.14892
23.11417
23.55053
23.11928
24.30648
23.86737
23.48715
24.64570
23.16705
23.89208
22.66405
24.17055
24.44955
24.18810
24.04295
22.59480
24.02485
22.78560
23.44393
23.83612
24.03873
24.64250
23.60830
23.71455
25.50542
24.58525
24.14242
23.75097
23.81895
23.10758
23.07050
24.09350
24.22248
24.20162
23.23917
23.50382
23.92520
24.07873
23.06118
23.25822
23.88478
23.32170
23.85363
22.47573
22.68752
23.50318
24.31613
23.13652
23.83738
24.11098
24.04183
23.02345
22.54903
23.60608
22.69088
24.13192
24.31680
24.62548
24.48510
23.12998
24.46590
23.23057
24.35298
23.38437
23.75068
23.56272
23.58982
22.91185
23.64600
22.94910
24.18308
23.31177
24.46748
24.61860
23.50498
23.48178
25.35093
24.38570
23.47433
23.55130
24.33057
23.92610
23.64977
24.09472
23.81225
23.49197
24.69198
23.92637
23.90487
23.84248
23.09773
25.28687
23.95448
23.43998
24.04598
24.34448
23.49465
23.38017
24.81555
23.19893
23.50858
23.78718
23.66277
24.93302
23.70140
23.84398
23.91388
23.40655
23.71590
24.08338
23.35910
23.02685
24.16860
24.53197
24.05115
24.41693
23.88653
24.04490
23.78693
23.97558
24.60973
24.43453
24.89152
24.32317
23.48323
23.73950
24.33312
23.01457
23.39297
23.34657
23.67093
23.93130
22.98092
24.81763
24.99538
23.42618
23.88530
25.13907
23.87048
23.53100
23.74978
24.72033
23.59665
24.35415
23.68978
23.71300
23.29727
23.04672
23.63183
24.32440
23.09705
23.26970
23.80493
22.99528
24.63377
22.89352
24.13922
23.54402
23.52965
24.24763
24.35797
24.00075
23.46528
22.87843
24.03878
23.70233
23.73248
23.80270
23.27667
23.55183
23.79015
23.87677
25.25248
25.27238
25.22125
24.69335
22.97495
23.48273
24.12158
24.75870
23.76125
24.68570
23.93367
23.82510
23.46903
23.67033
24.58568
22.95053
24.05855
23.50205
24.95065
23.57975
24.23902
23.93963
23.78283
23.77873
24.54550
25.00357
23.24472
24.05270
23.63217
23.58735
24.57683
24.38055
24.58502
23.77743
22.84137
23.51693
23.75072
22.96392
24.42283
24.47033
23.70555
24.12018
24.46712
23.35362
23.88732
24.31657
23.88453
24.87370
23.05032
23.38108
24.15737
24.06463
24.03468
23.25435
24.42245
24.01128
24.55840
24.89085
24.56678
23.33795
23.96560
22.66643
22.60165
23.29958
24.20977
23.35203
23.39210
23.57313
24.94650
23.45260
24.62050
24.48205
24.14290
24.25368
24.35403
23.85452
24.39687
23.93272
24.03100
23.94147
24.63607
23.79352
24.10255
23.87678
24.19472
23.59245
23.80712
24.10308
24.22713
24.56458
23.52798
24.44123
24.33737
24.97640
23.41005
25.02363
23.64505
24.13467
23.16133
23.58490
23.58872
25.46645
24.29285
23.74655
24.06782
23.76503
24.37458
25.29485
24.00538
24.35258
24.48808
23.61612
24.13880
23.57607
23.00308
24.55270
23.32480
23.57818
22.58688
22.59385
23.97940
22.84028
22.92415
24.63362
24.43330
22.78063
24.36250
24.84042
23.81530
23.64108
24.32552
23.68818
24.16498
23.42053
22.66115
23.75022
23.63410
25.32168
24.71473
23.88465
23.52858
24.57352
23.88838
24.53032
24.36237
24.21795
23.46735
23.73943
24.19117
24.75973
23.57533
24.08253
24.40878
23.89587
24.98227
25.92955
24.16428
23.81008
24.27000
23.77827
24.90375
22.89707
24.77860
23.50752
23.37562
23.18978
24.88233
24.20042
23.15073
23.89738
23.36663
24.37828
22.56093
23.15302
24.16392
24.87912
24.45408
24.09162
24.74037
23.84367
23.82717
24.33835
24.30767
24.01765
25.23863
24.00910
24.14567
23.61852
23.86795
23.82497
25.15825
23.68447
24.39330
23.36182
24.95478
23.32225
24.18425
24.24005
23.50482
23.37602
24.36933
24.07508
24.72820
23.70020
24.10182
24.16663
23.87588
24.11527
24.36213
24.39053
23.67985
24.48268
24.25757
23.83103
23.98348
24.50985
24.16945
25.06457
24.37588
25.48820
24.49598
23.03385
24.15333
24.20223
25.01922
24.18475
23.36140
24.50492
23.62818
23.24632
24.49790
24.08722
24.14783
23.59733
24.82015
23.38723
23.84975
24.70463
24.27455
25.15753
24.87215
24.32522
24.66425
23.61543
24.15358
23.64143
24.36157
24.37903
24.49257
24.63662
24.71157
23.94255
23.69658
24.23135
25.13908
24.52247
23.86385
24.20637
23.81428
25.71890
23.81423
23.55597
23.60488
23.64742
24.52173
23.84883
24.21487
24.70358
25.29653
22.94945
24.32815
24.60262
25.68758
23.23322
23.88252
25.24860
23.22460
23.63563
24.16243
23.97135
25.47702
25.77272
24.28058
22.66258
23.94695
24.80512
24.15872
24.67858
24.55777
24.63895
24.48627
23.65160
23.66863
23.91878
23.28195
23.78742
23.59677
24.47087
24.00130
23.58083
24.53835
23.58538
24.80583
24.21645
23.93188
22.73062
25.17123
23.73612
23.89818
24.19477
23.67755
24.90025
24.56790
24.65508
24.45392
23.74207
24.23425
24.74020
23.87028
24.46152
24.63787
24.30442
23.76860
23.42420
24.74917
24.49658
24.19732
23.78020
23.08940
23.84507
23.70110
24.27220
24.39108
24.62933
24.86295
24.40113
24.81218
24.48885
23.99013
23.96817
24.17812
23.84493
23.89147
24.14735
23.15983
24.40093
23.50362
24.70332
24.85973
24.81527
24.14545
24.41175
23.90542
23.91747
24.10737
22.95877
25.39422
23.31088
24.11537
24.66838
24.44338
23.97777
23.42143
22.49033
23.66707
23.34662
23.22843
22.81227
23.59980
24.36547
24.50480
24.67748
23.80438
25.30185
23.35690
24.20925
24.24392
23.65447
24.07282
22.76002
23.89493
24.83580
24.64350
23.36135
24.28032
24.08810
23.88325
23.79780
24.84142
22.99655
23.76122
23.61437
23.35752
24.08848
24.72687
23.68805
24.25690
24.52550
23.61443
24.27210
24.57052
24.65922
24.58330
23.81973
23.79822
24.33470
25.45562
24.27313
24.17800
23.16492
24.53368
23.86728
24.95563
23.58485
25.45138
23.31837
24.63947
23.81307
23.28250
24.67940
23.54107
23.88400
25.12793
24.02458
24.57087
25.06850
22.90188
24.53205
23.20220
23.92303
23.89520
24.73580
23.45078
24.71515
23.37512
24.52645
23.13280
24.34123
22.92773
23.47610
24.21788
24.30257
23.91437
24.61675
25.18613
24.38458
22.69067
24.45428
24.75553
24.42487
24.16087
23.35493
23.97708
24.16033
23.78165
24.44863
23.70273
22.70618
23.56943
24.28240
24.38272
23.06200
24.65533
23.70737
24.54370
23.89532
24.50558
23.68497
24.93172
24.87517
24.42460
24.52105
23.63390
23.84963
23.63375
25.71223
23.51760
25.15155
24.26610
24.50335
24.35320
23.15343
24.17510
23.72773
23.88365
24.41298
23.70163
23.43253
24.83430
24.52160
24.45985
23.43385
24.04480
23.84815
24.16895
23.93773
23.71818
24.16238
24.53473
24.33773
24.29612
25.35533
25.60477
24.72345
23.32163
24.55180
23.64677
23.96140
23.57515
24.45230
24.31287
22.92788
23.80152
23.91275
23.74163
23.59330
24.56683
23.68805
25.29443
23.09500
24.16683
23.66413
24.41982
24.65887
24.29217
25.17763
23.02483
24.46760
24.42542
24.66165
23.91053
23.85155
23.80402
23.76022
24.48458
23.25413
24.37475
24.23568
23.80217
23.81895
24.05522
23.49890
24.41655
23.90860
23.40247
24.65672
24.33198
24.33028
23.13537
23.98245
24.02077
23.68400
24.46345
22.63697
24.04225
23.13582
25.15472
24.44120
23.56992
24.04750
23.16667
24.19103
24.32017
23.78730
24.62110
24.11145
23.76888
24.99223
24.69595
24.06767
24.01007
25.18358
23.95197
23.18928
24.35893
25.11773
24.73888
23.54935
23.99538
23.58868
23.43783
23.95588
23.43707
24.81242
24.68760
23.40955
24.88417
24.45133
24.57603
24.39920
23.47528
23.72652
23.97290
23.91392
24.75007
24.19268
25.93468
23.40443
24.63540
23.37003
25.67472
23.72063
23.64872
24.56865
24.33013
24.35057
24.84360
23.41592
24.08057
24.08297
23.28720
23.95450
24.18193
24.76035
23.69210
24.35157
24.15918
23.26888
24.84542
24.25863
25.00107
24.28572
23.95503
23.47227
24.69270
24.11398
24.24292
23.72625
24.23023
24.99778
23.95795
23.53945
23.71045
24.14722
24.53915
23.41180
25.43567
24.02217
24.84485
23.29002
23.16612
23.59830
23.65393
24.15673
24.55165
24.80253
23.87872
25.31227
24.51652
23.25710
24.24337
22.89042
23.19340
23.79030
24.38180
23.77290
25.00158
24.59990
24.95593
23.75010
23.64587
23.82033
23.38757
24.58507
24.48868
23.49270
22.93100
23.70525
24.60398
23.53288
23.72855
24.63765
24.54243
25.57128
23.77233
25.09883
24.38617
23.63272
24.20397
23.48743
23.47742
24.20427
24.39307
24.98458
23.94953
23.96978
23.58173
24.02423
24.34673
23.85700
23.62140
23.76315
24.25525
24.16208
24.33138
23.71668
25.42420
23.75735
24.42738
23.55303
24.12403
23.46263
24.64328
24.01927
24.76493
22.77178
24.23682
24.54802
24.39943
24.13205
22.69142
24.03763
23.70780
24.61245
24.25478
23.40503
22.94385
24.07245
23.94153
22.74723
24.33740
24.34027
24.08918
22.94443
23.32618
23.50702
23.75118
23.54087
23.70662
25.37952
24.83178
24.75268
23.64897
24.02975
23.90878
23.45248
23.94562
23.23632
24.29532
25.04783
24.49625
24.39357
23.81960
24.59390
23.27338
24.30122
23.68458
23.80860
23.34688
25.07893
24.95378
24.54562
23.61353
24.70360
23.88998
24.74022
24.58410
25.02135
24.41287
24.29970
24.70705
24.46812
25.19073
24.75293
24.44765
23.25365
23.97548
24.35207
23.88952
23.66550
23.30912
24.45438
24.43268
24.67413
25.32207
24.11013
23.18943
23.31478
24.62168
23.49440
23.92318
23.41525
24.38912
23.11643
24.32763
23.25988
24.87455
24.00128
23.99532
24.58830
23.19667
25.59585
23.84038
24.19415
24.09653
23.86622
24.82590
24.89773
25.13363
23.72018
24.72885
24.14477
22.68830
24.06175
24.60540
24.70467
24.15750
22.44967
23.63123
24.12745
23.96952
24.89487
24.01363
24.01718
24.24367
23.10547
24.11702
23.50622
23.30465
23.52637
23.30580
24.33188
23.86162
23.96860
23.83747
23.67232
23.71997
24.18732
24.40538
24.49953
23.25905
24.16412
21.98367
24.30045
23.17775
24.98852
24.09285
23.35823
22.93027
24.58137
23.86185
24.42978
24.07710
24.51793
22.38777
23.34493
23.42187
25.05040
23.68208
24.03812
24.71362
23.21860
23.98548
23.45843
23.81365
24.30242
23.88183
23.38770
24.41115
23.78980
23.41517
24.29987
24.37168
23.70822
23.94495
24.59705
23.16967
24.52900
23.75170
23.58677
24.55900
24.69737
23.32955
23.04597
22.93042
25.00677
23.45442
23.78400
23.42067
23.89955
23.38705
23.55793
24.39873
24.19203
24.24133
23.50175
23.06145
23.73868
24.08657
23.65635
24.13603
24.66340
23.25252
23.63422
24.03553
23.68113
23.82323
23.90142
24.78712
23.18567
22.99185
23.06962
23.37575
23.28482
25.28922
23.46953
22.98757
23.92545
23.40735
23.92848
24.31725
24.71047
23.70060
24.17638
23.01340
24.68230
23.52755
23.81762
24.34980
23.92150
23.15990
23.09567
23.53983
22.99308
23.62135
23.58098
23.30700
23.63540
23.40458
23.01463
23.58685
23.45118
23.85732
25.14780
23.43443
23.93605
24.42553
24.10690
23.47495
23.71507
24.63443
24.46142
23.75262
24.43630
24.22873
24.15352
24.08502
24.64443
23.06465
23.43507
22.95670
24.62010
23.88187
23.15483
23.55590
24.13187
24.30130
24.17673
22.77407
24.35762
22.94633
23.58353
23.62115
23.84277
23.67600
23.94357
24.67610
24.84382
25.03815
23.58765
23.43067
23.98153
21.74810
23.27583
22.88753
23.70388
24.30372
23.13523
23.25932
24.38067
23.72865
24.09690
24.90805
24.74137
22.23113
23.29377
24.11155
23.87617
22.75643
23.75778
22.93230
23.63518
22.68902
23.09837
23.70068
22.53512
23.63498
23.57347
22.75738
24.56582
25.39917
24.01787
23.78875
23.36408
25.06828
23.50298
22.14428
23.96948
24.25715
23.50092
23.69675
23.14225
23.82728
23.41995
22.83853
23.60632
24.01070
22.59103
22.83532
22.95045
23.25518
23.69028
22.72287
23.63718
24.01778
23.81817
25.09507
23.29178
23.28022
22.08912
24.02502
23.73062
24.40393
23.67810
23.50197
23.26947
22.34850
23.59522
22.87577
24.05815
23.82322
23.35900
22.65238
23.66033
23.88175
24.42315
23.68315
23.24570
24.57940
22.88810
23.63512
22.99240
23.31507
24.36860
23.75355
23.69975
22.59927
23.83217
24.74735
22.65215
23.23837
23.86512
23.99490
22.55145
23.29763
23.01322
23.38157
23.21735
22.72692
23.13588
24.32148
23.10790
22.40445
23.49643
23.20200
22.96705
21.92072
23.77907
22.03693
22.81663
22.89173
23.44622
22.79777
23.31518
22.59040
23.50883
22.94492
23.44488
24.07862
22.09475
22.86787
22.77225
23.05450
23.80223
22.96483
23.28010
24.01960
23.10725
24.05708
24.72357
23.01028
24.27323
23.05905
24.21998
23.78573
23.40608
24.14738
23.36630
22.91120
23.00752
23.44305
24.74793
24.74682
23.78507
23.61958
23.27080
22.60028
22.71520
24.06755
23.01263
24.76277
23.97263
23.53838
23.13475
23.04617
22.35530
24.14442
23.02143
23.49332
23.35662
22.99825
23.27962
23.11002
22.81593
22.46333
23.68692
23.88043
22.94482
22.74260
23.06117
22.96403
22.48903
23.83327
23.22478
23.37533
21.19910
23.01388
23.85993
23.39115
23.43105
23.04722
23.42873
23.62343
23.62267
23.18530
23.07587
23.55592
24.31753
23.96460
24.70125
22.76555
23.16962
22.63430
21.93580
23.07450
23.11722
23.10308
23.34500
23.39988
23.23487
22.37422
23.32120
22.15272
22.62300
23.10178
21.80412
23.30523
23.94905
22.89012
23.39207
24.28742
23.33592
24.24768
22.68785
22.76752
22.44603
23.46955
23.16968
22.10743
22.70275
22.53127
22.66993
22.66048
22.65387
22.00395
23.63045
22.92973
22.72880
23.20292
23.19275
22.14858
23.04087
23.86495
22.56103
23.76992
23.09305
23.69797
23.25817
21.88713
22.31090
23.07927
21.82282
22.63283
22.32763
23.54280
23.52295
23.10918
23.57897
21.31103
22.80233
22.89260
22.58298
22.55767
22.29087
22.79400
21.45700
22.96923
22.98852
21.39783
23.84892
23.38190
22.21053
22.55523
23.49018
22.42337
22.63477
22.01788
23.88452
22.74567
23.56537
22.72517
22.30448
22.88130
22.62107
23.43703
22.07162
22.75055
22.82217
22.51105
22.27470
21.06107
22.00943
22.55342
22.72008
23.18173
22.88068
21.76527
23.15102
21.49523
22.27422
23.65113
22.22395
23.52050
22.15823
23.52765
23.84780
22.77540
22.35255
23.17663
22.39273
22.53088
22.61342
22.25587
22.42235
22.31698
21.82840
22.93162
23.09617
23.07525
22.63898
23.27278
21.37493
22.68650
21.25992
22.79990
22.09513
22.02125
21.47143
22.50260
21.76512
22.40080
22.74045
22.24847
21.85782
21.61807
21.66290
23.27660
22.06617
20.98328
22.48733
22.68172
23.12478
23.23222
21.94232
20.95853
22.52775
22.42852
23.25605
21.57492
22.15185
21.63215
23.61012
22.82737
20.78822
22.01992
21.74375
23.25835
21.21698
21.75073
22.32692
23.10038
21.20790
21.54028
22.87510
22.40027
21.80898
22.06853
21.89377
22.24680
21.52420
22.31998
21.41780
22.52943
20.94767
22.49388
21.39407
23.54857
22.05210
22.72285
23.09227
22.76755
21.75828
22.91468
22.42685
22.21702
21.64795
21.66943
22.42528
21.94962
21.97428
21.41955
20.68928
23.22653
22.37678
22.60800
21.88072
21.51338
21.89963
21.35247
22.78482
22.36340
21.73947
20.66067
22.26603
21.05318
23.38143
21.97363
22.16148
20.91548
21.47757
21.03128
21.75842
21.54102
21.58057
22.10405
21.65343
21.17620
22.07398
22.02087
22.83455
21.77523
21.14060
21.05932
20.18557
21.22773
21.72812
21.01822
21.22232
22.31337
21.73520
22.46307
21.98530
20.47883
21.84823
20.91645
21.56235
21.37612
21.74235
21.00578
21.70978
20.49570
21.80348
21.92157
20.91763
21.35583
19.88445
21.69120
22.14495
21.32377
22.06128
21.88337
20.96420
20.54138
21.10242
21.02613
21.05420
21.95870
21.14315
22.53817
21.17847
21.17005
21.72597
21.83768
20.99947
19.72690
21.22453
21.59560
22.76053
20.18007
21.42523
21.61662
21.29232
21.77453
21.55140
20.94193
21.36657
21.41633
22.42988
21.11980
21.21553
22.06183
20.98025
22.29845
20.83635
21.01108
22.40153
21.15560
21.31745
20.99182
21.06673
21.22243
21.46343
20.17860
20.50682
21.39365
20.78262
21.73862
21.98013
21.47960
21.69618
21.02312
21.38308
20.68335
20.69523
20.67837
22.29927
20.62325
20.03703
21.47473
21.25040
20.08623
20.83262
21.78208
20.67045
20.95253
20.82878
19.69920
21.62012
21.21838
20.61920
21.09340
20.55118
20.43355
20.37235
20.78212
20.17985
20.88613
20.56033
20.23205
21.54112
22.26973
20.79173
21.56335
20.06538
