24.09696
22.94160
22.59074
21.78548
22.90328
22.52154
22.12880
23.23426
22.93512
21.37010
21.51880
23.37200
22.02556
23.11826
24.20166
22.48372
22.98140
21.13558
22.70540
22.27170
21.99652
21.53048
22.65754
22.53740
23.19622
22.40186
21.73860
22.51144
22.85762
22.03604
21.95246
22.31026
21.87576
21.79966
22.41068
22.85294
23.38854
22.48106
21.85606
22.44162
22.10624
23.04888
22.07210
20.98742
21.83118
22.42732
20.90940
22.04546
24.01668
22.02076
21.95274
22.37720
22.01946
22.50436
21.83412
22.87838
22.50154
21.53314
21.97478
22.52464
22.06896
23.03674
22.03958
20.74488
22.41208
22.34226
20.44934
23.29544
21.99044
22.48786
22.40396
21.82856
20.57790
21.99374
21.65854
21.13090
21.56226
23.52250
22.14806
23.12024
22.07222
21.97110
23.03778
21.17352
22.84212
20.36622
20.43692
21.73068
21.69136
20.78458
20.11546
20.65398
22.65946
21.06954
20.86966
22.77444
22.16090
21.83104
21.19546
21.17906
22.25456
21.17908
20.55276
20.97286
20.60044
20.80932
20.91574
21.52852
20.84252
21.57404
22.25022
21.84752
20.76686
21.43684
20.62634
21.67602
20.14772
22.21872
21.23242
20.61594
21.11670
22.70508
21.76578
21.30024
20.74916
19.16460
22.05662
21.50844
21.67560
20.81382
21.35236
21.41544
21.54450
21.67864
21.62602
20.62908
21.19848
20.07612
21.39260
21.13346
21.85028
21.91538
21.52138
21.38954
20.56978
20.47184
21.61468
20.81920
21.36352
20.08700
20.21562
21.70690
20.77028
20.95002
22.48684
20.14490
21.38472
20.37016
20.72390
19.31992
20.85220
21.00894
20.83278
22.56102
21.00388
21.03666
20.38296
20.63844
21.27496
20.75002
20.66350
20.13672
20.52304
20.78598
21.06888
21.20570
21.81724
20.30012
21.03896
20.69428
22.03376
21.33144
21.56072
20.19842
20.77866
21.70296
19.62058
20.40156
21.04310
20.43228
19.44394
20.29708
19.89524
20.55156
20.52374
20.71190
20.27192
20.63376
20.91624
21.93706
19.75900
20.83740
20.49778
20.01696
22.16916
21.00222
20.27902
21.03330
21.22138
19.94574
19.96524
20.40028
20.61518
19.65762
21.35616
19.83376
20.59874
20.89872
20.72054
20.15552
19.51126
19.86476
21.01720
18.74652
20.46968
21.55140
20.92842
20.34098
20.38774
20.86004
20.98824
20.51498
21.12396
20.78078
21.05222
21.54636
20.36054
20.05916
20.86594
19.86146
21.29394
19.60506
20.22186
19.59094
19.87866
20.70800
20.04244
20.19772
19.49518
20.62554
19.45002
20.02560
19.35232
19.66730
20.51868
19.77760
21.46346
19.40818
20.19312
19.52086
20.46228
19.30566
20.94874
19.07566
21.00194
21.03198
19.73260
20.07160
19.91692
20.48500
18.99430
21.21026
18.99656
20.79750
20.46062
19.51908
18.45774
19.05684
20.52602
19.56396
19.76246
20.61276
20.16140
20.47220
19.08410
20.42468
19.52944
19.48318
18.70694
18.65480
19.73664
19.71836
19.02032
20.21338
20.59706
20.35164
21.67124
19.54342
20.64996
20.17276
18.93468
21.12132
20.00914
20.34154
18.39704
18.92602
19.34388
18.52528
20.46284
19.44908
20.61120
19.23616
19.22594
19.56940
20.33302
19.34552
20.80558
19.86400
20.24420
19.81688
19.98804
20.43090
19.23754
20.70364
19.18546
20.35398
19.51002
19.59484
19.92018
20.80110
19.38142
19.45558
20.70950
18.95530
19.65146
19.71812
19.72004
19.69034
19.22792
19.99736
18.64356
19.58624
19.63694
19.16104
20.13520
20.01004
20.70036
19.61562
20.01752
19.28216
18.95114
18.69390
19.47404
19.91320
18.67250
20.07778
20.31290
19.44008
19.15604
21.12742
19.02458
20.74464
18.69396
19.26016
18.15006
19.50920
19.88186
18.30094
18.87414
18.38678
19.41154
18.79686
19.57398
18.96990
20.10448
19.56000
18.76764
20.34598
19.90264
20.69700
20.21912
20.68296
19.28140
19.63240
18.47172
19.17690
18.67052
19.07292
19.97572
18.60626
19.58956
19.20698
20.63010
19.35646
19.09998
19.21078
19.33280
20.05878
20.00834
18.77850
20.99980
19.94432
19.38132
18.81434
19.39358
18.63982
19.37918
18.54060
18.35094
19.37540
18.72172
19.14926
19.62086
18.95000
18.22900
19.11052
18.68580
19.30784
18.62378
18.91766
19.22990
19.34446
19.35488
19.40890
19.62898
18.74798
18.94646
18.48648
19.79742
19.65968
18.92916
19.45368
17.98724
19.88384
18.99706
18.52930
20.51440
19.37178
18.58780
17.79054
19.33692
17.85574
18.34976
18.62986
19.06786
18.58284
19.50444
18.95596
19.43938
19.61430
19.00822
18.90288
18.41976
21.18430
19.75982
18.42078
19.57190
19.71126
19.13716
19.43362
19.30442
19.75158
20.00734
18.37640
19.80346
19.12110
18.58934
19.20164
19.09388
17.36550
19.15980
18.72128
18.30260
18.91280
19.13430
19.06916
19.83926
19.04104
19.55056
19.24728
19.79286
18.39542
20.94990
18.95502
20.42450
17.18892
18.46364
18.37522
17.91966
16.99770
20.23616
19.55220
19.74052
18.15558
18.98554
18.51250
19.78070
18.99284
17.72704
19.86346
19.17998
18.52164
19.18836
19.09852
18.76224
19.35250
17.63614
18.46950
19.05246
18.83808
18.45456
18.05902
17.80976
18.74566
18.95336
19.52574
20.26652
19.54604
17.86880
19.02542
19.53044
18.43676
18.89188
18.48104
20.01476
19.11634
19.12768
18.56146
17.99346
20.24542
18.84646
19.72498
18.80598
18.47352
19.87780
19.94376
19.31824
18.88194
18.68830
17.79180
18.20160
19.08498
18.25136
18.31436
17.99928
18.54282
18.42590
18.58276
19.63230
18.25480
18.12438
17.97240
20.30886
19.40036
18.72936
19.34446
18.81928
19.03950
17.87108
17.70552
19.14318
18.54196
19.41462
18.69168
18.92042
18.60662
18.99782
17.82666
17.59412
19.57142
18.24074
18.77796
18.19084
19.51122
18.64142
18.32292
18.32536
18.30894
17.49574
18.35856
19.79616
19.45064
17.83950
17.56524
19.16554
17.01198
18.08356
18.72812
18.50356
19.11276
18.42620
18.61744
18.53412
19.32578
17.67840
20.37284
18.29478
18.60016
18.27148
18.46154
17.70150
19.31410
17.58554
18.86142
19.19196
18.61446
18.22104
18.61948
18.57250
19.18004
17.83226
18.86830
19.17736
17.18764
17.13564
17.82104
18.00920
17.25830
20.71992
18.23676
18.43426
18.03426
18.47964
17.43350
18.60432
19.64416
18.54390
18.76630
18.12838
18.54446
19.85290
18.63818
17.69466
17.43774
18.30588
17.95276
17.79836
19.46554
17.43464
18.33928
18.32534
18.32720
18.02948
17.82144
18.25640
19.21390
18.42906
18.60274
17.37004
17.93356
18.46322
18.14316
19.09362
18.65518
20.18632
18.27300
18.18416
17.80060
18.18362
18.55870
17.82410
18.05500
18.18884
18.42436
17.93974
17.77186
18.69298
18.81090
18.79402
18.24204
18.91942
17.64016
18.30052
19.22166
18.75402
17.77612
17.82880
17.40518
19.13234
18.69216
18.39356
19.00622
18.17024
18.41208
18.57346
18.42090
19.11622
18.90726
18.03628
16.72070
18.84434
17.69090
18.78500
18.56760
18.42920
18.54714
19.18940
19.16140
18.17802
18.96040
17.52566
18.76620
18.18380
18.33916
20.02088
19.10436
19.36716
18.27868
17.73014
18.10542
17.50570
18.90796
17.77992
19.34942
18.12314
18.93884
17.48122
18.43232
17.57592
19.12096
18.87590
19.20376
19.01522
18.77218
17.99616
18.91450
18.25562
18.31668
17.62856
19.38532
18.62064
19.30246
19.16436
18.12202
17.59256
19.55276
18.69578
18.52356
18.51582
18.44594
18.83428
18.39298
18.77196
17.82744
18.54634
18.56848
18.67058
19.38306
18.14532
17.39258
18.15376
17.84928
18.03278
17.17344
18.53214
18.34288
19.02964
17.77734
17.97908
18.99712
17.66578
18.30554
19.28300
19.34438
18.43156
18.29670
19.47896
18.11702
19.31032
19.64402
17.82536
18.59630
18.14348
18.11192
19.57608
17.78666
18.97228
17.29498
18.18174
18.97748
17.73280
17.57058
19.05846
17.80760
18.22080
18.75488
17.21616
17.99964
18.56822
18.17668
18.48640
18.43116
17.01246
18.96846
18.77246
17.39216
17.69268
18.01090
19.23282
17.38720
17.48778
16.88712
17.44412
18.18050
17.22422
18.88892
18.15536
19.49244
18.44106
17.27806
17.87152
18.27644
18.26646
17.66832
17.45258
18.37144
17.55464
18.41606
18.05270
18.52038
18.26008
18.17078
18.43852
17.62228
18.01688
18.14412
18.84408
18.87128
17.70622
18.24250
18.78948
18.53158
18.53142
19.37206
18.14224
17.23586
17.98960
18.07672
17.77472
17.96772
17.27188
18.73936
16.32432
19.00316
17.70186
18.29180
17.91242
17.37092
18.04246
17.25100
17.37274
17.53326
18.21938
18.78972
18.50830
17.98646
18.60024
18.32926
18.27676
17.72160
16.93288
18.28604
18.15050
19.22172
18.60582
17.19712
19.10894
17.58506
19.01860
18.59162
18.04568
18.36352
18.18436
18.42980
16.99672
18.72226
18.90524
18.57448
18.11356
17.47390
18.71812
18.18146
17.68602
18.86778
18.39978
17.61490
18.02752
17.14948
18.18242
17.83276
17.18518
19.27092
18.57246
16.95254
18.32330
18.29982
18.70276
18.43540
18.99616
18.82052
18.47542
18.04942
17.68038
17.22162
19.13820
17.62450
17.44202
17.61002
17.18268
18.38048
18.36870
18.47934
17.58422
18.01248
17.72728
17.69414
18.72348
17.72356
17.94412
17.72682
19.07622
18.20296
17.95982
18.52582
16.59794
18.17410
18.07472
17.97734
17.42690
19.01748
17.34232
17.58832
17.97636
18.65826
18.24936
17.40686
18.47312
18.13440
18.04028
17.67138
17.48572
17.20036
17.46166
18.64882
18.76010
18.45352
17.23584
16.81890
19.50654
18.20504
17.30198
18.18378
18.57406
17.88192
18.39674
18.09482
17.68540
17.94850
18.92776
18.76208
18.08244
17.23834
19.53206
17.32400
18.29878
18.28566
18.45008
18.28770
17.37650
16.93778
18.19176
18.66644
17.87708
17.59256
17.18010
17.87074
17.40918
18.36424
17.76322
18.40160
16.72934
17.18908
17.64200
17.90132
17.36044
18.73354
17.99348
18.41068
18.12626
17.41986
18.06320
18.82118
18.04224
17.30910
17.77380
17.33790
18.25936
17.62972
16.82376
17.20834
18.90030
17.46196
17.50648
18.01680
17.45876
17.13042
16.34966
17.56298
18.20728
18.07084
17.97138
17.33106
17.33490
18.02520
19.09232
16.71386
18.14616
19.42454
16.83046
16.84556
18.92180
18.00292
18.22636
17.42416
17.53240
16.80026
17.25036
17.59098
17.38714
17.82140
17.47066
16.79662
17.15836
18.09316
18.79216
18.37410
19.07538
16.85578
18.47274
18.41590
16.24338
17.46394
17.97052
16.37682
17.81174
18.43606
17.18672
18.19620
18.23292
18.45896
18.04518
17.80548
18.88760
18.57122
18.50126
17.44714
18.38622
18.30204
17.72100
17.65068
18.21884
18.95946
16.81964
17.46034
18.05498
18.01892
17.44040
18.54372
19.25186
17.64258
17.85216
17.58872
17.38836
17.50170
18.46460
18.74634
17.03870
18.06998
18.23494
17.45822
16.37218
16.18304
18.74718
17.84614
17.77552
17.72562
17.20970
17.55704
18.52370
18.24054
18.31928
17.92404
16.96898
17.66500
18.29802
17.49000
17.16468
16.69350
17.32508
18.45546
16.75982
18.91436
18.40972
18.43674
17.52354
18.07522
17.50476
17.77544
17.70964
18.71900
17.42814
18.39932
17.16012
17.82344
17.58314
17.29420
17.81782
17.70594
20.13246
18.27740
17.55740
17.69550
17.22344
18.43788
17.28500
17.75658
17.05746
18.62058
16.83580
18.51076
19.07454
16.41820
16.95584
17.05616
18.81646
16.27508
17.16078
18.02112
17.87776
18.92106
18.27538
17.69074
17.37588
18.56026
18.34110
17.83206
18.09864
18.03116
18.61908
17.33278
18.29662
17.50836
18.20004
18.15246
17.09718
17.72702
18.15050
17.91116
17.05128
17.45244
17.63668
17.89616
17.82940
18.12544
16.93696
18.13106
17.69618
18.19362
16.56692
16.88522
17.79252
17.07160
17.18536
17.48718
17.18798
17.79644
17.56892
17.07996
18.08242
16.73460
17.56820
17.16080
17.39600
18.12222
17.50788
17.79094
17.76998
17.17940
18.86524
17.11854
17.72350
18.35216
18.60796
18.44904
16.76368
17.67116
17.30934
17.12932
17.24948
17.98248
16.77136
17.02972
17.84832
18.96272
18.17822
17.30050
18.28278
17.56434
16.77536
17.68488
18.62748
17.94480
17.80478
18.56316
17.13244
17.07464
18.11034
17.55418
17.09878
17.69490
16.83648
18.71550
17.58648
19.29170
17.45678
17.06682
17.32970
17.50806
16.95120
17.03008
17.40756
18.48590
17.97490
19.00682
16.93374
17.16766
18.33528
17.75142
16.11404
17.03958
18.62758
18.25288
18.16360
16.77180
17.20308
17.03416
17.56736
18.88828
17.90226
17.69592
17.49136
19.40172
17.75382
17.53712
17.98388
18.13662
17.04694
17.24100
16.37878
17.81118
17.73132
17.17232
16.59194
17.31596
17.16488
17.72166
17.97136
18.10666
17.66840
17.91730
16.63118
18.47246
17.77622
16.92076
16.20174
18.28586
17.68470
18.42076
17.70634
16.13682
17.52976
16.92778
17.81508
17.69888
17.34776
17.81836
18.92516
18.02488
17.26494
17.93454
18.07324
16.45140
18.45114
16.97774
17.66124
16.80338
17.66402
18.66578
18.02812
16.54560
17.82876
17.39822
17.20376
18.70816
17.21010
17.53386
19.27330
19.17146
18.23580
17.63714
17.37342
18.56258
17.36628
17.17860
17.99874
17.98340
17.67932
18.33054
16.78650
16.92090
17.97572
17.45578
16.19888
18.01830
17.61826
17.80212
17.33566
17.31208
15.36456
17.60812
18.63778
17.29468
18.09262
17.96094
17.93754
16.83116
17.49728
15.98150
16.31574
16.82296
16.73114
17.45048
17.00504
17.12398
17.54586
17.82540
17.66058
17.61456
18.28948
18.28792
16.95064
17.60340
17.14914
17.82364
16.65126
16.94424
17.63114
18.09886
17.60432
19.38342
17.74796
17.72460
17.51614
17.60528
17.50890
18.67328
17.69318
17.71090
17.82858
17.84346
17.49886
17.17066
16.38150
16.70450
18.61030
17.75024
17.01534
17.73876
17.29474
17.05704
17.31682
18.40874
17.36490
17.90718
16.12276
15.99018
17.58532
18.63812
17.07764
17.10542
17.91832
16.95564
18.45498
16.81574
17.59286
16.96812
16.91318
17.51104
18.20136
17.48416
18.47644
17.00826
17.25508
16.96040
17.38886
17.04152
17.90504
17.58154
17.01882
17.39668
17.30520
17.55932
16.76962
17.76638
17.55348
16.09402
16.63032
16.88374
18.18260
16.70410
17.86652
18.05690
16.43804
17.89394
17.12144
18.04480
17.19596
17.57864
17.37536
17.83086
17.58400
16.37860
16.88400
17.20310
18.15840
17.34370
17.61218
17.15798
17.55118
16.57452
17.69968
16.58012
17.76564
17.08722
17.81124
17.29646
18.54430
17.46876
17.42416
17.69560
16.87424
17.35058
17.35678
17.15414
16.92416
17.34332
16.94902
16.71956
19.10062
17.89854
17.26386
16.81254
17.54670
17.50086
17.32112
17.23426
17.39770
17.16610
17.49112
19.00512
17.66748
18.49728
18.10180
17.33074
17.44306
17.06764
17.71814
17.43482
17.17716
17.67660
17.54998
18.55484
17.98604
17.59326
16.41124
17.30540
17.23900
17.54256
19.34764
17.16630
17.82430
16.52204
18.03910
17.05062
17.03450
16.64226
17.96044
17.21456
17.59480
17.42704
17.90202
17.97292
18.45842
17.99162
16.68994
18.10494
16.90912
18.41964
17.65908
16.85000
16.46242
17.80326
17.98582
18.17494
18.02434
17.23830
16.18170
16.94904
17.81582
16.92794
17.72374
16.77468
17.46308
16.71156
18.62886
17.36516
18.33432
17.01306
17.94570
17.95602
17.55936
16.46298
17.29292
17.72052
16.78762
17.61222
19.15530
17.72852
17.29578
17.88880
16.75526
16.00318
17.80276
17.35392
17.16154
18.10586
16.78122
17.16236
18.16886
16.92982
16.99048
17.38618
17.24180
17.75836
17.72458
17.68520
16.63890
17.63962
17.36900
17.80576
18.46700
17.58154
16.69442
16.56348
17.41908
17.58710
17.34360
18.04154
17.82642
16.99938
17.21208
17.38940
16.21962
17.23312
17.08646
17.55078
17.02348
17.90034
17.16982
16.12468
18.17296
16.32886
18.05902
17.44148
17.88112
18.35322
16.27996
18.84264
17.34442
17.96330
18.56382
18.03756
18.24530
17.95894
17.72324
15.90868
18.44608
17.42106
16.44774
17.14202
16.97304
18.38150
17.57952
17.96472
17.87614
16.45296
17.32846
16.67200
16.87926
17.07764
18.02282
17.06982
18.76976
18.75162
17.75354
17.24874
17.75072
17.54432
17.22836
16.23304
16.31296
18.93512
17.48918
18.74230
16.94242
17.04422
17.63776
17.75126
16.66960
17.39612
17.00226
16.95048
17.27670
17.78084
17.50222
17.69752
17.61150
17.77378
16.77584
16.99652
17.09200
16.21774
16.91872
17.68604
17.83468
16.01322
17.79854
16.78278
17.58800
16.69246
17.55334
16.63488
17.36316
17.11454
16.33668
16.81834
17.63390
17.22940
18.17756
17.83576
15.89868
17.64026
16.21620
15.97516
17.99768
17.09430
18.56556
16.66594
17.75194
15.79582
17.70914
16.59846
16.95656
17.13406
18.58238
18.24666
18.24748
17.07566
17.29896
17.95898
17.54786
16.04874
17.08686
17.86450
18.02432
17.94736
17.06746
16.79876
17.85042
16.81098
17.17912
17.56750
16.09804
17.16162
16.61188
18.16888
16.89652
17.64378
16.82400
17.50886
18.19646
17.23884
17.20624
17.68606
16.95290
17.08424
18.45204
16.64374
17.02088
17.28542
18.48544
18.23874
17.89612
17.51694
17.20660
17.38992
17.90266
17.14336
17.63772
16.59310
17.47108
16.65816
17.59124
16.02928
18.33142
17.97586
17.13510
18.01452
17.47190
18.20368
17.01376
16.78826
17.51122
17.85248
17.29582
16.85762
17.27778
18.60216
16.43880
17.03268
17.48618
17.24428
16.76084
17.45360
18.21650
16.06652
17.52974
17.08724
18.28374
18.46462
17.44098
17.01604
17.77904
17.99560
15.64432
17.35570
17.01392
17.15578
17.34850
17.09660
16.95988
17.59962
16.63428
17.27700
17.93762
17.53774
17.37204
17.72758
16.21722
17.67790
17.28568
18.04578
16.72264
17.56534
16.19210
17.54500
17.55272
17.26732
18.59028
18.32470
16.89842
17.54896
17.83516
16.61772
16.61778
17.17258
17.13212
17.52604
18.10818
17.47054
17.29656
18.47836
17.04774
16.23122
16.98394
18.16098
16.89078
17.03644
16.12728
17.15624
15.86314
17.63362
17.51970
16.81318
18.04084
16.20520
17.18594
16.72470
17.16290
17.73144
16.18988
17.62308
17.06758
17.39688
17.95422
16.41012
17.91538
16.05258
17.32614
17.23198
17.56066
16.90980
18.08166
16.73062
16.68816
17.48494
16.78006
17.21152
16.52846
18.21376
16.39184
17.11948
17.15100
15.92648
16.14688
17.69614
18.00148
16.85822
18.09734
17.75476
18.21294
17.12706
16.75450
17.04170
17.45828
17.00662
16.77998
16.59628
16.88380
17.42466
16.74616
17.23568
16.82250
17.12610
16.94542
16.32780
17.52000
16.41374
18.04400
16.93876
16.33790
18.34012
16.42562
17.38026
17.44666
17.05200
17.14992
17.39690
17.89248
17.02222
18.74352
17.83486
17.07868
17.94878
16.79316
16.41968
16.87586
17.85144
18.40234
17.01588
17.07620
16.47428
16.59472
15.67244
15.67440
16.67150
16.79324
18.06882
17.69656
15.53414
16.99810
18.21068
17.10776
18.10298
17.34954
16.61678
17.43000
17.33798
16.02110
17.57588
15.97716
17.00966
16.49164
17.39698
17.40136
17.73100
18.32788
18.11714
16.85622
16.78522
17.23350
16.00014
17.69230
17.00466
16.97970
17.32786
17.51120
16.60250
17.68896
16.24102
17.85350
17.54428
17.22176
16.39208
16.57912
17.66956
17.63636
17.24566
16.87312
17.49976
18.18958
17.98678
16.40796
17.74608
18.69750
17.54226
16.54228
17.10114
16.84684
16.68798
16.36614
17.07920
16.82268
17.48542
17.75044
17.20610
17.33408
17.63926
17.94818
17.34076
17.29562
17.33226
15.88540
16.62048
16.56598
16.92462
16.08828
16.61712
17.13322
18.29156
18.02832
16.53150
18.13704
16.66990
17.52696
16.48508
16.30490
15.50920
17.92014
17.05918
17.46060
17.17004
16.48900
16.45724
18.13666
16.46080
16.83060
16.96684
18.02488
18.02572
15.97424
16.49092
18.00908
16.80708
17.72960
16.59470
17.87292
17.03148
16.80106
16.63820
17.54270
17.32158
17.39996
17.39298
16.68208
17.50896
16.68128
17.30506
17.47902
17.80738
16.81074
17.67860
17.02440
17.24546
17.37746
16.54640
17.64444
16.83898
16.71410
17.23862
17.59340
16.37382
17.25570
17.15918
17.30320
16.05454
15.82928
17.49904
18.04022
17.72464
15.67838
17.62984
17.17448
17.53422
17.49622
18.60740
16.91792
18.27612
17.13808
17.33158
16.83570
17.36842
18.47932
16.99212
17.46776
18.54858
18.01276
16.19396
17.08986
16.66208
18.64054
17.49624
16.90582
15.59328
16.94728
15.67026
17.45774
16.61450
17.15830
17.56722
16.67626
17.25294
16.61444
16.87634
16.89924
17.56898
17.23016
17.31794
17.70778
16.95710
16.79024
19.19878
18.09376
17.71118
16.60602
16.66886
16.30356
18.24512
18.36716
16.82926
17.75754
16.60122
18.01202
17.10340
17.33800
17.13628
17.99644
16.93108
17.10424
17.68536
18.32258
17.19432
17.94150
17.04484
17.85652
16.84788
17.11508
16.46912
17.94584
16.42040
16.51468
17.16600
16.32586
17.42252
17.50234
16.97878
17.21484
16.63940
17.00402
16.16690
17.49484
17.24668
16.94732
16.97692
18.01292
17.14034
18.26386
17.78194
16.57478
16.13030
15.91420
17.51590
17.75298
18.63220
17.64080
17.41764
16.10434
17.07230
16.86738
16.74442
17.39124
16.61546
16.93314
18.47238
15.99716
17.36914
16.16890
17.73658
17.57092
16.72218
18.47856
16.75742
17.92768
16.38474
16.99072
16.83528
17.30416
16.66228
17.80848
18.30940
16.47444
16.90822
15.85838
16.86064
16.37366
16.87494
17.32914
15.53836
18.10758
16.97348
16.60550
18.77724
17.04516
15.95858
18.29984
16.32632
16.78428
16.71548
17.11430
17.25200
16.97840
16.27230
16.46876
16.63434
16.84908
17.20558
17.36862
17.28454
16.92198
16.74426
16.97642
16.81336
17.68078
17.32692
17.42144
16.81380
17.58984
17.51764
16.95642
17.09410
17.48760
17.55960
17.35544
18.50550
16.67178
15.34514
15.19278
16.03062
16.55424
16.63826
16.53810
17.80274
16.83396
17.43818
17.64628
16.94144
16.86164
17.71498
16.88698
16.88122
17.24388
17.42656
16.30528
16.52114
16.41788
16.57180
17.27182
17.54198
17.56578
16.11458
16.41418
17.33758
17.61654
18.12532
16.93466
17.02892
16.33758
17.33590
16.79378
17.79272
16.35844
17.71830
16.36570
16.84050
17.50964
16.31168
18.06722
16.88560
17.95178
16.76610
18.18770
17.12100
15.83134
16.76174
17.65720
18.59068
17.65038
16.92130
17.73218
16.27894
17.47160
17.79138
16.75460
16.69466
16.31438
16.53078
15.94132
16.57060
17.50258
16.99356
17.26732
16.04830
17.54510
17.97716
17.50806
17.30688
16.48680
17.63214
17.10634
17.18078
16.91394
17.03394
17.56788
17.66124
18.16682
15.80764
18.08444
16.92178
17.48380
16.00992
16.53294
16.69880
17.57016
15.92924
16.94280
17.57830
16.98970
17.73162
18.19898
17.45790
17.21808
17.09812
17.33690
16.51156
16.78746
16.92250
17.01292
16.58846
16.93914
16.55376
16.99982
17.17120
16.89580
17.11338
16.55484
17.50680
16.35338
16.15718
17.40900
15.71028
16.39356
15.89470
16.58484
16.70072
16.52894
17.41902
18.01354
17.18914
17.73946
17.44366
16.42166
17.43518
17.01052
18.02962
16.83562
17.03286
15.79294
16.82620
18.20700
17.24022
17.33502
15.59106
17.07968
16.62084
17.03282
16.55530
16.92626
16.33278
17.16536
18.17432
16.46348
16.87710
16.43258
16.69384
16.61044
17.43774
16.16468
16.73288
16.85216
15.97090
16.83132
16.60004
16.50798
17.74132
18.09338
16.99902
17.04462
16.45276
16.11290
17.13016
16.91304
16.25606
15.44728
17.59504
18.06990
18.23118
16.66362
16.30150
16.24820
17.16726
18.55886
16.87644
17.59720
16.16928
17.97872
17.52636
17.52824
17.45624
18.28770
16.31512
16.75420
17.01070
17.55698
17.76692
18.85356
16.17212
17.45618
16.96554
18.12792
16.85802
17.48376
17.52658
16.54270
16.15798
17.36154
18.71746
16.51552
17.80620
17.78274
16.90896
16.68170
16.84744
17.14166
17.94526
17.22568
17.43810
16.72760
16.77922
17.18872
16.42060
18.45378
16.89504
17.79512
15.78900
17.49558
17.87328
16.73742
17.38316
16.66238
16.79068
16.28396
17.23548
17.11022
18.62056
16.49690
16.17688
16.35944
16.93878
17.19164
17.57626
16.01132
16.55546
17.78618
17.62574
16.34644
16.78596
15.83896
16.52904
16.65686
16.93224
18.24738
16.66068
16.55876
18.06646
17.04524
17.41160
17.36242
16.47058
16.89646
16.04974
16.58446
16.19768
18.31582
17.08822
18.30582
17.03240
16.53972
15.75654
16.02868
16.38142
17.69410
17.96054
17.33510
17.25856
17.55740
17.12384
16.32822
16.98430
18.25290
15.94964
16.58468
16.85058
16.04672
16.98208
17.48010
16.64454
17.58872
16.97786
16.63660
17.73830
14.51006
17.06654
16.04746
16.73094
17.45412
16.61310
16.05700
17.61200
16.87354
16.37020
17.87490
17.11432
17.76656
18.24168
17.46622
17.39070
16.81280
16.88714
18.00770
17.39952
16.94264
15.68342
16.91758
17.79104
16.94342
16.79050
16.86096
17.32322
16.03126
17.34294
16.27156
17.08516
16.95162
17.79366
16.47016
17.02802
16.50492
16.30282
17.38922
17.28960
16.64896
16.92276
16.84132
16.76130
17.65930
16.72716
17.89294
18.28322
17.48888
16.46580
16.26322
16.24542
16.07614
16.98028
17.04884
16.54520
17.55464
17.31032
18.09544
17.03766
18.29638
16.77674
17.73254
16.62938
17.11470
16.30356
17.13672
16.19188
16.09982
16.05810
17.30974
17.81324
17.34168
17.06094
16.24224
17.31574
18.03924
16.90258
16.85114
18.12312
17.56288
16.79326
16.77596
16.01372
16.36714
15.80396
16.36556
16.94268
17.91178
17.80154
17.00132
16.48968
17.28968
17.40446
17.58058
17.11786
16.57646
16.95462
16.85222
18.04286
17.93376
15.83254
16.74972
16.66740
16.05724
16.54902
18.01718
17.27586
17.38754
16.81894
15.91130
17.39548
17.06230
17.18936
16.43510
16.70380
17.02536
17.31898
17.25358
17.65578
16.04782
18.84214
17.88280
16.88530
18.02288
16.68660
17.34168
17.19786
17.71748
15.64836
17.24136
16.45030
17.08614
17.63968
16.94538
17.05490
16.79332
15.61712
17.17284
17.36592
16.82064
16.91380
16.42110
16.20322
16.52464
17.64700
16.46650
17.21612
15.29724
16.59486
17.92590
16.24038
17.32080
16.69228
17.01382
16.95770
17.03320
17.55124
16.92778
17.12354
16.62674
17.47746
16.68620
17.14930
16.83208
16.66678
17.55516
18.11164
17.33214
16.50440
16.60920
16.61738
17.09428
17.76836
17.18004
17.95144
17.89548
16.52736
18.47712
17.10202
17.66402
17.08868
16.61678
16.19564
16.76124
17.28758
16.84134
18.48688
17.24430
16.94240
16.30720
18.18498
17.06578
17.12072
17.27680
16.30358
17.77060
16.61534
17.24738
17.12770
18.52814
17.14218
17.48172
16.92736
17.01880
16.83276
16.69504
16.72656
17.31982
16.77854
16.18232
17.36958
15.95316
18.14648
16.57286
15.24062
16.45828
18.18868
16.33924
17.40710
16.02396
16.76880
17.04756
17.85516
17.74182
16.53822
17.63166
18.19316
17.11064
17.55390
16.29000
16.50790
17.20128
17.15436
16.48118
16.22334
17.10638
18.59658
16.62238
16.05608
16.32414
16.31454
16.53764
17.27882
17.01566
17.28684
16.95140
16.97874
15.16340
16.60762
16.77328
16.58332
16.66438
17.29982
17.11378
17.65204
17.10238
15.76386
17.11524
16.49868
17.48370
16.92150
16.86792
15.97550
17.27648
16.09596
16.81956
16.77294
17.10280
16.81254
17.00802
17.71626
16.88394
16.94896
17.24440
16.53816
15.82144
17.50156
17.67890
16.37512
16.98370
17.00946
16.61664
15.67878
17.96848
16.05242
17.22844
16.65988
16.60936
17.14232
16.76404
16.69108
17.15742
17.07498
15.51064
16.02450
16.19186
16.41650
16.91952
16.72462
16.03654
17.93860
17.57296
17.49206
18.92558
17.28404
16.28656
18.11036
17.28142
16.71442
16.27182
16.64216
15.97274
16.18000
17.28504
16.38776
16.66980
17.25768
17.51108
17.04306
18.02744
16.89522
16.38620
16.87144
16.56892
16.21686
16.65818
15.73526
16.15876
16.11604
17.46754
16.31036
16.94068
16.63726
17.11754
16.91114
17.42798
17.45454
16.77280
16.81810
17.57692
16.27126
17.47712
16.97600
16.92078
15.48158
16.64926
16.59370
17.16416
17.89774
16.98986
16.54038
17.51296
16.30546
16.49748
18.02610
17.34340
17.45432
18.08318
16.20298
17.23426
17.16580
16.74816
17.87962
16.33444
16.74088
15.43914
17.86844
17.23646
17.21448
18.02392
16.06624
16.33968
16.93934
16.63096
17.34962
17.11652
17.19738
15.97118
16.01820
16.14690
16.36542
17.08942
16.89318
17.64488
16.28742
17.63814
16.53786
16.65072
17.38970
16.35934
17.65148
17.83556
16.71762
16.20894
17.17568
17.57914
16.61856
17.75512
15.78824
16.48644
15.65060
16.16766
17.22690
16.75376
17.70890
16.77646
19.03920
16.36830
16.86064
16.74588
17.19678
15.94732
17.15022
16.56722
17.13470
16.03112
16.16566
15.70144
17.40890
16.14768
17.22592
17.34646
16.38458
17.06344
16.77564
16.60320
16.96338
16.83978
16.84638
16.85228
16.88826
17.93574
16.66314
16.32398
17.32020
17.01058
17.56482
16.09454
17.46212
16.20858
17.17880
17.91916
16.87100
17.38016
17.92926
17.17104
17.76898
17.19752
17.10696
17.62934
17.54802
15.68668
18.08964
16.78474
16.94864
16.48296
17.45230
18.37402
16.99466
16.31124
17.04578
17.31020
17.19748
16.27674
17.18606
17.22206
18.08640
17.16134
17.57328
16.86196
17.54826
15.97382
16.84742
17.57272
17.03270
16.17610
17.69980
17.41746
16.93262
17.78910
16.06590
17.37330
16.07918
16.45188
16.92056
17.42960
16.64698
15.77652
17.19678
17.45610
16.95206
16.88414
17.07302
16.72450
16.78576
16.72186
17.17966
17.43472
17.16744
16.78236
17.11994
17.61514
17.91808
17.46682
17.30632
16.68250
16.72314
16.39832
16.78846
17.88000
16.17706
17.06082
18.07190
16.81566
16.21190
17.81096
16.30480
16.58878
16.97128
16.50104
16.42434
17.24128
17.08694
16.94710
16.59198
17.40644
17.31270
16.53308
16.55394
16.16500
16.43782
17.52102
17.21166
16.18188
16.56342
16.60474
16.60588
17.88140
15.84020
17.18582
16.12198
17.46690
16.59918
16.53202
17.15724
16.86860
16.18504
16.75034
16.84564
16.59334
17.18126
15.73560
16.93300
17.53212
16.42618
16.54372
17.34300
16.81976
16.46212
17.41222
17.19244
17.28488
16.66520
16.17388
17.11956
16.20802
16.88488
17.06098
16.08804
16.66016
17.99568
16.60286
18.15672
17.14362
16.41392
18.51012
16.20040
16.68572
17.70476
17.07776
16.00556
15.67530
17.02704
16.21850
16.80222
17.96780
17.58822
16.78814
15.68078
17.64670
17.14190
17.66478
16.41422
17.03210
16.13136
17.98860
17.30744
16.64670
18.07056
16.08812
16.56580
17.54042
16.95504
16.92018
15.80780
17.20796
16.71590
16.53336
17.36674
17.43250
17.27096
17.31678
16.01604
18.19646
16.69472
16.32924
17.01696
17.81104
16.36414
16.41116
17.77550
17.27148
16.80194
18.28058
17.30142
18.06164
18.11066
17.07630
16.28368
16.10838
16.58152
17.05206
17.56062
17.71226
16.92412
16.69516
16.29102
18.42858
17.35726
17.25916
17.15916
16.54182
16.43042
17.70388
17.75002
18.63306
17.03714
17.93810
16.72222
16.12154
17.49752
16.50456
17.04384
17.45910
17.88288
16.50586
17.35722
16.95206
17.88832
18.18904
16.55646
16.59344
17.05972
17.01906
17.62222
16.15548
17.46136
16.65730
17.99170
16.20578
15.31998
17.16422
17.21264
17.05532
17.88634
16.66622
17.45132
16.70138
17.22932
16.36116
16.38132
17.68582
17.32832
16.47474
16.35890
16.55294
17.29724
16.98584
17.47474
16.84302
17.77340
17.05830
17.95368
16.84618
16.56322
17.82978
17.64724
15.88580
16.94546
17.45156
16.42670
17.39982
15.87652
17.06398
16.92374
16.68928
16.54984
16.52268
16.41648
16.67470
17.47676
16.21188
16.95786
17.08506
17.26308
17.61942
17.21348
16.92402
18.76856
16.52984
16.70870
16.64414
16.69644
15.78774
17.04498
16.74252
16.25164
15.81268
17.50614
17.45762
16.64572
16.46262
17.76052
18.01996
16.60882
16.02508
16.54274
15.88020
16.39876
17.19196
17.80584
17.27102
16.42616
17.93318
17.14044
17.09316
17.23612
16.11726
17.64172
17.80232
16.05672
15.83550
16.03218
17.51918
18.17610
17.26364
16.75034
17.48952
16.31302
16.24348
16.50722
16.96682
16.39626
18.36640
17.07620
17.66586
17.61560
17.40514
16.79222
17.05952
16.22538
17.60820
17.56420
16.49192
15.99778
16.94532
17.71952
16.97904
16.55032
15.83560
17.46024
17.33642
16.95372
16.09596
17.45700
16.91828
17.16934
17.49656
17.32080
15.83602
16.37638
17.70618
18.58794
17.08880
17.22122
16.58716
17.09168
16.86208
15.67148
17.03686
15.95426
16.18338
16.51394
17.63770
17.41698
16.55036
16.50034
16.79764
17.46696
16.91820
16.85080
18.00366
17.36860
16.32164
16.85600
16.82622
16.71676
16.56868
17.58880
17.41922
17.10444
16.87974
17.44278
16.77404
16.34802
17.63292
17.45688
17.80662
16.70854
17.45930
17.44458
17.25590
16.37080
17.93596
17.51974
16.83902
15.99170
17.24184
17.04454
17.21890
16.58500
17.35670
16.19874
17.41206
16.70244
15.58628
16.72400
18.21844
17.95030
17.66374
17.31258
17.06190
17.18608
16.65580
17.69418
17.22242
17.04764
16.60246
16.42172
16.83414
15.82570
18.06534
17.50192
17.40482
17.20780
17.63412
16.72752
17.08896
17.39490
16.94712
16.99046
17.02018
16.35248
16.87888
16.60678
16.55476
16.75008
16.87996
17.27454
16.51598
17.03734
16.82852
17.11150
16.19454
17.10624
17.30270
17.38102
16.38310
16.76720
16.04524
17.09410
17.73462
16.87454
16.16844
16.01308
17.14942
17.20458
17.75326
17.74148
16.61114
16.94002
17.33148
16.52350
17.07162
16.28350
16.59680
17.50272
16.88280
16.89580
16.62338
16.73238
17.84168
15.70272
17.52898
16.76202
16.49572
17.25386
16.29598
16.47780
17.19110
16.86498
16.65316
16.33946
17.37214
17.88084
15.82354
17.14238
16.19478
16.03014
16.55590
17.61444
17.30562
17.03420
17.42114
16.99994
17.15952
16.99452
15.85112
17.78886
17.49490
17.02848
16.36148
16.82868
16.95420
16.52830
17.00500
17.07128
16.62438
17.32034
17.21140
17.30434
16.26292
16.54418
16.58544
17.20786
16.38972
17.88930
18.05580
16.51894
17.54030
16.24932
17.31514
17.19174
16.58096
17.93760
16.81820
17.94394
17.62682
16.28832
16.69618
16.67434
18.40000
17.55198
17.04496
16.74898
17.62544
17.29574
16.46120
16.88870
17.34972
16.99886
16.82040
17.97064
16.47336
17.80662
15.64294
16.87852
16.88354
16.50326
17.15778
18.58026
15.98054
19.02744
16.61468
16.38626
16.11214
17.29924
17.51950
15.77246
17.49420
15.63662
17.14416
17.45972
18.50488
17.89172
17.49788
16.24496
16.82216
18.21980
16.77362
16.86420
17.35670
16.96082
16.57068
16.20616
17.54352
16.15734
16.85412
16.46956
16.13420
16.79300
16.01378
16.47730
16.79446
17.40270
17.21884
16.39018
17.37956
16.33194
17.23390
16.81052
16.85796
16.71680
17.24144
16.50614
16.10006
16.23006
17.27980
16.53806
17.08474
15.14490
16.52534
17.51882
17.45768
17.93366
16.11980
16.35112
15.16542
17.41706
17.07342
18.37792
17.46698
17.56966
17.13026
17.57756
16.48984
17.09148
16.86826
17.00774
16.76120
17.79562
17.11424
17.78726
17.16652
17.47148
16.95094
16.89510
16.58582
16.84416
16.83194
17.86396
18.04940
17.22864
16.64308
17.18648
17.66018
17.15312
17.00238
17.21208
17.68328
16.59512
16.70404
16.13524
16.61436
17.67682
16.35966
17.01128
16.17546
16.75574
16.93570
16.23586
18.16490
16.93694
16.44880
17.91526
16.97146
16.42158
16.23566
17.18030
16.16306
16.81544
16.74168
17.57068
17.21452
17.05624
18.18674
16.45544
16.87988
16.26336
16.47496
16.15892
17.10802
16.48234
16.55728
17.43374
17.98500
16.12688
17.33228
17.34318
16.98118
16.88006
18.03178
17.05480
17.17580
16.96482
17.13184
16.95286
17.40708
16.80842
16.72134
16.91890
15.78218
17.27566
16.25958
15.89694
15.51750
17.20072
16.59204
16.07684
17.09500
16.99850
16.54804
16.62352
16.03118
17.71700
17.33968
16.67538
16.47026
17.20900
17.63030
17.31722
15.50110
17.26782
16.85758
17.13684
16.34338
16.86626
17.95604
16.48572
16.91358
17.71708
17.02528
16.58412
17.87920
16.70734
16.86134
17.25690
17.64470
16.67616
17.10348
16.96222
17.53364
16.87110
15.35008
17.17654
16.71478
17.10846
17.12042
16.87258
16.53014
16.71294
16.39072
17.52462
17.18940
16.84080
17.46240
17.04574
16.70712
16.57594
17.05912
17.69578
17.37332
16.48546
16.80338
17.80630
17.60942
16.40872
16.95842
17.19198
16.61410
16.99848
16.88844
17.27106
16.29686
16.74578
15.72006
17.15802
16.80598
16.50846
16.29248
16.93200
17.51566
16.98746
17.68712
17.73526
16.67030
17.89896
16.70742
18.05450
16.61532
16.43284
16.61732
18.49466
16.25412
16.82510
16.44320
18.15174
17.10366
17.08274
15.95258
17.09920
16.76076
16.94750
16.53056
16.63026
17.41724
17.52504
16.45232
16.42688
16.92150
18.13304
15.89546
16.70522
16.39756
16.80054
17.28442
16.74228
17.47314
17.03226
16.93678
18.30072
16.37696
16.72328
15.65252
16.51948
16.46066
16.69568
17.11604
17.26636
17.27204
17.28406
17.50644
17.11222
17.51268
16.58742
17.32526
15.97958
16.80490
17.05346
16.84758
17.21470
17.52354
16.96848
16.64506
17.03372
16.90916
17.52972
17.82286
16.77734
17.27280
17.62458
16.83738
16.93316
17.08474
16.40440
16.56826
18.99202
17.08614
16.47804
15.12586
16.89056
16.11246
17.09136
17.46990
16.93318
16.50584
18.23260
17.60304
17.34224
16.54998
16.54246
16.13148
17.37212
17.64072
16.73806
16.19484
17.04414
17.26852
17.03432
18.11414
16.33532
16.99038
16.54534
16.44264
17.51254
17.48034
16.22924
16.29214
15.80158
16.80452
16.88110
17.20524
17.20372
16.19940
17.83522
15.52308
16.65530
16.48550
16.11962
15.82078
17.55958
16.54060
15.48536
17.48140
16.40080
17.66034
17.00408
16.34210
16.97652
16.34152
17.79920
16.91094
17.16406
16.79634
17.28338
17.19378
17.21678
17.24922
16.30548
16.79988
16.65860
17.63100
16.83428
16.51802
16.26340
15.72600
16.26400
17.02310
17.15622
17.86218
16.51592
17.52684
17.60414
16.32058
17.34246
17.14352
17.39638
16.91162
17.17010
17.05900
16.17258
15.49588
17.32512
16.76994
16.56210
16.13076
17.05892
16.97418
18.02610
17.28210
16.95704
16.68886
17.13292
17.51040
16.76940
16.84776
17.55914
17.33508
16.55342
17.43952
16.77268
17.33954
17.25246
16.89316
16.96942
18.87096
15.85706
17.18268
16.49004
16.02744
17.02472
18.27314
17.44964
17.53400
16.81280
15.98316
16.97972
16.41988
16.76080
16.05936
17.17284
16.87988
16.16022
16.76828
17.00866
17.89720
17.93724
17.03616
17.08910
16.98960
16.37460
17.33252
16.86136
17.38580
17.63974
16.92702
17.37610
17.15736
17.52396
17.86442
17.59760
15.85356
17.77802
16.14892
16.57022
16.88602
16.50214
17.18400
17.33106
18.07356
15.91536
16.28726
17.56870
16.96442
16.92120
16.28754
16.41098
17.07408
16.25684
16.26872
16.77864
17.29648
17.14084
17.65916
16.82264
17.38258
17.65424
17.22754
16.64580
16.37658
16.68944
16.71964
17.65168
16.84874
16.53546
16.52244
16.67398
17.30850
17.81786
17.26486
16.94822
16.70266
16.47696
16.77888
17.61462
16.63154
18.10918
17.90076
16.92026
17.32094
17.12334
17.30472
17.43214
17.60020
16.96004
16.06462
17.53676
17.15500
17.33576
17.52258
16.54830
16.93206
16.59592
17.21314
15.79742
17.63430
17.50598
16.58384
17.06192
17.73672
18.24034
17.08856
15.85986
16.45976
17.49048
17.02966
17.97792
17.37088
16.96716
17.19374
16.78092
16.61496
16.28132
17.14028
17.26488
16.76368
16.44480
17.49470
16.72960
16.12988
16.66494
17.09114
17.15262
15.98190
16.99926
15.91990
16.85000
17.49862
17.48788
17.38972
16.66334
17.69284
17.41210
17.28356
16.41704
15.90130
16.43796
17.40530
16.02266
16.38136
16.72664
17.97826
16.13994
16.86582
16.52548
17.99144
15.47082
17.42450
17.37352
17.33408
16.82354
17.57576
17.46530
17.52902
16.79406
16.47848
18.62760
17.29178
16.00834
17.22132
16.88940
17.56998
16.77634
17.48248
17.12868
17.09204
17.77132
17.34560
16.37992
17.45976
17.40008
18.27370
16.22382
18.50816
18.23504
15.67022
15.46414
17.06440
16.52352
16.69046
17.09102
16.74778
18.23432
18.10504
16.87326
17.67198
16.70730
16.08772
16.62012
17.38610
15.94966
17.15860
17.46144
16.17352
16.52846
16.60788
16.06944
16.28536
18.40150
16.29506
17.52512
15.61508
15.72532
17.04110
16.74232
16.63526
16.78090
16.94814
17.35962
17.85072
18.20352
16.62096
17.22382
17.09720
16.77870
16.97848
17.98940
16.54964
18.37750
16.85090
19.12354
16.70172
17.29402
17.11418
16.78524
16.70810
17.16508
17.10130
17.11104
16.53878
16.88194
16.60052
16.63868
17.78282
16.10558
16.18774
18.04700
16.53260
16.40042
15.08522
16.35270
16.62586
16.07682
15.81860
16.57166
17.31154
16.26742
16.94724
17.27066
17.42012
16.57352
17.06082
17.02964
17.61046
16.15086
17.57514
16.11374
16.63098
18.06986
17.53454
16.67148
16.35334
16.48162
17.18680
17.11564
17.71466
16.92198
17.58906
16.62248
17.35230
17.45964
17.41430
17.91908
16.90032
16.68110
16.99280
16.70490
18.42446
17.45408
16.75716
16.36632
16.25324
17.59374
17.31658
17.19040
16.75552
15.89706
17.17142
15.83624
18.45942
16.04682
17.67200
16.75776
16.50624
16.87156
17.94298
15.98978
17.09524
17.28070
16.55734
17.18970
16.96952
16.13658
17.41558
16.79268
16.94994
17.67328
17.04402
16.94478
16.39510
17.52144
17.72878
16.59912
16.86676
16.87310
17.13642
16.45138
16.43192
16.20246
17.23456
17.11476
16.58280
17.03490
16.37340
16.27916
18.60496
17.00364
16.85338
18.19098
15.19882
16.00472
16.91666
16.55550
15.62480
16.41234
17.96778
17.42198
17.65572
17.26512
17.35736
15.62882
16.47668
17.42584
16.73560
16.80462
16.53112
16.98860
17.23262
17.11096
16.70212
17.21610
16.59290
17.59500
17.54482
16.49572
18.20632
17.19488
17.51250
17.41898
17.50882
17.33062
16.56898
17.72464
17.53196
18.10512
17.05568
17.42990
16.60724
17.10790
17.37384
17.56554
16.59704
17.33294
16.78980
17.57420
17.61434
15.97846
17.75698
16.70736
17.31424
18.16366
16.83394
17.43908
17.14130
17.23558
15.87538
15.83936
17.52388
17.63416
16.81288
17.19390
16.23732
16.69730
16.65352
16.29046
17.73114
15.99588
16.87460
16.58452
16.82000
17.33968
16.07556
17.53244
17.70580
15.61502
16.51338
16.28346
17.08974
16.86362
16.30112
16.45448
17.89776
17.69870
17.71872
17.22402
17.19902
16.15652
17.16124
16.08966
15.90650
16.24614
16.01750
16.50612
16.13634
17.00628
17.24722
17.27904
15.58480
16.58458
16.78144
17.21598
15.72488
17.09008
17.61902
17.58718
17.61614
16.75968
17.15558
16.79866
17.17576
17.36628
16.61492
16.67538
16.13454
17.06842
16.32134
16.56246
16.97124
16.77552
16.49968
17.31648
16.65480
17.57276
16.69042
16.88420
16.38506
15.99172
17.38056
16.88126
16.95396
16.36244
18.03484
16.55804
17.06068
16.85928
16.15022
16.46626
17.70554
16.75290
17.30774
17.30474
18.22124
17.15142
18.26010
18.08584
18.66976
16.76480
17.37852
17.09436
16.52778
16.78780
16.15110
16.94576
16.42160
18.00896
17.33158
16.92954
17.41366
17.34440
17.24098
16.26062
18.05224
17.01874
16.93084
16.32294
16.15946
16.90516
17.03752
16.70318
17.27222
17.46974
16.09738
15.76834
17.15612
17.71818
16.95974
16.06716
16.29552
16.77508
17.72548
16.82860
15.78470
17.17600
16.79228
16.54552
17.22190
16.88768
16.45118
17.39594
17.91014
17.38174
17.92390
17.78508
16.34446
16.45388
17.14650
17.00426
17.18452
16.60980
17.02120
16.71906
16.65150
17.75742
17.09314
17.30766
17.00036
17.44930
17.04390
17.32704
17.72628
16.82406
16.36130
16.93230
16.92580
17.59962
16.39844
16.69238
18.39696
17.44190
17.26704
17.10044
16.75956
17.42358
15.80178
16.69692
16.36114
16.86256
16.07670
16.06992
16.44816
15.68392
17.22552
16.56546
16.83030
17.14060
16.96760
16.72570
17.07038
17.13848
16.79706
16.53702
17.70024
16.53908
17.50058
17.22100
16.21086
17.19274
16.68370
16.53480
17.43374
17.24844
17.64740
17.85718
16.70432
17.01578
17.16152
16.56284
17.26348
16.98876
17.04046
16.91432
17.00436
17.71772
16.57512
16.82722
16.47478
15.42268
16.22720
16.33350
16.68286
18.19828
17.71600
17.33310
17.57990
17.01608
16.36826
17.27550
16.19098
17.36850
17.51170
16.13218
16.55156
17.14206
16.90928
17.76000
16.70802
17.54388
16.60320
16.31482
17.05132
17.17216
16.98934
17.85600
16.87902
18.34296
15.44950
15.86960
15.95212
16.12152
16.72678
17.61136
16.70204
17.55596
16.94394
17.46160
17.19314
16.78284
15.82828
16.68956
17.38736
18.00916
17.16302
16.72520
16.27044
16.06822
16.65458
18.25894
16.93238
17.70098
16.14858
17.01834
15.94618
18.08370
16.64132
16.52988
16.70632
17.85404
17.19276
16.50304
17.12032
17.40864
15.86034
15.97268
17.45914
17.45504
17.63784
17.41744
17.21714
16.97094
15.66156
16.61222
17.02102
16.91360
16.56072
16.33932
16.40094
16.70476
16.69882
16.70282
17.44156
17.00338
17.61308
17.61078
15.82288
15.72966
16.68894
16.80098
16.76222
16.91234
16.92398
17.89028
16.57944
18.08404
15.51544
16.68838
16.03696
18.20212
16.72088
16.29710
16.91734
16.58828
17.48652
16.77450
15.86384
17.39306
17.16168
16.24644
17.48354
16.76698
16.45360
16.40138
17.93598
17.23032
17.36382
16.65120
16.40080
16.09040
16.24508
16.51936
16.02170
17.90390
16.89828
17.92432
17.19964
17.17318
17.73360
17.19798
18.50238
16.45376
16.22152
16.15254
16.09880
17.87950
16.36266
16.78352
16.34990
16.62822
17.11298
16.48076
17.51002
17.02700
17.55504
15.67286
16.51900
16.40418
18.02948
17.77626
17.05636
16.98350
16.14186
16.10240
17.10694
16.41174
16.69952
16.29936
16.81584
17.30648
16.89204
17.04186
16.73974
18.55678
16.54214
17.83668
17.12356
17.08136
17.30050
17.94098
17.55256
17.09578
17.42336
16.93890
16.09200
17.49264
17.34740
17.44964
16.93608
17.38048
18.04206
16.43236
16.34306
17.09672
17.04496
16.38578
16.90120
16.17302
16.77160
17.05264
17.19616
18.09828
17.33190
17.53290
16.96492
16.73090
18.32022
16.74556
19.00092
17.85396
18.23016
17.46072
16.00282
17.52660
16.69676
17.26092
16.29918
17.48670
15.54912
16.72468
16.60622
16.48194
17.10566
17.89968
17.74766
15.70922
17.47170
16.37084
17.61710
16.72826
17.33496
16.84870
17.44580
16.93046
17.44774
17.04250
16.92488
16.77540
16.85152
16.65920
15.73652
17.38624
16.28264
16.92224
16.36656
16.82910
17.25946
16.82772
16.87272
18.37946
17.90916
16.85470
16.90920
17.74534
17.16032
16.71088
16.68464
17.56320
16.52222
16.87296
17.32234
16.46606
15.85758
16.28166
15.58892
16.33324
17.37668
16.09630
17.23830
17.28356
17.13474
17.65752
17.22914
16.60206
16.52866
15.92388
16.78548
17.49154
15.95440
17.91682
17.86462
16.38754
15.66368
17.04338
16.45316
17.01408
17.48750
17.20224
15.95184
15.58870
15.94238
18.11360
17.00872
17.70242
16.49216
17.24904
17.47580
16.92474
16.75386
16.78582
17.00262
17.88868
15.88514
17.84276
17.43602
17.15192
17.29464
18.71572
16.11892
17.19518
17.01410
16.58380
17.42630
16.67790
16.90248
17.37256
18.85630
15.79134
16.87500
15.98216
16.98308
16.47226
15.71828
16.68002
16.73814
17.15380
16.22606
16.59360
16.83034
17.17616
16.34874
17.85292
17.49506
16.59256
16.47970
17.64790
17.55104
17.18952
17.54972
16.85802
16.46782
16.74476
17.10260
16.60762
17.63670
16.08272
16.38608
16.56030
17.71144
17.13868
16.85072
17.61720
16.35760
17.20988
17.72144
17.97020
16.81724
17.17076
16.25110
16.52012
16.35844
16.60314
16.33780
16.76672
16.81026
16.21762
17.35608
16.80806
16.17904
16.51028
17.49602
16.84792
15.97396
16.32224
17.06560
16.75216
17.29250
16.51360
17.23350
16.98838
17.19956
17.33692
17.08938
18.25760
17.38772
17.68832
18.54004
16.65282
17.20884
18.61164
18.01978
17.97982
15.48480
17.30266
17.13304
16.70888
17.40716
18.07512
16.83668
18.53908
18.35574
18.11400
17.26368
16.94256
17.36456
17.27546
16.64140
16.72796
16.15284
16.69284
17.01108
17.04770
16.94948
16.99216
16.51588
17.95834
17.29922
16.87892
15.84918
17.02974
17.56672
16.38406
17.53978
16.67220
17.01956
16.65554
17.71928
17.04704
16.24856
16.86064
16.96036
16.65028
18.39066
17.93778
16.67422
17.08414
17.58242
16.75474
16.34614
16.99702
17.70730
16.70734
17.76900
16.80846
16.68724
17.39350
17.55702
16.52872
17.24378
17.32838
17.17122
17.10942
16.55102
16.56578
17.99492
16.34540
16.36464
17.36708
16.11824
16.21196
17.64046
17.08520
17.32292
16.71038
17.17144
18.03640
16.76406
17.19138
17.04208
17.44916
16.93022
17.81402
17.18578
17.00756
17.26706
16.10244
17.47770
17.52032
17.67816
17.07830
17.94546
17.14458
16.36508
17.19148
18.07808
18.16210
16.68192
16.13766
16.82900
16.98508
17.19622
17.12202
18.54720
16.46758
18.33944
17.32916
16.09634
16.62360
16.66580
15.77054
16.49098
17.27082
16.66192
17.31402
16.78074
17.17830
17.41162
16.15102
16.29684
16.66116
18.70488
16.03564
16.84548
15.26488
17.63570
17.49778
18.11014
16.42154
17.42618
16.54722
16.77698
17.24876
16.65242
17.74942
18.00122
16.89972
17.41250
17.55308
17.23894
17.95132
16.42358
16.41674
16.52834
16.99330
17.46464
17.93178
16.04856
17.55054
17.12000
17.09708
17.05962
17.67766
18.14482
17.12634
16.87940
17.31776
16.94670
17.02840
17.19112
17.43370
17.86442
17.15128
17.42624
16.98962
17.24772
17.94292
17.02956
16.88050
16.19240
17.01036
15.41520
17.55974
16.26778
17.69340
16.62128
17.27288
16.59762
17.32354
16.78442
18.46606
16.14372
16.95396
17.88600
17.69904
16.74286
17.18740
16.06036
17.38862
16.70686
18.18034
16.97008
16.96280
17.40694
16.21586
17.32722
17.30316
17.20372
17.74764
17.05186
16.90006
17.52422
17.46350
16.41628
16.81442
16.79516
16.63888
17.53894
17.24294
18.33574
16.77862
16.34668
17.39746
17.36938
16.14938
17.11320
17.69930
17.57644
17.83836
17.44176
16.68328
17.67970
17.37164
17.35212
18.40884
18.98566
17.47590
17.51394
17.09588
17.16394
16.63894
17.97114
16.90944
16.96438
16.58546
18.35062
17.22952
16.81178
16.73096
17.50132
15.66452
18.42352
17.24514
16.32554
16.65118
17.02268
16.85384
17.91668
17.20400
16.92482
16.99810
17.13238
17.26844
17.57540
17.51624
17.83436
16.91618
17.24532
15.93292
18.54734
16.75500
16.85416
16.48390
17.80844
17.62062
17.99738
16.86416
17.86784
17.07488
16.97542
17.47670
17.37368
15.74366
17.08230
16.98114
17.61990
16.69296
16.99208
16.41438
17.52908
17.01658
16.36116
16.84090
17.72480
17.51978
17.61744
17.01536
18.17450
17.48234
16.34736
17.59178
16.86280
17.25026
16.15622
17.47416
16.76880
16.50218
16.88578
17.37160
17.00948
17.53818
18.23006
17.52730
17.10104
18.14218
17.37152
16.99032
17.46232
17.62766
18.08976
18.37410
17.09718
19.28258
16.90236
16.65470
17.12348
17.05828
16.26628
17.12346
17.46290
15.88802
16.63774
17.11864
16.78864
16.53852
17.05348
16.99632
17.16030
17.82284
17.54146
17.01490
17.48930
17.24570
17.81432
17.03278
17.18254
16.32752
16.92656
18.93644
15.77762
17.91428
17.33902
17.94114
18.29718
16.04302
17.53354
16.36712
17.11702
17.32110
17.04098
17.17634
17.37252
16.94050
16.89256
16.97598
17.44788
16.40334
18.38620
16.93730
16.73764
17.95388
17.20010
16.33032
16.50122
17.54266
17.37174
17.68638
18.26460
15.61426
17.31076
16.54754
17.71760
16.39614
17.30204
16.09672
17.36496
18.35238
16.95666
17.87832
17.27816
17.07284
18.12038
17.12358
18.49414
16.78358
17.15482
17.42740
18.23992
17.97590
16.68734
17.15180
17.50294
15.78280
16.49990
17.88532
17.80982
16.90220
16.58522
17.96688
17.88680
16.81102
17.29984
17.63834
16.66604
15.85868
16.27070
16.76378
16.09586
17.95786
16.97988
18.29020
17.76418
17.45146
15.64684
16.95738
17.25056
18.08036
16.90704
17.19506
17.20308
16.88248
17.63834
17.12114
17.37234
17.35584
18.43538
17.81432
16.52460
17.15744
17.27688
17.09744
16.35636
17.27108
16.35812
16.85614
16.82648
18.01930
17.31614
16.02914
17.24960
18.00504
18.67694
16.71210
16.75012
16.53430
16.89316
16.62356
16.73066
17.00724
16.45676
17.91616
18.11912
17.28558
17.13820
17.41116
17.60574
17.45678
16.93996
17.38896
18.04876
16.49600
17.43962
17.64670
17.28666
16.25038
17.46726
17.12280
17.43778
16.65564
18.11872
17.31096
16.39954
16.75806
17.17404
16.50260
16.89818
16.78734
16.92466
16.67510
17.28130
17.36386
17.66130
15.55596
17.08734
15.05208
16.83460
18.59084
17.26684
16.53598
16.77770
18.25852
17.51282
17.43416
16.53104
16.65320
17.37912
17.83730
16.77584
16.33330
17.68104
17.47288
17.57092
16.16840
17.24806
17.06720
18.08786
17.16590
17.21920
18.10626
17.22272
16.88638
16.92904
17.81122
17.30022
16.73978
16.90974
16.92944
16.83574
17.32932
17.40160
18.36770
16.80556
17.11224
17.63058
17.93832
16.77194
17.21898
17.20312
16.76132
17.38394
16.63594
17.55022
16.01022
17.68192
17.01578
17.10826
16.60230
17.65366
17.88694
16.20760
16.15736
16.91118
17.21724
16.77560
17.03776
18.05624
18.08822
17.85648
17.18710
16.75032
16.89892
17.47174
17.13164
17.26052
16.89312
17.55472
16.61054
17.19334
17.24522
17.44264
17.49866
16.41920
16.94176
17.10304
18.10468
17.53672
17.04568
16.85780
17.04340
17.30888
16.80940
16.90706
17.84654
17.45078
16.64924
17.90226
17.30288
17.57312
18.40576
16.82282
16.62532
16.55852
16.44284
16.40030
17.05744
18.51196
16.39232
17.68604
17.67346
17.35254
16.84244
16.35356
17.44472
15.94046
17.54004
17.23986
17.74062
16.74052
17.33270
17.65150
16.98422
18.55224
17.31764
17.13662
17.22784
17.91582
17.96334
16.10316
17.25190
17.78180
15.85324
17.97318
17.38656
16.94770
16.51120
18.72966
17.56662
17.07780
16.66700
17.94374
18.02402
17.90032
17.80966
17.38530
17.45732
17.76352
17.32110
16.87984
16.81632
17.87568
17.07192
16.88834
16.30530
17.65816
17.99552
16.47974
17.57094
18.45736
16.74090
17.90458
16.65972
17.60732
17.05974
16.77860
19.18802
17.26230
17.83294
16.62728
17.76688
16.43946
16.94488
16.96396
16.96996
17.28502
16.92824
17.29910
17.07134
16.39050
16.61778
18.27024
16.31996
18.28914
16.16026
17.24218
16.59482
18.28110
16.24992
17.39940
17.85228
16.56244
17.52184
16.88712
16.22418
18.04976
17.93932
16.49240
16.37522
16.85706
17.71916
16.58080
16.63798
16.87030
17.73310
17.36300
17.72180
17.91138
17.64984
17.32292
17.84864
16.74052
16.57012
17.90222
17.37904
16.76414
16.87704
17.33806
17.91958
16.27276
17.06900
16.53686
17.44628
16.69920
17.59698
17.50978
16.99648
18.05178
18.22718
16.33584
18.51982
17.12396
17.82354
16.64160
18.50608
15.78436
16.74640
16.80218
17.60138
17.24908
17.12950
16.43102
17.56204
17.20644
17.26932
16.92422
16.54134
16.76802
17.64840
17.50326
17.02698
18.04128
16.26262
17.13424
17.73564
16.14070
17.23476
16.58376
16.48404
17.60424
17.46734
18.88758
17.72550
16.95618
17.05278
18.25522
18.49446
17.71178
16.56196
17.72346
17.04044
18.10898
17.22052
16.67090
16.04824
17.16524
18.21668
16.94430
16.17880
17.12008
16.88422
17.35176
17.14014
17.64066
17.91790
17.09692
17.08758
16.94376
17.77292
17.17974
16.94754
17.63440
16.88174
16.51268
17.42780
16.52244
15.99136
16.76278
16.59434
17.17028
16.98034
17.14588
17.57084
17.48974
17.86572
17.23988
17.92248
17.27014
17.11200
17.06806
17.07088
16.72656
17.24548
16.38796
15.99272
17.77318
16.62660
16.50408
18.61130
16.81970
17.87280
15.95868
16.87792
18.12582
16.71754
18.03776
18.25164
17.13192
17.30000
16.51440
16.94954
17.28580
17.33212
18.01762
18.85704
16.67574
17.95164
17.08046
17.10932
18.06102
16.75880
17.14352
17.51510
17.16568
16.82666
17.14394
18.13164
17.15974
17.50608
17.18740
16.94502
18.30378
17.06986
18.08786
18.45322
17.50748
16.49060
17.18606
17.68832
17.91806
17.31984
17.81798
17.52018
17.03188
17.09258
17.49684
16.96614
19.05208
17.01626
17.02838
17.41414
18.07898
17.52568
16.92906
17.99288
16.66218
16.71118
17.41308
16.86706
16.96692
18.03088
18.07094
16.53300
16.01344
16.75700
17.25336
16.86170
17.62552
17.48102
17.82062
18.04732
16.71944
18.62124
16.38422
16.54062
15.95660
17.22930
17.64570
17.74412
17.05354
18.49470
17.00742
16.65664
17.59508
17.07670
16.51590
17.20548
16.75688
16.36652
16.87492
17.07872
17.66230
17.52292
17.36650
16.74308
17.90986
16.99386
16.35566
16.45238
17.08950
16.31646
17.09374
17.63210
16.54230
15.88712
18.03774
16.01050
17.91270
17.57952
17.12402
18.16744
17.87204
17.47910
16.65514
16.76498
16.71976
17.54414
16.80392
16.79292
17.21392
18.35352
18.75354
17.18940
16.62710
16.91038
17.34884
17.84972
17.14906
16.81836
17.12068
16.34872
17.55010
16.01044
16.34864
16.02246
16.66542
17.58384
17.14770
18.67504
18.21484
16.79040
17.72814
18.28026
17.64986
17.14068
17.33290
16.89854
18.09746
17.83130
16.62616
17.32014
17.22728
18.32554
18.08304
17.10814
17.66136
16.27808
17.47764
17.11652
16.55926
16.98860
17.84356
18.11504
17.63022
16.99494
15.85986
15.91038
17.09416
17.70514
16.75266
17.86722
18.15248
17.71236
17.60896
17.03938
17.73898
16.46594
16.63946
15.58040
17.49262
17.47948
17.59248
17.00874
16.68202
16.18096
17.47588
17.67314
16.46752
15.92920
16.54092
17.79670
17.44614
16.51626
16.92154
16.26310
18.30548
17.55048
17.23900
17.10738
16.64798
17.69462
16.79712
16.95420
17.53082
17.54842
18.50862
16.78932
17.54428
17.86212
17.93742
18.22856
18.48836
17.52478
17.77800
17.30454
17.84310
16.95322
16.82942
18.93858
18.19140
16.72676
17.09572
17.59066
18.15046
16.39334
18.33220
17.31860
17.27016
16.54064
17.23218
17.78256
17.65508
17.72350
17.20410
16.44430
17.23108
15.41580
19.18226
17.26352
16.99668
17.32544
16.77482
16.50720
17.90208
17.47536
17.34408
17.81642
16.57590
17.47714
18.03990
17.10206
16.91282
16.77984
17.47128
17.06192
16.41678
16.93828
17.35938
16.96864
17.71248
16.20792
17.13344
16.53250
17.53260
17.01616
17.40840
16.64784
18.23836
16.46472
17.37512
17.42212
16.96626
16.96532
17.57650
17.45272
14.90334
16.36014
17.35556
16.89296
17.46392
16.92456
17.22072
16.76366
16.54118
17.03726
17.69902
17.75390
16.80576
17.03224
17.77108
17.56352
16.20380
17.44816
17.38656
17.06994
16.76508
17.16352
16.84936
17.59458
17.89214
18.59292
16.61500
16.54412
16.51636
17.26904
17.37342
17.65928
17.37450
16.48164
17.83918
17.91520
16.45948
17.81372
16.27614
16.90578
16.06738
17.51842
17.05578
18.18404
16.43350
17.40388
17.63296
15.85090
18.53722
17.47078
16.72286
17.58186
17.39166
16.55380
17.15386
17.28998
17.41572
17.05630
17.55252
17.97576
16.61600
17.05356
18.19420
17.32380
16.15974
16.69042
17.37796
16.14460
16.21206
17.67954
17.82498
17.43310
16.91358
17.42234
17.46310
17.21442
17.23106
16.89240
18.58362
17.72416
