-47.34427
-44.89167
-46.77021
-46.91943
-45.80494
-47.33928
-46.01679
-43.81344
-46.12919
-44.58394
-44.35772
-46.03597
-45.25828
-45.05004
-49.10579
-46.49685
-48.46302
-48.32002
-45.51073
-47.44567
-45.82650
-47.01372
-45.99112
-44.23925
-46.20549
-46.89874
-47.23702
-46.80781
-49.34450
-46.79374
-46.65321
-46.88394
-47.64988
-47.48986
-45.73797
-46.26539
-47.14561
-48.02343
-46.16615
-46.84435
-45.68151
-46.56293
-46.31075
-46.92947
-47.47569
-47.80477
-47.16441
-46.45227
-47.75470
-46.58389
-48.96436
-46.52471
-47.12080
-45.34423
-47.44774
-46.74182
-46.12683
-46.44852
-48.30633
-49.04120
-46.75787
-48.65011
-46.10691
-46.08454
-45.91981
-49.64246
-47.68753
-46.38353
-45.36278
-48.36475
-45.30763
-48.48176
-46.40582
-46.15727
-47.37609
-47.03368
-45.95065
-47.31935
-45.61380
-47.22570
-48.89730
-44.84018
-46.82718
-48.51985
-46.75861
-49.02836
-47.32872
-47.64536
-45.79919
-45.40385
-45.86473
-46.52259
-46.32614
-48.38134
-47.21487
-45.24339
-48.46924
-46.91251
-45.90658
-47.67784
-47.86188
-47.03530
-48.05399
-45.30388
-48.82416
-45.67203
-49.26016
-46.78665
-47.53161
-47.62728
-47.77119
-48.02043
-47.15041
-47.21087
-47.13813
-48.61462
-46.93240
-46.73822
-48.93341
-48.69284
-48.87366
-47.51754
-47.33506
-49.11111
-47.35950
-47.70116
-46.83287
-46.31292
-49.32902
-45.95968
-48.78091
-47.57594
-47.32586
-48.37808
-45.75740
-49.12094
-45.53687
-46.69665
-46.69360
-46.27642
-49.04298
-47.09524
-45.45959
-46.55756
-46.69449
-46.53511
-47.58685
-50.40825
-48.09987
-49.02218
-48.25636
-47.33865
-46.35348
-48.41323
-47.32648
-47.91600
-48.61235
-46.66264
-46.93625
-47.90993
-49.43351
-48.23802
-48.35907
-48.12446
-46.24522
-46.80873
-46.23005
-47.34477
-46.42276
-49.58953
-47.35014
-48.18658
-46.72280
-46.97751
-47.95712
-47.60284
-49.57748
-48.58680
-46.33461
-49.59359
-48.61429
-46.04350
-47.19470
-47.07422
-49.34956
-50.35151
-47.27620
-47.34351
-48.72186
-48.25607
-47.00135
-49.39153
-46.66598
-47.24354
-47.07563
-48.58179
-45.50503
-49.60020
-48.00211
-50.37681
-47.22045
-47.79649
-49.81184
-47.48495
-47.47826
-47.70211
-47.56617
-48.18454
-49.92421
-48.60126
-49.13868
-45.06887
-49.58449
-47.32581
-48.55397
-46.62288
-48.78468
-47.59996
-46.85950
-47.64267
-48.40444
-46.94078
-46.17546
-47.09427
-47.79402
-50.46657
-46.76420
-48.78939
-50.68110
-49.62807
-46.48829
-47.50453
-48.93799
-48.26497
-48.83499
-46.62740
-50.62100
-47.34817
-48.51866
-47.33819
-49.89482
-47.23144
-46.93155
-46.90934
-48.65153
-46.35445
-48.91968
-49.28749
-47.90020
-49.43213
-48.40199
-49.48307
-48.23297
-46.77032
-49.12212
-48.62626
-48.20802
-46.56599
-47.02501
-48.14886
-46.21395
-49.46060
-48.76031
-47.15569
-48.04801
-48.20057
-47.73165
-47.43452
-47.99241
-47.90531
-46.87767
-48.55573
-47.24361
-48.91500
-47.18738
-48.78764
-46.22262
-49.40039
-48.18713
-45.43833
-48.12525
-48.84082
-47.01862
-47.40930
-48.59500
-48.42527
-47.95600
-47.97155
-48.68659
-47.12952
-47.18180
-49.26480
-48.58728
-47.71798
-49.07475
-48.85767
-48.28569
-48.82677
-47.25484
-47.45386
-48.48084
-48.83975
-47.01091
-48.85966
-47.39685
-47.72098
-46.95382
-49.23058
-48.09507
-47.49383
-48.01020
-49.55976
-49.88648
-48.71641
-50.49369
-47.96273
-50.23015
-49.24229
-47.53412
-48.47445
-46.99021
-49.34031
-47.50169
-47.03101
-49.29637
-49.14515
-46.75414
-50.50703
-45.18661
-52.05805
-45.23353
-48.62407
-47.90660
-48.70980
-50.98690
-46.81827
-47.97960
-47.25835
-47.33133
-47.39757
-50.29359
-47.57560
-49.65403
-47.30586
-47.32641
-48.19670
-49.25554
-44.92521
-46.11055
-48.90483
-47.95474
-46.86870
-47.11048
-46.44430
-47.08480
-48.93886
-47.29249
-51.10653
-47.45705
-49.03029
-47.65834
-47.15847
-46.83037
-47.87252
-49.08855
-49.53819
-47.95307
-46.69771
-45.76759
-49.04427
-48.56142
-47.44432
-46.73025
-48.48701
-47.46922
-47.25616
-45.70270
-47.33115
-48.33011
-48.47357
-47.70134
-48.72945
-47.99625
-49.44542
-47.63483
-47.10723
-47.11970
-47.40412
-48.38613
-47.15701
-47.38194
-47.64410
-48.54631
-48.82042
-48.46854
-47.03971
-48.30000
-47.12762
-47.30129
-48.72527
-48.52498
-47.38868
-49.52643
-47.87295
-48.09065
-47.81408
-47.87415
-47.78229
-49.32587
-48.84370
-48.92751
-47.29803
-48.80555
-48.39803
-48.59029
-48.25224
-50.01092
-46.45217
-49.12052
-48.36721
-45.58038
-48.87249
-47.81960
-47.10042
-47.03088
-47.03114
-51.68290
-48.69787
-47.28490
-47.54132
-48.18695
-47.62918
-47.46383
-49.69320
-49.90703
-48.67506
-49.61694
-49.90277
-47.90881
-47.98462
-45.30434
-49.50064
-46.88796
-47.19773
-46.35365
-47.91642
-47.15225
-48.40436
-49.92219
-49.70891
-47.78525
-49.00814
-47.65514
-48.89920
-48.37081
-48.08050
-49.55909
-47.77886
-48.62162
-48.54025
-48.85729
-47.75751
-49.62182
-50.28248
-48.06767
-46.60247
-49.75568
-48.84007
-47.46604
-48.78950
-45.84303
-49.09229
-48.45310
-48.98872
-47.29719
-47.92165
-49.14750
-49.13564
-48.22069
-51.37444
-47.93210
-47.69813
-51.05975
-48.80227
-48.82243
-47.41511
-48.61237
-48.62521
-47.61027
-50.05990
-49.38619
-48.28899
-47.61547
-47.84198
-45.98515
-48.58183
-51.11602
-49.65539
-47.95882
-49.03691
-48.99903
-48.11278
-49.04571
-46.59608
-48.13254
-49.25197
-48.41777
-49.37301
-48.08323
-49.72062
-49.93553
-50.98847
-47.89462
-49.11618
-48.69755
-47.91403
-49.20111
-49.20469
-48.57142
-48.93062
-47.12001
-49.99666
-48.84486
-45.64048
-48.15550
-49.85034
-49.24027
-47.88198
-48.07740
-48.16476
-46.91113
-46.90462
-50.02634
-47.82166
-46.50404
-48.31121
-47.25944
-49.05828
-46.48193
-48.23771
-46.79199
-48.33736
-48.81350
-45.17153
-50.68637
-48.59735
-48.21936
-50.23812
-46.05006
-46.81198
-49.37727
-49.03677
-48.14480
-49.91748
-49.21709
-49.85626
-49.02104
-49.43130
-45.96801
-47.34938
-50.11329
-46.50002
-47.63428
-50.49479
-48.46306
-49.95205
-46.16494
-48.51042
-50.35903
-49.04907
-47.92386
-48.22054
-50.80332
-48.97031
-49.58371
-48.07140
-48.82344
-49.83503
-49.43773
-49.63878
-47.19935
-49.73154
-46.73573
-47.83754
-49.28748
-48.15366
-49.79687
-47.60093
-47.81184
-50.48201
-47.69516
-48.08119
-47.29155
-49.22873
-49.94962
-47.64068
-48.61620
-45.64861
-49.19295
-49.74986
-47.58322
-45.67465
-48.39307
-47.61724
-48.45788
-45.84010
-47.01847
-49.73194
-49.28515
-48.44738
-49.72690
-51.19483
-48.11132
-48.64749
-50.20191
-50.72104
-45.19523
-48.51534
-49.19334
-48.22264
-49.60469
-45.88924
-49.59833
-49.92948
-50.82714
-49.36707
-48.50341
-46.42780
-50.02840
-47.87675
-48.79287
-49.83571
-48.80360
-46.83966
-48.18627
-47.98117
-45.95738
-47.75802
-47.65472
-49.86645
-50.07054
-50.98891
-50.17775
-47.09412
-49.10065
-48.77479
-46.06517
-47.65606
-48.98302
-46.93610
-49.27032
-50.65449
-51.28229
-48.66471
-50.82134
-47.73071
-49.04777
-48.79772
-49.92727
-48.40107
-49.76025
-48.06226
-49.86187
-49.12192
-48.10857
-49.41780
-47.23583
-47.38324
-49.26544
-48.68512
-46.66837
-47.81955
-48.88442
-48.30038
-48.92578
-48.24002
-48.43374
-48.59634
-48.61951
-45.79574
-47.44289
-49.33039
-47.83821
-50.21188
-47.70699
-46.36562
-47.82719
-48.41881
-49.45746
-47.41280
-48.19510
-48.85080
-50.88691
-48.01646
-46.82519
-49.23840
-48.96300
-49.58861
-48.81799
-48.86808
-47.45275
-48.61415
-48.78379
-46.32374
-47.99172
-51.60143
-47.64053
-46.75858
-46.95980
-48.59233
-49.50533
-48.77684
-51.79020
-47.97999
-46.30119
-46.44961
-46.37525
-47.36968
-48.93369
-51.70567
-48.76479
-47.91467
-46.93883
-47.80031
-47.26623
-48.07546
-49.43570
-48.61141
-49.47891
-50.42498
-46.98716
-47.69608
-49.75827
-48.93006
-50.20888
-49.59393
-47.18105
-47.43699
-50.84588
-48.37087
-47.96562
-47.60454
-48.99468
-49.37920
-48.86096
-49.22514
-47.58538
-49.95797
-50.20041
-48.95672
-46.47130
-45.77308
-49.55570
-49.31311
-48.71303
-46.63835
-48.69062
-47.37491
-51.16382
-48.05859
-49.80492
-49.65052
-48.52373
-50.50170
-49.78884
-46.84336
-49.30543
-48.55226
-48.81496
-51.03898
-47.63479
-47.29758
-49.13196
-48.02609
-47.81221
-48.74020
-50.16406
-47.38450
-48.74663
-50.69501
-47.81586
-48.93593
-47.25467
-49.40288
-49.98054
-48.25362
-50.46905
-47.71933
-47.36391
-46.28045
-48.11881
-48.16091
-49.35069
-50.13333
-49.65324
-48.31669
-49.59769
-51.01373
-47.91616
-47.30853
-50.10680
-48.53222
-48.29003
-50.28324
-49.74602
-48.24204
-49.19172
-49.70026
-47.14291
-46.75902
-47.09506
-49.87938
-48.14035
-48.30209
-46.96890
-48.34506
-48.26309
-49.93421
-50.68382
-48.04381
-47.39222
-49.00549
-49.38027
-46.64486
-47.14867
-50.53968
-48.78480
-48.80812
-47.27942
-49.38364
-48.79877
-48.25557
-50.40622
-47.04570
-49.42246
-49.89026
-47.30161
-47.63389
-48.74312
-48.74966
-50.16020
-48.18552
-50.33819
-48.90858
-48.21059
-47.88152
-49.68683
-48.23175
-50.54023
-48.00998
-47.50469
-49.32140
-48.79389
-48.16627
-49.02790
-48.97216
-48.88792
-48.95912
-49.04159
-48.63742
-49.15198
-50.51823
-49.21442
-48.11088
-49.59455
-50.03869
-47.43175
-50.53046
-48.34280
-47.52134
-47.70803
-50.51682
-49.75121
-47.83901
-50.21776
-50.04333
-50.09316
-50.64744
-47.89857
-49.60261
-49.29468
-50.17717
-47.45315
-49.01004
-49.86030
-47.17255
-49.27339
-47.91657
-48.03611
-48.03196
-47.65130
-49.45137
-48.71737
-50.18564
-51.76544
-47.71133
-49.77769
-50.99370
-48.90919
-48.70334
-50.26188
-45.54821
-47.27666
-50.65327
-48.92317
-46.96812
-47.28965
-48.25978
-50.71043
-48.95424
-46.74494
-50.35224
-48.75735
-47.48686
-47.95628
-47.53757
-49.96206
-48.87416
-51.05928
-48.29645
-49.94079
-50.84622
-49.82835
-48.87618
-50.72017
-48.87033
-47.62961
-48.11775
-48.32763
-48.82160
-47.57569
-48.93514
-49.73680
-47.52602
-50.21266
-47.09942
-49.25716
-49.27595
-48.69345
-49.08649
-50.76071
-48.77596
-49.00119
-48.84830
-48.44472
-51.21784
-49.12713
-50.78474
-49.49997
-49.39637
-47.74028
-48.68221
-50.26888
-48.00308
-48.87391
-49.17610
-48.51226
-47.72355
-51.80003
-51.57121
-48.23704
-49.77348
-48.53556
-48.92968
-47.50432
-48.97677
-50.32391
-47.67557
-48.91494
-48.05431
-49.45721
-48.11202
-47.89138
-49.56151
-50.25252
-48.66447
-50.11114
-49.74236
-48.05783
-48.20585
-49.43096
-48.75980
-48.89017
-49.90640
-48.13300
-47.35271
-45.78660
-49.26713
-48.31258
-47.03143
-48.75269
-50.38960
-47.01535
-47.85849
-49.63854
-48.12697
-49.42453
-48.39173
-48.17422
-49.87588
-48.28572
-49.28538
-47.58391
-49.60615
-45.87632
-50.23668
-51.74933
-48.31543
-48.31392
-47.19785
-49.00871
-49.32053
-47.05237
-47.90054
-48.31943
-52.00344
-46.87070
-46.83013
-49.39126
-48.88630
-49.11985
-49.56334
-48.41380
-48.03377
-49.08006
-47.00266
-49.30001
-48.99026
-48.64213
-50.63394
-49.93511
-49.07681
-48.85306
-50.03908
-48.57922
-46.98036
-47.43275
-47.76448
-50.02530
-46.30266
-46.37405
-48.73224
-46.95643
-49.96074
-51.95381
-47.29058
-47.89682
-50.59704
-48.35166
-51.24304
-48.92111
-48.04622
-48.95628
-48.81712
-49.09763
-50.56585
-50.07167
-47.12361
-51.52470
-49.67919
-48.63483
-50.77008
-48.10984
-49.39280
-48.92161
-47.04381
-48.37009
-47.03728
-49.91895
-50.24347
-48.32483
-50.48292
-48.39361
-48.35375
-48.21514
-47.52408
-48.78511
-47.41976
-49.04353
-49.17384
-48.93662
-48.84688
-47.88406
-49.66994
-48.87269
-48.98094
-49.36726
-47.12426
-52.12225
-50.89662
-48.96038
-48.83945
-50.12293
-47.73701
-49.75196
-48.21853
-49.28624
-49.91465
-46.88997
-48.52308
-46.31504
-48.80346
-50.19818
-48.72167
-47.77628
-47.53056
-48.34275
-48.15107
-48.17390
-51.06506
-47.56156
-51.15280
-47.59081
-49.73891
-47.13971
-47.04769
-46.31671
-50.50281
-50.10397
-48.07038
-48.56223
-46.87626
-51.32992
-49.21352
-51.16090
-49.21566
-47.06141
-48.26590
-48.40614
-49.13727
-47.01045
-46.69868
-49.53297
-50.53037
-48.29377
-50.16303
-48.49576
-47.77568
-49.65590
-49.85502
-49.43966
-47.89528
-45.81671
-49.40476
-48.64201
-48.38658
-48.20589
-48.80151
-50.97302
-49.59673
-48.12034
-50.04777
-48.08481
-48.74108
-49.68591
-49.00563
-50.76943
-49.01434
-51.04904
-48.51455
-49.20173
-48.96128
-48.93870
-48.16548
-49.48963
-47.85938
-47.20301
-49.08031
-48.92631
-49.70371
-47.83750
-49.54223
-46.70558
-49.08139
-47.06930
-47.54367
-49.13993
-49.83127
-49.68352
-48.44654
-48.20642
-49.57409
-48.43280
-48.07133
-49.42052
-49.83992
-47.61873
-49.26816
-49.93407
-47.41442
-49.96356
-47.97260
-49.30422
-49.58563
-47.09393
-49.08292
-47.15498
-49.58359
-49.95056
-49.26344
-48.40620
-49.28698
-47.16000
-46.77537
-49.89557
-46.41551
-49.09520
-48.39013
-48.07286
-48.18563
-47.99419
-49.08268
-48.34355
-49.05604
-48.17618
-46.57258
-49.09507
-49.65714
-48.69228
-47.32436
-48.52831
-47.99858
-49.72198
-49.46132
-47.53171
-48.08981
-49.78995
-49.27740
-48.96301
-47.50670
-48.37899
-48.73031
-46.46297
-48.03075
-49.87536
-48.47533
-48.21665
-48.04188
-48.50223
-50.10441
-47.81554
-49.60448
-48.94946
-47.44001
-48.71690
-47.47934
-50.16620
-50.46508
-46.83102
-48.24901
-47.89425
-49.14162
-45.89641
-49.45419
-48.14537
-48.94892
-48.71475
-47.77607
-50.55668
-47.54874
-48.20595
-49.25866
-48.58115
-50.72479
-50.46822
-49.52160
-48.71296
-49.18328
-46.63261
-48.23563
-48.89289
-47.77789
-48.95962
-47.55878
-46.86073
-48.93206
-48.77739
-47.51582
-47.28268
-47.11952
-46.66796
-47.31503
-52.36764
-48.18196
-47.81607
-48.25976
-50.42430
-49.85595
-49.15023
-51.01141
-49.67112
-46.63604
-48.96377
-46.45048
-48.07877
-49.68475
-47.64668
-47.02989
-48.49519
-48.80440
-49.06799
-49.62775
-48.79604
-46.74698
-46.45158
-47.30413
-49.52410
-49.41230
-49.05972
-48.40059
-47.70704
-49.21722
-45.57690
-47.74203
-48.84535
-48.04671
-49.54128
-47.98800
-48.09527
-47.41678
-48.77928
-49.03713
-49.42320
-51.74480
-47.81932
-47.10147
-48.46683
-48.81725
-47.46826
-48.97473
-48.51877
-47.16725
-49.08815
-49.07442
-47.18284
-50.46245
-50.22155
-45.24832
-48.85012
-49.29054
-49.79211
-49.32538
-48.27265
-50.23137
-48.12574
-48.90218
-47.07699
-49.19549
-49.52799
-48.17574
-48.99579
-48.45014
-48.94493
-49.29466
-50.24172
-48.17265
-50.78617
-46.35849
-49.07402
-49.59225
-49.22477
-47.73763
-47.55530
-49.46692
-48.83992
-48.94786
-47.51271
-49.68487
-46.30946
-47.64129
-49.08978
-47.61890
-50.46588
-48.25208
-48.68728
-50.68750
-48.83895
-48.69973
-47.35474
-48.80960
-48.78874
-48.53054
-47.90947
-48.36048
-48.31890
-49.81575
-49.31032
-47.76145
-48.55265
-47.98961
-50.35326
-48.98473
-48.35814
-48.45570
-48.09250
-46.90592
-47.64044
-48.76076
-47.86402
-47.68196
-47.25694
-48.22250
-49.49350
-48.70750
-46.79079
-49.53533
-46.26295
-47.86960
-47.54115
-48.81749
-48.69427
-45.51860
-46.97695
-49.80364
-47.01068
-47.65619
-47.49404
-47.32235
-48.20168
-46.52501
-48.98340
-47.85899
-47.95552
-48.40809
-48.96580
-48.31255
-48.93694
-47.72376
-49.67703
-45.27072
-47.85355
-49.74751
-47.79788
-48.89664
-50.62708
-48.46466
-48.71327
-50.92203
-49.71385
-49.53299
-48.81171
-49.77390
-49.27755
-49.84079
-49.24362
-48.74418
-48.42621
-49.71572
-47.43608
-47.92833
-49.29795
-47.54929
-48.57205
-48.16373
-47.79237
-47.58794
-49.54944
-48.01400
-49.93934
-47.74624
-47.78527
-47.21347
-47.31800
-48.06095
-46.16954
-50.72177
-47.33151
-47.30978
-47.92130
-49.43975
-49.98893
-48.20496
-47.08898
-47.61550
-47.88587
-47.73624
-48.75447
-48.27271
-47.32286
-47.18554
-45.97748
-49.06052
-45.65336
-47.85474
-45.75743
-48.97113
-46.42891
-47.28857
-48.66198
-46.43792
-49.64761
-47.01972
-49.45257
-46.06305
-48.58669
-46.38271
-48.08937
-46.66744
-46.43801
-47.47414
-46.05054
-48.22196
-48.20328
-48.62321
-47.96037
-48.07025
-44.89848
-50.38741
-46.90318
-46.34517
-46.76488
-48.05855
-48.14959
-47.22964
-48.09100
-48.40682
-49.80651
-49.05527
-47.82034
-48.07175
-47.75223
-49.22801
-46.45991
-46.25510
-48.94751
-47.70934
-48.90430
-48.13502
-45.66797
-48.49061
-47.59303
-50.10243
-48.34544
-46.63417
-48.88886
-48.54265
-47.27786
-46.68096
-49.30117
-47.20437
-48.78997
-47.77220
-47.83854
-48.17311
-47.08328
-46.94086
-50.04825
-49.59912
-47.93277
-51.55752
-47.81086
-46.55532
-47.92083
-46.30043
-46.88587
-48.70413
-48.89634
-46.56148
-49.02641
-45.13167
-45.40218
-47.26708
-45.84896
-47.26257
-46.41989
-48.94349
-49.23968
-46.90901
-50.34352
-46.18685
-45.84392
-49.27520
-45.85477
-47.76330
-48.44974
-48.43504
-46.36890
-47.90965
-45.92180
-46.82057
-49.65096
-46.82486
-46.58441
-48.25344
-45.14112
-46.83455
-48.10243
-47.86264
-47.66752
-47.56982
-45.70174
-47.37040
-46.89449
-47.82870
-46.59481
-49.11842
-47.23683
-48.79359
-47.39156
-48.52907
-46.94825
-47.43535
-47.56114
-46.90827
-47.44743
-48.23909
-46.11116
-48.44750
-45.16370
-47.62360
-48.30982
-46.79003
-48.52823
-49.95951
-47.46786
-43.49890
-48.19218
-48.91599
-48.95845
-49.50136
-47.05136
-43.04735
-48.17903
-48.19006
-45.97622
-47.46507
-47.74371
-47.46603
-47.46704
-47.41751
-47.00336
-47.38162
-48.53214
-46.78933
-46.06421
-45.44116
-47.90190
-45.67498
-47.42228
-48.35545
-46.88839
-48.23179
-47.93193
-46.82784
-47.72339
-45.21261
-48.11026
-47.04181
-46.62753
-47.15692
-47.73483
-45.91276
-47.03188
-46.51035
-46.12125
-47.53967
-47.24740
-46.30607
-46.04912
-47.61965
-45.21231
-45.64300
-46.47921
-46.42424
-46.73864
-45.05168
-48.64690
-45.62949
-47.57916
-46.67459
-46.74484
-46.16463
-46.90390
-45.60612
-46.03905
-45.66607
-48.86887
-48.02399
-46.87911
-45.89825
-48.67055
-47.76795
-46.25265
-46.39298
-45.79752
-47.46875
-46.84324
-48.28180
-46.14757
-44.40357
-45.34589
-47.53267
-47.23434
-46.11461
-45.85102
-46.89252
-46.15972
-48.40410
-44.87888
-44.71351
-47.23256
-44.84098
-46.62217
-47.84514
-45.09824
-47.01947
-44.56389
-48.30941
-46.40623
-45.71453
-46.66911
-48.14782
-47.38528
-48.24835
-45.54180
-46.48706
-49.34150
-46.10428
-47.34460
-44.52788
-45.42263
-44.73409
-47.47464
-45.82763
-45.83448
-43.36906
-47.55539
-47.48363
-45.04787
-46.71231
-44.30277
-46.76618
-46.52513
-44.30302
-47.72359
-47.00356
-45.59941
-45.69123
-45.90634
-47.26994
-45.52312
-48.13421
-47.63047
-46.93405
-46.43980
-47.05772
-44.72318
-46.15441
-48.23672
-46.85891
-46.00303
-45.24884
-45.05306
-47.82648
-46.16837
-44.24459
-47.06461
-45.72882
-45.65963
-46.04439
-46.53750
-46.56526
-47.07805
-46.44159
-45.96942
-46.61556
-44.90304
-44.94929
-45.30247
-45.50836
-46.97840
-46.57761
-45.87383
-41.87285
-45.64151
-44.28421
-46.74009
-45.69422
-44.96577
-45.37930
-45.76891
-46.13421
-45.97581
-44.69508
-47.18087
-45.01922
-44.12045
-47.07341
-47.17552
-47.71246
-43.83560
-43.93355
-44.63838
-47.03645
-45.44300
-47.50890
-48.28490
-44.53754
-44.30968
-45.96377
-47.47531
-46.72066
-43.36661
-48.57762
-44.09393
-46.75111
-47.73647
-45.21535
-46.73607
-45.49178
-45.82632
-43.59511
-46.12444
-43.02764
-44.34628
-43.39793
-45.56517
-43.83029
-46.29847
-44.60705
-46.30591
-43.57096
-43.83596
-45.23025
-44.38432
-45.30705
-43.77386
-45.75548
-46.00643
-46.57633
-45.20045
-46.21044
-47.29907
-43.68031
-44.48230
-45.76062
-44.04216
-45.79574
-45.67739
-44.28096
-44.33582
-46.29973
-44.60192
-46.29020
-46.10169
-45.46165
-45.14412
-45.90013
-45.27981
-45.40745
-44.51459
-46.93690
-45.91711
-43.61751
-45.14272
-44.10153
-43.82033
-44.55107
-44.41376
-44.64226
-44.64394
-44.41082
-44.37453
-42.81105
-42.38263
-47.18002
-44.60622
-45.74373
-44.28850
-46.07533
-45.85926
-44.69392
-46.40794
-44.80149
-46.76328
-43.43204
-43.95156
-44.24277
-44.58983
-45.22810
-46.12385
-44.96965
-45.83674
-45.22534
-43.70595
-45.22418
-42.39941
-43.49254
-45.15989
-42.98897
-44.46991
-45.61437
-43.74933
-43.15317
-42.20152
-45.72062
-44.55930
-43.75594
-44.55881
-47.15564
-44.63411
-43.43134
-44.96241
-47.07833
-45.57095
-43.75604
-42.97200
-44.14764
-45.69028
-44.75258
-42.75470
-44.06955
-43.84032
-45.23952
-42.85732
-44.54307
-43.99761
-45.55016
-44.65592
-45.24077
-45.59678
-44.89199
-43.59783
-43.30963
-45.06701
-42.91773
-43.34618
-45.60757
-43.84888
-43.66844
-41.76094
-45.28288
-44.86463
-44.08088
-46.33273
-43.15296
-42.44136
-43.07272
-43.40839
-41.77874
-44.85381
-42.38395
-43.66863
-44.41997
-43.96490
-45.20794
-44.71450
-42.60229
-43.53437
-43.34534
-44.88516
-42.41089
-41.50731
-44.99349
-43.11202
-42.46624
-46.23990
-43.71998
-44.81728
-43.32388
-43.73084
-43.91532
-42.82904
-43.10157
-39.35004
-42.49244
-43.61066
-42.92229
-43.09913
-44.79782
-44.01099
-42.90037
-45.52345
-44.34238
-43.17140
-43.44674
-45.55363
-46.64126
-42.45671
-42.00205
-42.58046
-42.68356
-44.09043
-43.82759
-41.17697
-43.28596
-43.29400
-44.13471
-41.51889
-44.83633
-44.50212
-44.45465
-43.95679
-44.74173
-41.07083
-43.99328
-40.57272
-44.62196
-43.30824
-42.59993
-43.61280
-41.42332
-41.87959
-41.41151
-42.26014
-41.53195
-44.46099
-42.94780
-41.72313
-44.00974
-42.66099
-44.41307
-41.42677
-41.92540
-41.45451
-42.33529
-44.54323
-41.48102
-42.50652
-42.30405
-43.79673
-43.34562
-41.89711
-41.85129
-45.00600
-44.50067
-43.90305
-42.46770
-41.56978
-42.35640
-42.83885
-41.85577
-40.74791
-43.18612
-42.07795
-43.58167
-42.63706
-41.12628
-42.17424
-40.09336
-42.62484
-41.82823
-41.69094
-40.38984
-41.78908
-41.61013
-42.91552
-41.25658
-44.45836
-44.49533
-41.61744
-41.67511
-41.97485
-42.64621
-40.50757
-43.48558
-41.49945
-41.80374
-42.48723
-41.73083
-40.27040
-40.98171
-41.92731
-41.21838
-41.46857
-41.75423
-43.01030
-41.97006
-43.25292
-42.63535
-40.80214
-44.60469
-42.28140
-40.57195
-41.09438
-42.20116
-40.68030
-41.58991
-45.08918
-41.70055
-41.58371
-37.42013
-42.21977
-40.79575
-42.32322
-39.45148
-42.66873
-40.22403
-40.95165
-41.00622
-42.10671
-41.55543
-41.18488
-40.70689
-39.87719
-39.03818
-41.63443
-41.51286
-40.59592
-37.90885
-41.02991
-40.02323
-40.98547
-40.00206
-40.31377
-40.30223
-39.94114
-38.24057
-41.87493
-39.79165
-40.44246
-40.03807
-40.16620
-38.09730
-42.06267
-40.89388
-40.74889
-39.50218
-41.69491
-40.10572
-40.68195
-38.69731
-39.61893
-40.38491
-40.88980
-41.78184
-38.94887
-40.04547
-42.95734
-40.60094
-40.72872
-40.76968
-39.02632
-39.65651
-41.66596
-40.99873
-39.95696
-39.42364
-42.07605
-40.10893
-41.03817
-40.38408
-39.58911
-39.07850
-39.42253
-41.91560
-40.08846
-39.58816
-41.79480
-39.60722
-40.30652
-40.79292
-39.48720
-38.06995
-40.52616
-39.56749
-38.57378
-39.90614
-39.18545
-40.27733
-40.01664
-41.00711
-40.23008
-39.39855
-38.40143
-40.57201
-42.26715
-37.99134
-39.85826
-39.95051
-40.24557
-39.59762
-38.02539
-37.64517
-39.50721
-39.77167
-39.15470
-39.70260
-37.31621
-40.93347
-38.71144
-40.82018
-37.49249
-38.63347
-38.91454
-39.33500
-38.89855
-38.99583
-39.39696
-38.24430
-39.30911
-40.15220
-41.37413
-40.52783
-40.34391
-39.97087
-39.34094
-38.96523
-39.75877
-41.57339
-37.12134
-40.10982
-39.69844
-40.00410
-37.96918
-41.31820
-37.43977
-41.66275
-37.81532
-39.50356
-39.12694
-40.48010
-39.74393
-39.27354
-37.99399
-39.38065
-38.74232
-38.74579
-38.81742
-37.36849
-40.65295
-38.41564
-38.27901
-38.21032
-38.20920
-38.10528
-36.70484
-36.16512
-38.48568
-37.75608
-38.81031
-36.98409
-37.16450
-40.09212
-39.94622
-36.78661
-37.40335
-37.45227
-37.44621
-37.24357
-38.18302
-38.17386
-37.41555
-39.06243
-38.39001
-38.19688
-36.88124
-35.24845
-36.52940
-36.64593
-37.70390
-38.35473
-38.11331
-37.29787
-39.07717
-37.95843
-36.19232
-36.95691
-35.56440
-37.54102
-37.04263
-35.83135
-36.93373
-35.85427
-33.23537
-35.22428
-36.50201
-36.53841
-39.02118
-36.11996
-36.82445
-37.43495
-36.51511
-38.54622
-37.16212
-38.22984
-37.96959
-38.55201
-38.73223
-36.65236
-36.21951
-38.59635
-37.75892
-35.24310
-36.67103
-36.35506
-34.41050
-37.27734
-39.03381
-37.54446
-35.88920
-36.82112
-38.21847
-37.21376
-37.57292
-35.81457
-37.94771
-34.98003
-36.04337
-36.19514
-37.78775
-37.48001
-37.12235
-35.59488
-38.39339
-37.12232
-39.26038
-36.97634
-40.26527
-37.12085
-35.09882
-36.59910
-37.19112
-34.88282
-35.62863
-34.57600
-36.44636
-35.72331
-37.55011
-35.79149
-37.19192
-36.62982
-34.24248
-37.91301
-36.61222
-36.95293
-35.14055
-33.43576
-35.57524
-36.73940
-37.85148
-32.61179
-36.49051
-33.85817
-35.84887
-34.07344
-36.44059
-34.08027
-36.27166
-33.60960
-35.11843
-36.60095
-36.25690
-33.70649
-35.61605
-33.86628
-38.29108
-35.63310
-36.02786
-35.78518
-35.54657
-34.06867
-37.03696
-34.18998
-37.96597
-34.79435
-36.68562
-36.50855
-34.83479
-34.49325
-35.43445
-32.15403
-35.46655
-36.57586
-35.28073
-34.62100
-34.80907
-34.52638
-36.84294
-32.53880
-35.22906
-34.07404
-34.56386
-33.32572
-34.15042
-32.97135
-33.10708
-35.06211
-34.29430
-34.94567
-33.06942
-37.78418
-34.20440
-35.03529
-34.44279
-38.53049
-31.96027
-35.59695
-34.23748
-35.44836
-32.88574
-33.63287
-33.70010
-35.58231
-34.12626
-34.56104
-34.06627
-34.14439
-36.57922
-35.25167
-33.64604
-33.95951
-34.62861
-32.99449
-36.11275
-34.04303
-36.19076
-32.97750
-35.14620
-33.40525
-34.70991
-33.85161
-30.98961
-34.40428
-33.98333
-35.65601
-34.58754
-34.15965
-33.85696
-32.59281
-34.54470
-34.24726
-32.61930
-32.80029
-32.69850
-34.75434
-33.09012
-33.83606
-32.84572
-33.01488
-32.97103
-33.47329
-33.85917
-32.50788
-34.47698
-33.13823
-34.03458
-33.89066
-33.67506
-34.94411
-33.82019
-30.76776
-35.35765
-33.35041
-33.05787
-31.18263
-33.11248
-35.48551
-33.38255
-32.62544
-33.01213
-32.69659
-32.21455
-33.15486
-32.82452
-33.23677
-33.24270
-32.44070
-34.63006
-33.14024
-35.19300
-34.51003
-32.71445
-36.10592
-29.98997
-31.15234
-31.99298
-33.09124
-35.67827
-32.02368
-32.31423
-32.21305
-34.74193
-33.26451
-31.98766
-32.71954
-33.08555
-33.53156
-33.53656
-32.34661
-31.82969
-34.14563
-31.66392
-31.34490
-35.27229
-33.43721
-30.68201
-32.29361
-33.17039
-30.95424
-33.49684
-29.65508
-31.83133
-31.07937
-32.09635
-34.39768
-31.41732
-30.52647
-33.24162
-33.19557
-34.29296
-31.00839
-31.54219
-30.05004
-31.26759
-29.50334
-31.42225
-29.12697
-32.18331
-32.64503
-30.43700
-33.28425
-32.89981
-31.98447
-30.62106
-33.18990
-30.23476
-30.52709
-29.03618
-31.92452
-31.57534
-32.95369
-33.08188
-31.35036
-32.33768
-31.79596
-31.99644
-31.56490
-30.63196
-29.03938
-30.13940
-29.80586
-30.94196
-31.49328
-30.86693
-30.64447
-28.40814
-32.07071
-32.81953
-30.03663
-30.24558
-27.43838
-31.59781
-29.85462
-31.02178
-30.21232
-29.21035
-31.01812
-30.60766
-29.50000
-29.24378
-29.25903
-29.17577
-31.50957
-32.12788
-30.64955
-31.54798
-29.67315
-29.33980
-27.50615
-31.64268
-30.71480
-29.71072
-28.88380
-31.74538
-30.61623
-27.37107
-31.82847
-31.04637
-30.01477
-29.14575
-28.27424
-32.29576
-29.98079
-29.28579
-34.01940
-31.26026
-27.93139
-32.80683
-27.39890
-31.61339
-27.26750
-29.18978
-32.20530
-31.08789
-27.76758
-31.44131
-31.87103
-31.57649
-28.29040
-30.20359
-30.48622
-30.74450
-28.97566
-29.16575
-30.26566
-28.83635
-32.14655
-26.75412
-28.62220
-29.79449
-29.47003
-28.99312
-29.53696
-28.57415
-30.02852
-29.83383
-29.48796
-30.40096
-28.16648
-29.80421
-30.36939
-30.37052
-27.08854
-31.61952
-30.47341
-28.85631
-28.03185
-28.04676
-28.33842
-29.13824
-30.65016
-31.83700
-29.04835
-29.03604
-29.49483
-28.97940
-28.44179
-30.10544
-29.95135
-29.97757
-28.58876
-30.79897
-29.31736
-29.49908
-28.61083
-27.22178
-28.48815
-28.75136
-28.20861
-28.97114
-29.24435
-28.30973
-27.35255
-28.76809
-29.12480
-30.75210
-29.04950
-26.40460
-27.71859
-28.35011
-28.99078
-27.58943
-29.10821
-28.84894
-27.89108
-28.21544
-25.57406
-27.33591
-27.92957
-30.04427
-28.66344
-26.10946
-29.55243
-30.09202
-28.99853
-29.16104
-30.26171
-26.93894
-27.60874
-26.46751
-26.55395
-29.42243
-25.70908
-27.43688
-27.71498
-29.40980
-26.88138
-27.37315
-27.67462
-28.17689
-28.39452
-25.73157
-25.70802
-28.72334
-27.79660
-28.78639
-26.65970
-25.62503
-27.41451
-25.75477
-25.97643
-26.64508
-24.55352
-27.80054
-26.25022
-27.54917
-28.09941
-26.71563
-26.23113
-27.82133
-29.35701
-27.40818
-27.92332
-24.59617
-27.40606
-28.66496
-27.72097
-29.42469
-27.08416
-27.42983
-25.90358
-28.06121
-26.70896
-27.62162
-25.87813
-26.59615
-26.61537
-26.05539
-24.57562
-26.85967
-27.17274
-26.83560
-27.91114
-27.19972
-25.97400
-27.57807
-28.08955
-27.19181
-27.82782
-27.54210
-26.95978
-24.84334
-25.02086
-25.15634
-27.26859
-23.87628
-28.15582
-26.03975
-23.86574
-25.80121
-27.73074
-26.88023
-26.78028
-27.29755
-26.81452
-24.87627
-28.22307
-24.24975
-24.82763
-25.60103
-25.00594
-26.15592
-26.32401
-26.13001
-24.19903
-25.84866
-24.99333
-24.85827
-25.33992
-26.60110
-24.59008
-25.98363
-26.28105
-27.34476
-23.76351
-25.76204
-25.00590
-25.60037
-26.81347
-25.84954
-25.67063
-26.21681
-25.13739
-25.31005
-25.57987
-26.36397
-27.32210
-27.00517
-23.56624
-25.42540
-25.49500
-27.39158
-22.71442
-24.56202
-24.56759
-25.61167
-25.43602
-26.83087
-26.44251
-23.76963
-27.31578
-24.97995
-25.96605
-26.62220
-25.59128
-26.34251
-25.71121
-26.83839
-26.21967
-28.11970
-23.47185
-27.31203
-24.27169
-25.82105
-24.39474
-21.90485
-26.47831
-23.84101
-25.32609
-24.66626
-23.69951
-27.40793
-23.70412
-24.22607
-24.02147
-26.21779
-24.60039
-24.49355
-23.44837
-24.09698
-25.06235
-24.68722
-24.21435
-24.52253
-25.03336
-24.16497
-24.46322
-24.04810
-25.30016
-24.53760
-23.62847
-23.07859
-23.31166
-25.68544
-24.92969
-24.53796
-24.46818
-25.11696
-25.45926
-23.32183
-24.20911
-21.01166
-22.13180
-25.79009
-23.60569
-26.16862
-25.02052
-27.70231
-24.98293
-23.69543
-23.54108
-26.31260
-22.14972
-24.92174
-24.87758
-23.36291
-24.97746
-23.92934
-22.40493
-23.75933
-23.37484
-23.69638
-23.88571
-26.24416
-23.12441
-25.68008
-24.45928
-23.92289
-23.11222
-23.88450
-20.26218
-25.45094
-23.40681
-22.07372
-21.17466
-24.14602
-21.74297
-22.64076
-25.61990
-24.18737
-21.95931
-22.11777
-21.43472
-23.25259
-24.06787
-22.11592
-24.53417
-23.32192
-24.61987
-22.17360
-22.82012
-22.27935
-20.69246
-22.11247
-24.81839
-22.87137
-23.99245
-21.80828
-23.89920
-25.19983
-25.46926
-23.79652
-24.19493
-22.49982
-23.83816
-22.46254
-22.92022
-22.61395
-22.43197
-23.92315
-24.70440
-25.63238
-22.93950
-22.01269
-21.82794
-22.11571
-21.00803
-24.48959
-22.80180
-25.57291
-20.60296
-23.79290
-20.90116
-22.31428
-22.64052
-22.68917
-23.35361
-23.58888
-23.28925
-21.84619
-21.54096
-21.91330
-21.77135
-24.23538
-21.94428
-20.69783
-23.29353
-21.36122
-21.81225
-21.29313
-24.34837
-24.42567
-20.76530
-24.53120
-20.95158
-22.37642
-22.29243
-21.67787
-20.93386
-23.01409
-23.43585
-20.34473
-23.46426
-22.90219
-23.45004
-22.21301
-23.03196
-23.21887
-22.53287
-22.77698
-22.35273
-22.10555
-21.23424
-20.22296
-21.36739
-21.34239
-22.11222
-20.74436
-20.88851
-22.99621
-20.32046
-20.12695
-23.15596
-22.92866
-23.53821
-23.53049
-22.00463
-21.49945
-24.35111
-22.63607
-22.33655
-23.34184
-23.78803
-23.80181
-20.30094
-23.99646
-22.10675
-22.32510
-20.56152
-25.97457
-20.50026
-22.24116
-19.19952
-23.73918
-21.96106
-19.86661
-18.97309
-22.08305
-19.98703
-20.67266
-22.38034
-21.88559
-20.96358
-20.61105
-20.84154
-20.08917
-20.48750
-21.18486
-20.56704
-19.31273
-19.79908
-19.83844
-19.18335
-21.22739
-19.14383
-19.97544
-19.10429
-19.34867
-19.69048
-23.36552
-22.53851
-25.03889
-21.36466
-23.56147
-22.89237
-21.36510
-19.41601
-21.04512
-20.21450
-20.94742
-20.47725
-20.03633
-20.70052
-19.17897
-21.04893
-21.97933
-19.37106
-21.33973
-20.33833
-21.89982
-21.93559
-20.74303
-21.43295
-19.56983
-21.51634
-20.54577
-20.82666
-18.65302
-21.66413
-20.29862
-19.51147
-20.87045
-21.06692
-19.23118
-19.73714
-19.40638
-19.17097
-17.74593
-19.52213
-20.73310
-20.93017
-21.35527
-22.14649
-21.50137
-21.66753
-20.86025
-21.53806
-20.03019
-19.94417
-20.63345
-22.82976
-22.73447
-22.68901
-20.46786
-20.27584
-17.75915
-20.73732
-22.60306
-20.67076
-20.40671
-19.83789
-21.48799
-19.75910
-18.85761
-19.27154
-20.02043
-19.21933
-18.80441
-21.45193
-20.73005
-20.18793
-18.31909
-20.09279
-20.89018
-20.01962
-19.55012
-19.37654
-20.36550
-18.58393
-20.23446
-20.54976
-22.66184
-22.89377
-22.04716
-20.53164
-20.67228
-19.10410
-19.71573
-19.16141
-18.40021
-19.74743
-20.08286
-20.35107
-18.57301
-19.77603
-21.01290
-20.25475
-20.19567
-20.91189
-19.93824
-21.64916
-19.74949
-20.09048
-21.61687
-20.38026
-21.04276
-20.91093
-17.67064
-20.52521
-19.24901
-19.02797
-21.13017
-20.21541
-20.96544
-21.04468
-20.07543
-20.88662
-17.93342
-17.40881
-18.73003
-19.80472
-19.54585
-19.34005
-18.82921
-18.63038
-19.50648
-18.10519
-20.98313
-18.64378
-18.84227
-18.70206
-17.83908
-17.53205
-18.69098
-19.62489
-17.69587
-18.52373
-18.07714
-20.15371
-18.00316
-20.58514
-20.39762
-21.95623
-18.97484
-19.50272
-18.23913
-18.42000
-20.15199
-19.31990
-20.01578
-19.70944
-18.81894
-19.41471
-18.79571
-20.45126
-19.81064
-17.13245
-22.45894
-18.62972
-18.46461
-19.60123
-19.23719
-18.67180
-19.55414
-19.47717
-19.81780
-16.21302
-18.00841
-18.15270
-18.84041
-19.91741
-19.02364
-17.48044
-19.09072
-17.74466
-18.40654
-18.81300
-18.80220
-16.46886
-19.06628
-17.02151
-18.74517
-18.78764
-18.04979
-19.42838
-18.56169
-17.54817
-17.47989
-18.45650
-18.46274
-20.65148
-20.89065
-19.40396
-20.16307
-17.72186
-19.70468
-21.02620
-19.48794
-18.11636
-17.06121
-17.22900
-18.96728
-19.38742
-18.39416
-19.42678
-17.99922
-16.67550
-17.92175
-17.67032
-18.16065
-17.66232
-17.24788
-20.44271
-19.42882
-18.94789
-17.75289
-18.60841
-17.67911
-16.96880
-17.05470
-19.60302
-19.55271
-17.82366
-16.99348
-18.24205
-18.16387
-17.63459
-17.21810
-15.49750
-17.30424
-18.65594
-17.45642
-19.71738
-20.73724
-19.67304
-17.73929
-17.16637
-18.96109
-18.29862
-19.73985
-18.11860
-16.31753
-18.62690
-18.72841
-18.13079
-16.91623
-19.14839
-18.14601
-17.99111
-19.38342
-17.94609
-17.68764
-19.11415
-14.72130
-16.80404
-17.99971
-17.77821
-17.24541
-19.34631
-17.44074
-17.79516
-18.79773
-17.82881
-17.59133
-16.66059
-19.27432
-17.50849
-19.10273
-14.75909
-18.00659
-16.74984
-16.93779
-17.07629
-20.09164
-17.50605
-16.63670
-17.10456
-16.03863
-17.94459
-19.15558
-17.36324
-16.77290
-17.44689
-16.92423
-19.65710
-17.08538
-20.06758
-18.29942
-17.77046
-18.02792
-19.58167
-16.79332
-17.52833
-17.54012
-18.17643
-17.49093
-15.13754
-17.67474
-17.57520
-18.35030
-17.46040
-19.89473
-16.59807
-17.88481
-15.56374
-16.58126
-17.81789
-17.45832
-16.72853
-16.12728
-18.41931
-16.55170
-17.02446
-17.70504
-16.18551
-17.65072
-19.51051
-18.02165
-17.11464
-18.16954
-17.86735
-16.71254
-15.39477
-18.46113
-16.46372
-17.58852
-15.06652
-15.72385
-16.97487
-16.09334
-17.67320
-18.34553
-18.04927
-19.93776
-16.79070
-18.73461
-18.79490
-14.59387
-17.25796
-17.26050
-18.66867
-16.21674
-18.37581
-17.16119
-17.54786
-18.04006
-16.76656
-16.57935
-17.04792
-16.66369
-15.84934
-16.98074
-17.09032
-16.28844
-15.53370
-16.27647
-18.38308
-17.42095
-17.51625
-17.42834
-15.69120
-18.15000
-19.76060
-14.93248
-15.97823
-16.43146
-15.83051
-17.76796
-19.88936
-17.49547
-16.00213
-14.55523
-17.71718
-15.86611
-15.54851
-16.84106
-17.99214
-17.32659
-17.49667
-19.17389
-16.31929
-18.60606
-15.96370
-16.99924
-15.45595
-16.30198
-17.48436
-16.02249
-17.61308
-16.33291
-16.54771
-14.13574
-16.21428
-14.48140
-16.82485
-18.38070
-17.05423
-15.91780
-18.86621
-15.84362
-18.44241
-15.88985
-19.29801
-18.28880
-16.13541
-18.57235
-16.78071
-17.03573
-15.28300
-16.79965
-18.18859
-16.32553
-16.15749
-17.22345
-17.88369
-15.27470
-18.01807
-15.14344
-17.52617
-14.68456
-16.60274
-15.83769
-16.94841
-16.95399
-15.47704
-17.00291
-16.34680
-16.45149
-17.61492
-15.40074
-15.45640
-15.97383
-16.44181
-18.58380
-16.83035
-15.22110
-16.74879
-15.15237
-16.23089
-14.86419
-16.20624
-19.05725
-15.22794
-15.65390
-17.14449
-17.52902
-18.69221
-18.65768
-16.62339
-18.01591
-17.55348
-16.38124
-18.31802
-17.05766
-16.61263
-15.39136
-16.25146
-16.51323
-15.89680
-15.48923
-14.48948
-16.35165
-16.53340
-15.06408
-14.97607
-16.63605
-13.64990
-17.25006
-14.74632
-16.96992
-14.76791
-15.32044
-15.27725
-16.30712
-17.84868
-16.51251
-16.74568
-14.73130
-17.70198
-13.71732
-15.60235
-15.44302
-16.63490
-17.04433
-14.65492
-15.43843
-15.68675
-16.89693
-14.62011
-15.75281
-15.92439
-15.58419
-14.87495
-14.74425
-15.88208
-14.99195
-15.08660
-15.22617
-15.65601
-15.14932
-17.74801
-16.19115
-16.55978
-16.72162
-15.92971
-16.34265
-16.05452
-15.13205
-13.12074
-14.82049
-15.39286
-15.92438
-15.73593
-14.48605
-18.34918
-16.49609
-14.81519
-15.94867
-17.09959
-15.23732
-14.25487
-16.47798
-14.85616
-15.92955
-14.45467
-15.33399
-15.39600
-16.51765
-15.21425
-16.76336
-14.38810
-15.07954
-15.54328
-14.72244
-18.26722
-16.84126
-13.52709
-14.56986
-13.48968
-15.32396
-16.81651
-15.88662
-15.64366
-15.69575
-14.71098
-16.49952
-13.36842
-15.70038
-14.24453
-13.16203
-14.13028
-14.72239
-14.62758
-15.44848
-16.20621
-13.87214
-14.42686
-15.45208
-15.90804
-14.47142
-15.23823
-14.06292
-15.36833
-13.88746
-13.31850
-15.60929
-15.83207
-14.90632
-14.71225
-14.34735
-14.78462
-14.86741
-14.57046
-13.65087
-16.32240
-15.55819
-14.14414
-14.02095
-15.24560
-15.29417
-13.72012
-15.47206
-15.69182
-16.63829
-14.71285
-13.50073
-17.07597
-13.64354
-16.42463
-15.64707
-14.31233
-14.29922
-15.44391
-14.58381
-15.93595
-16.18923
-16.80251
-14.60566
-15.24048
-15.77884
-15.73344
-14.19991
-15.99527
-15.07034
-13.06014
-13.01071
-13.58052
-14.70876
-13.00854
-16.14276
-16.00560
-14.68716
-15.24173
-16.10858
-14.67074
-15.09935
-14.88360
-15.34154
-14.11317
-15.45189
-13.91698
-15.16818
-16.07473
-14.07882
-15.25378
-15.24521
-14.21699
-14.51496
-15.79347
-14.87475
-16.18467
-14.26966
-14.29733
-15.24354
-13.54374
-14.46781
-14.51606
-15.40786
-16.69939
-15.54219
-13.43330
-17.31330
-14.67710
-15.34867
-14.41408
-15.73234
-14.73746
-13.74750
-14.04457
-15.84691
-14.75383
-15.45631
-15.53569
-15.53615
-15.36696
-14.58224
-15.72573
-14.57038
-15.05232
-14.88346
-15.69241
-14.63370
-13.70752
-13.43089
-14.98333
-14.01829
-13.64807
-13.48621
-13.67748
-14.71981
-15.80518
-15.53284
-13.72578
-13.32721
-15.84963
-14.42425
-14.84565
-15.81347
-15.05767
-15.10312
-14.68857
-13.64276
-14.28643
-15.05324
-15.84911
-15.13335
-14.26336
-14.33254
-15.38936
-13.57134
-13.80547
-11.81248
-16.12917
-13.38143
-15.64137
-11.81938
-14.94982
-13.53067
-14.39833
-14.96182
-14.16342
-14.98439
-13.63576
-16.22444
-13.44183
-14.84930
-13.19314
-14.69670
-13.11005
-13.73959
-14.51485
-13.24967
-12.20921
-14.63900
-15.21690
-13.34175
-16.99942
-13.62596
-14.10415
-15.27239
-14.23907
-15.40790
-14.19220
-14.59131
-15.75157
-13.38398
-14.24353
-13.72012
-15.96041
-13.98893
-15.04340
-12.81663
-15.06903
-13.27024
-14.42150
-12.11768
-14.62175
-13.16148
-14.96801
-13.70556
-13.52511
-14.84170
-14.85850
-14.92036
-13.32193
-14.62721
-13.04105
-13.83572
-14.00489
-15.15397
-14.89099
-13.80545
-15.21728
-13.77519
-13.97284
-13.51923
-14.89974
-13.48540
-14.15156
-15.91490
-14.36192
-14.88297
-16.42235
-13.50726
-12.00702
-12.60133
-14.45436
-15.82513
-13.34389
-15.62042
-14.25977
-16.02419
-14.52674
-13.65290
-14.35859
-13.95456
-14.76844
-14.52259
-12.78043
-14.32529
-14.47684
-15.18397
-13.44305
-12.01484
-15.17049
-14.49429
-15.10694
-15.19360
-13.30816
-13.52375
-13.61494
-12.83756
-14.43920
-12.79983
-12.17349
-15.00615
-13.58777
-14.51614
-13.80782
-14.84967
-15.97826
-13.10636
-13.43416
-13.77200
-14.46293
-15.12169
-15.82574
-15.21638
-16.05831
-13.61667
-13.74489
-13.43559
-13.91520
-14.25412
-13.92117
-14.01845
-12.82169
-12.07858
-13.34947
-13.90698
-12.69424
-13.28625
-14.29211
-13.88811
-12.60652
-12.50078
-14.21572
-13.05222
-12.85556
-14.98432
-12.82398
-13.09392
-13.06916
-14.34911
-13.85895
-13.50601
-15.34196
-13.46540
-13.53906
-12.11837
-14.18168
-11.36378
-14.59338
-15.06616
-14.91771
-13.14349
-14.88716
-13.72583
-12.87694
-14.71708
-14.63895
-12.74365
-14.89188
-14.04245
-15.43565
-14.44713
-14.13170
-13.81458
-12.96065
-15.05270
-13.27262
-15.55317
-13.31149
-13.48239
-14.35081
-11.88811
-14.00981
-14.38651
-13.29957
-12.68601
-13.66378
-13.89677
-13.31083
-13.90678
-12.64680
-13.14110
-14.14791
-12.76603
-13.39944
-15.06857
-13.02310
-13.26243
-14.43261
-14.39890
-14.64343
-12.84301
-14.81366
-14.53458
-12.06642
-11.96930
-13.75822
-11.89292
-12.77174
-13.15133
-13.44641
-13.78452
-14.16978
-15.66011
-16.15852
-12.87106
-13.03492
-13.74109
-14.00892
-12.59181
-12.77499
-13.70435
-13.42426
-13.58734
-13.90299
-12.99194
-12.41210
-13.06870
-12.48373
-14.90334
-12.91296
-14.69635
-14.80723
-12.83217
-14.05316
-13.59948
-12.38293
-13.59603
-14.21143
-12.77672
-16.20873
-13.61389
-14.78381
-14.02088
-12.35494
-13.81216
-14.06878
-12.73676
-14.00579
-14.11039
-15.59674
-13.61210
-14.57291
-13.51435
-13.61435
-13.76288
-12.72302
-13.48646
-11.67335
-14.71994
-11.78684
-13.17700
-14.44492
-13.11088
-12.70099
-13.45730
-12.40738
-14.63172
-12.35116
-12.72462
-14.41469
-13.56294
-11.04237
-13.21759
-13.90906
-13.29052
-13.58596
-13.05442
-12.07270
-13.26974
-14.03626
-13.65375
-11.81421
-13.12002
-12.52734
-14.83465
-14.94430
-13.85083
-12.99926
-12.59980
-14.13765
-14.25326
-12.02216
-15.25045
-12.07848
-12.77095
-14.52576
-14.05423
-12.39642
-12.82475
-13.65178
-12.66403
-13.78232
-14.32767
-12.36282
-13.23696
-11.73788
-13.74245
-12.76106
-14.01911
-13.50729
-13.33974
-11.90525
-15.40258
-13.75352
-13.70176
-14.66242
-14.45708
-14.24954
-13.40549
-13.19411
-13.11352
-14.24062
-13.07159
-12.31002
-12.41297
-13.64344
-15.26018
-12.46723
-13.15834
-14.88096
-12.27213
-13.52387
-13.98122
-12.64154
-14.10190
-13.12518
-13.70980
-13.74766
-13.41024
-13.28368
-12.45429
-13.06509
-13.39828
-13.29406
-12.50425
-11.90080
-12.30338
-14.17421
-13.14474
-12.99799
-14.60828
-12.75287
-13.30441
-14.46646
-13.35909
-12.26236
-13.26162
-13.79044
-14.33655
-13.11434
-12.69727
-15.66542
-12.65188
-13.24293
-14.04294
-11.55139
-12.96162
-13.29244
-11.99953
-13.74110
-11.09693
-16.18034
-12.88608
-13.13369
-12.13941
-12.83179
-14.41929
-13.73676
-13.73564
-14.58517
-14.95124
-14.51648
-14.89561
-13.14840
-13.72221
-12.01467
-13.18269
-12.25282
-11.90374
-13.29250
-12.90837
-12.65593
-12.74448
-14.26926
-13.50538
-13.12058
-13.57578
-11.90295
-13.23973
-13.15491
-11.84823
-13.14260
-12.67994
-14.27585
-13.61096
-13.85926
-12.59874
-13.30018
-13.81614
-11.77801
-11.57860
-12.47965
-11.82379
-13.94356
-13.43699
-13.23449
-11.98396
-15.08924
-12.48655
-15.42949
-13.99744
-13.68300
-12.48170
-13.38647
-12.65157
-12.89784
-12.16909
-12.30286
-15.44978
-11.64943
-12.18307
-12.76224
-13.32886
-12.96774
-13.08670
-13.62795
-14.04855
-12.63278
-12.67052
-12.98486
-10.73528
-12.86267
-11.53935
-12.13836
-11.76782
-13.38726
-12.45045
-13.35786
-13.53484
-12.87470
-12.74275
-12.43610
-12.61454
-12.78850
-14.74751
-12.47154
-13.96005
-13.44655
-12.90966
-13.00821
-14.95109
-13.89793
-14.15090
-13.09780
-10.81761
-13.05967
-12.33962
-12.14579
-12.58473
-11.16315
-11.68125
-12.89204
-12.18012
-14.39082
-13.50146
-14.72631
-13.87331
-12.47568
-11.82383
-13.51441
-12.96745
-13.51926
-14.29146
-13.45346
-13.42892
-13.89861
-11.67077
-14.08983
-12.61623
-11.86586
-12.04128
-11.56001
-12.50234
-13.77125
-10.71693
-14.39191
-13.47885
-11.18981
-12.79736
-11.53005
-12.33761
-12.22009
-10.87436
-12.40472
-11.38933
-14.17934
-12.19039
-12.91346
-11.95900
-14.28977
-11.79944
-12.31819
-13.93646
-12.29719
-12.61362
-13.41782
-12.67300
-12.80678
-12.15785
-12.87027
-11.70593
-12.76562
-13.86360
-13.71141
-12.91573
-11.40238
-11.99814
-12.91136
-13.65085
-12.95332
-9.89756
-13.15106
-13.28928
-11.23898
-14.32743
-12.35816
-12.19645
-10.68956
-12.04704
-12.93985
-13.28450
-12.83620
-12.32547
-11.56505
-11.85145
-11.49235
-11.02317
-13.03874
-12.35910
-13.59173
-15.69396
-13.44867
-14.23129
-12.67354
-11.39292
-11.99776
-12.16656
-11.12655
-12.69417
-12.75230
-12.56412
-12.00772
-11.34674
-12.80776
-12.14502
-12.78667
-11.91412
-13.55097
-12.19514
-13.44542
-12.40941
-12.26914
-12.20774
-12.98309
-12.15351
-11.57160
-14.73251
-11.79313
-11.29049
-12.79720
-11.67952
-13.44111
-12.47060
-10.93290
-11.64693
-11.95952
-11.80609
-13.51625
-12.63476
-11.65379
-11.34829
-11.81174
-12.28608
-12.52825
-11.20783
-13.08324
-12.60133
-12.05516
-13.86691
-13.00705
-12.49295
-12.12465
-13.30078
-12.33753
-13.15475
-12.03931
-12.47629
-11.57078
-10.55728
-10.81193
-10.11723
-11.64319
-10.76781
-14.73255
-13.35188
-12.60047
-10.94180
-13.13375
-11.93991
-12.09645
-10.97785
-11.51701
-11.91051
-13.20005
-12.96870
-11.71185
-10.71332
-10.73313
-11.92166
-11.54611
-12.95895
-12.42106
-12.99210
-10.66645
-11.81063
-11.98582
-12.14583
-13.32595
-12.77554
-12.69484
-12.62363
-11.41860
-13.44576
-12.32297
-11.73052
-12.39034
-13.15012
-10.98477
-12.27765
-13.81574
-12.75143
-10.93915
-12.04065
-11.19832
-11.67686
-9.76350
-10.20732
-12.05777
-11.86779
-12.36574
-14.13488
-12.84262
-13.46515
-14.02773
-12.15611
-13.12101
-13.60629
-12.59200
-13.35276
-12.51564
-12.13144
-12.80072
-10.92756
-12.69728
-11.79954
-12.94319
-11.91450
-12.88313
-13.47754
-13.12862
-10.44647
-11.42427
-12.29954
-11.53029
-12.63585
-11.04621
-10.82136
-9.43224
-10.16676
-9.90583
-12.61539
-12.79660
-10.82749
-12.45342
-11.22120
-12.26148
-12.46339
-13.62004
-11.41944
-13.59929
-12.42808
-10.88480
-12.45656
-10.51720
-12.20991
-10.87192
-11.84749
-12.71931
-10.73133
-11.79479
-11.63849
-11.40145
-11.31869
-12.22026
-11.66542
-12.78920
-10.52178
-11.62084
-14.23691
-12.56993
-11.67441
-13.42203
-13.04049
-11.38451
-13.62210
-11.37372
-11.83837
-13.22937
-11.80284
-14.51371
-12.62955
-11.70183
-11.84555
-11.86283
-10.98937
-11.35970
-13.80428
-11.99780
-13.42391
-11.17896
-12.03685
-13.54167
-13.15387
-11.42824
-13.54755
-12.58418
-12.47982
-12.65963
-11.94317
-12.00678
-12.08169
-11.00784
-12.30366
-10.75337
-14.33875
-13.84013
-11.10358
-10.99554
-11.98289
-12.06842
-11.95962
-12.61524
-11.36223
-13.22566
-11.30098
-12.05325
-12.67874
-10.54052
-11.66101
-12.86357
-12.96311
-12.34460
-13.48961
-10.67334
-11.12088
-13.32044
-10.53437
-10.80958
-11.94550
-12.44427
-11.13105
-13.89739
-11.57883
-10.71723
-9.17092
-12.03322
-12.19850
-11.59538
-11.70942
-13.10945
-12.56791
-11.40335
-11.23070
-10.74921
-11.85807
-12.10447
-11.53450
-11.92562
-11.59687
-11.66684
-14.02113
-12.89202
-12.45869
-12.85218
-12.50605
-11.99815
-12.85829
-12.44180
-13.45923
-13.66094
-10.14445
-10.70927
-12.08694
-12.19620
-13.47381
-12.85318
-12.50208
-11.97210
-11.81331
-11.25348
-10.90795
-10.70959
-11.74136
-10.39407
-12.95234
-11.03708
-12.05152
-11.12270
-11.32511
-11.84142
-12.03371
-10.48275
-11.17357
-10.44300
-12.13687
-11.10832
-11.90223
-10.27941
-12.38717
-11.49082
-13.01470
-10.66630
-11.24070
-11.85781
-13.44090
-11.32751
-11.44060
-12.17611
-11.50181
-12.18829
-11.49174
-12.01552
-12.12134
-11.32616
-11.61469
-10.91143
-8.31860
-11.86818
-11.85942
-12.32072
-12.51895
-12.69813
-10.83619
-12.16252
-13.30528
-12.12750
-10.77653
-9.83907
-10.70106
-11.60785
-10.42013
-11.23938
-12.60459
-12.29547
-12.77310
-11.81599
-12.72465
-13.03212
-11.55265
-13.34631
-12.23589
-12.22533
-12.68136
-11.95534
-13.47399
-11.08951
-12.67231
-12.42180
-12.10020
-11.68767
-13.38167
-12.05020
-12.84722
-12.86895
-12.70570
-12.47782
-12.29599
-14.13832
-13.29067
-10.08375
-11.68042
-10.97677
-10.54955
-14.04142
-12.73278
-11.51756
-10.21217
-12.14760
-11.58293
-13.47801
-13.37334
-10.98144
-13.30130
-11.31756
-11.28296
-12.05369
-11.78236
-12.09064
-11.25504
-12.30694
-10.75709
-13.36478
-11.18481
-12.72396
-11.06334
-12.69832
-9.96037
-11.92760
-9.68593
-11.91268
-11.89064
-9.66501
-13.67770
-11.43174
-13.23665
-11.16360
-11.06357
-11.38472
-11.41838
-10.70132
-10.64979
-10.61341
-10.75057
-13.02086
-9.95226
-12.27186
-12.54871
-13.17380
-11.42430
-11.14796
-11.38694
-13.48101
-12.43320
-10.58783
-10.11532
-11.98125
-11.92372
-11.96560
-11.22450
-11.44108
-12.84194
-10.44120
-12.26497
-11.42265
-11.53958
-11.25944
-11.68102
-11.30403
-11.50625
-10.99865
-12.01558
-12.11248
-12.25539
-11.63872
-12.63878
-11.78304
-12.32531
-12.99813
-10.80760
-11.96172
-10.55672
-11.78708
-10.61990
-11.07597
-9.97948
-11.50304
-11.82200
-12.17047
-11.86874
-11.96494
-12.05118
-10.89563
-11.53122
-10.07425
-10.65286
-12.33984
-11.82816
-15.11988
-11.35927
-12.55589
-10.73552
-11.41628
-11.65463
-11.72476
-10.80731
-12.64960
-9.92073
-10.95120
-13.05741
-10.66749
-11.26189
-10.84633
-10.78234
-10.56620
-11.92923
-12.91728
-10.23686
-10.46322
-11.14842
-9.37585
-11.10821
-11.13294
-10.66303
-9.58445
-13.51837
-10.78247
-11.97525
-9.34540
-11.43366
-9.01369
-11.19326
-10.46648
-11.86873
-10.60498
-12.09704
-11.90398
-11.39366
-12.25343
-11.36527
-9.83940
-10.94891
-11.93778
-11.71389
-12.43511
-12.74241
-11.75455
-12.03732
-13.13755
-10.53094
-12.19246
-11.83774
-11.21843
-13.96600
-12.40413
-12.07263
-10.81250
-10.50823
-11.09688
-10.35144
-12.51272
-12.89124
-13.31935
-11.94330
-10.54372
-11.42033
-10.97937
-11.93447
-10.84755
-11.81176
-13.03587
-14.08313
-11.46437
-11.58234
-10.26861
-10.71049
-10.39828
-12.35173
-11.35567
-12.56239
-11.83426
-9.99814
-11.40894
-10.67644
-11.26949
-11.71396
-10.24897
-10.51740
-11.44904
-9.91233
-11.95451
-9.57503
-11.72859
-11.59946
-11.06738
-11.55283
-11.16853
-12.30478
-11.47548
-11.41801
-10.42351
-13.34133
-14.75598
-11.05629
-10.95513
-10.93088
-12.34234
-12.42675
-12.25099
-10.02470
-12.63437
-12.72778
-11.96061
-10.46672
-12.25921
-10.97172
-11.18437
-11.47658
-12.48498
-14.25297
-11.29065
-11.08457
-12.26310
-11.22073
-10.95579
-10.45794
-10.17669
-12.17689
-13.29048
-11.67612
-10.24275
-11.28335
-14.68485
-11.09791
-11.38577
-10.17336
-12.09979
-10.53319
-11.48658
-11.11627
-10.38892
-11.60449
-10.99797
-10.79334
-10.98121
-11.33113
-12.12036
-11.31855
-11.61889
-10.75674
-11.66156
-10.85850
-10.55589
-12.57487
-10.30446
-12.56592
-9.68709
-12.05570
-11.80338
-11.25253
-12.36397
-11.08639
-11.02035
-12.65039
-10.26362
-12.23142
-11.07356
-12.51282
-11.47401
-12.56537
-13.85735
-10.20714
-11.00645
-10.97407
-11.57432
-11.59506
-11.08717
-10.58477
-10.75756
-11.51354
-10.46181
-12.26437
-11.66179
-12.16673
-10.75874
-10.18556
-10.53022
-12.00627
-11.66328
-11.15640
-9.62170
-9.01802
-10.43245
-11.86224
-10.91150
-11.80057
-11.07468
-12.12190
-11.20061
-10.77948
-10.45629
-12.02782
-11.85661
-10.82922
-9.61677
-13.56698
-11.04463
-11.72440
-12.38041
-11.64968
-11.92446
-13.28593
-11.89142
-10.69509
-11.54926
-11.84912
-8.92031
-10.71087
-10.08587
-11.11304
-11.59220
-10.60076
-10.84236
-11.09146
-9.70232
-11.41195
-11.52261
-11.65985
-11.12745
-12.08142
-11.90546
-11.87612
-10.35270
-11.11207
-9.77363
-8.69614
-10.27850
-10.21973
-11.08674
-10.33575
-11.42449
-10.52938
-12.46065
-11.34113
-9.27866
-9.92237
-10.63635
-11.09415
-11.20549
-10.82003
-10.94068
-12.18545
-8.71052
-12.34976
-10.75050
-12.47623
-11.28113
-13.65199
-12.49514
-10.51221
-10.83779
-10.18537
-11.21495
-11.70883
-11.36346
-10.93100
-12.13272
-11.93861
-10.93927
-11.73862
-11.55486
-11.75770
-11.03212
-12.21591
-9.26128
-11.57332
-11.37108
-10.98902
-11.89574
-9.47471
-10.68392
-11.79551
-10.64676
-11.37737
-12.30285
-12.02794
-11.15068
-10.95072
-12.24973
-9.04811
-11.69961
-9.86006
-11.10185
-10.59237
-11.53070
-10.03294
-11.08023
-11.46845
-9.87619
-11.32340
-10.62148
-11.62708
-10.66731
-10.48839
-10.99522
-12.22659
-9.52880
-11.23036
-11.32055
-10.11675
-11.55297
-9.20908
-11.01991
-11.83859
-8.90003
-9.77131
-11.31137
-9.45160
-9.47527
-10.97438
-10.71905
-12.33901
-10.80834
-11.33217
-10.91780
-10.72054
-9.96642
-11.66922
-11.01275
-12.78714
-11.47702
-10.40667
-11.71921
-11.19571
-11.72437
-11.74135
-10.84390
-10.36750
-9.36679
-11.16003
-11.65427
-11.10495
-10.89877
-10.67889
-11.29294
-12.55232
-12.01829
-11.97097
-11.58885
-8.87157
-10.19776
-9.20484
-11.16305
-10.12211
-10.17296
-11.17335
-10.30841
-11.98575
-8.98039
-10.64068
-11.32386
-10.03493
-12.67356
-9.68395
-9.33606
-11.10820
-10.63340
-10.85920
-12.57331
-11.46270
-11.89535
-10.55316
-10.09399
-10.36693
-10.80178
-11.31766
-9.76988
-10.57209
-9.63225
-9.95613
-10.50616
-11.90028
-10.19183
-11.60510
-11.09241
-11.17810
-11.30956
-11.00991
-10.04507
-10.00946
-9.50062
-10.57275
-10.88056
-10.22050
-9.54936
-10.90591
-10.99559
-10.93096
-10.61632
-8.02608
-9.61812
-9.55589
-9.38229
-9.56434
-9.80016
-12.46758
-10.95381
-9.96598
-9.62328
-9.97235
-10.58299
-11.09054
-12.39156
-11.10846
-10.31939
-10.58627
-10.58425
-11.19390
-10.37788
-11.15465
-10.63421
-10.72363
-9.82095
-9.12133
-10.50822
-11.27395
-10.33640
-10.71290
-10.67606
-12.25127
-10.48722
-9.75273
-8.69014
-10.60831
-10.05899
-10.50811
-12.13817
-10.71199
-12.68847
-11.36097
-12.49217
-10.35847
-11.07702
-9.45749
-10.95974
-9.97174
-10.44399
-9.83414
-11.35135
-9.97304
-11.20575
-10.54207
-11.53756
-10.60152
-11.66309
-9.54190
-11.03618
-11.19257
-12.86836
-11.48323
-12.19624
-11.99153
-9.74035
-12.19408
-10.26747
-10.46948
-10.53757
-10.84394
-12.75225
-10.98049
-9.42651
-11.14671
-10.11900
-10.81354
-11.11683
-11.84184
-10.00242
-10.57302
-9.98686
-10.94661
-11.84409
-11.76789
-12.15295
-11.55928
-10.83207
-12.12382
-9.61313
-11.19942
-10.12373
-12.24579
-11.35051
-11.39790
-10.06089
-13.45640
-11.04053
-10.51537
-9.73914
-11.25673
-10.03700
-9.79387
-10.14996
-10.70715
-8.93520
-8.83746
-9.61969
-9.15976
-10.94426
-11.69663
-12.05324
-10.70747
-11.36159
-10.72322
-8.65157
-11.50615
-10.07884
-10.09790
-12.04055
-11.72767
-10.67884
-10.63930
-10.14720
-12.53982
-10.60748
-10.61583
-10.80220
-11.37411
-11.69812
-13.23382
-10.55270
-10.92966
-12.03116
-8.69740
-9.91430
-10.72712
-11.11279
-10.93547
-10.06319
-9.53870
-9.59558
-11.99520
-9.29467
-10.71615
-13.37901
-9.96244
-12.36231
-11.22137
-10.64305
-11.45879
-10.12023
-11.57392
-10.37363
-11.20371
-10.84885
-10.71497
-10.63440
-9.18009
-9.93619
-11.10469
-9.94327
-11.23272
-11.89592
-12.83878
-10.55912
-10.53027
-9.49552
-11.26364
-9.92118
-8.38484
-10.32671
-10.84031
-9.90994
-9.79352
-10.23546
-10.80706
-10.34402
-10.25148
-10.07498
-8.85652
-12.94716
-9.76028
-12.73197
-10.06318
-10.40736
-11.00564
-9.24750
-10.28736
-11.07907
-9.86146
-11.40568
-11.79378
-11.52088
-12.44818
-11.27395
-10.81649
-12.02670
-9.79600
-12.46595
-9.98295
-10.54927
-12.07383
-11.36958
-11.37201
-9.56693
-9.62188
-10.90685
-9.46939
-10.00214
-10.98659
-10.88456
-9.62805
-9.40374
-10.69115
-10.07668
-10.10443
-9.79659
-10.17856
-8.62593
-11.06948
-10.11106
-9.21414
-11.46860
-9.93900
-9.90284
-9.43282
-11.17590
-11.21245
-10.04634
-10.21568
-10.68118
-12.29232
-9.70693
-10.85837
-10.62255
-10.15456
-10.57895
-12.18916
-9.99880
-10.14401
-11.65191
-9.81065
-11.12715
-10.34936
-9.08001
-11.60804
-9.88950
-11.41776
-9.37747
-9.89396
-10.35731
-10.64330
-10.06821
-10.13067
-10.51254
-10.21556
-9.85895
-10.13342
-10.00507
-10.16258
-10.91109
-10.08649
-11.12204
-10.52966
-10.45300
-10.50452
-10.74959
-11.09285
-11.32805
-9.79977
-9.86338
-10.11651
-9.68730
-9.70994
-10.04327
-9.12206
-10.56692
-8.84160
-10.58959
-12.08289
-11.72914
-10.49965
-10.93305
-11.48365
-11.41658
-13.00765
-11.09411
-10.67796
-9.90142
-11.44125
-9.35042
-9.78734
-10.66200
-10.14650
-10.62164
-11.54938
-10.55890
-9.50662
-10.92029
-10.22614
-10.13297
-9.12674
-9.52763
-11.09271
-11.04526
-10.82164
-9.90237
-9.25115
-11.87060
-10.39571
-11.10424
-9.98914
-10.13735
-10.90862
-10.36028
-12.55500
-11.39419
-11.89460
-10.21645
-9.18677
-9.44988
-9.89132
-9.36739
-10.77856
-9.91517
-11.46000
-10.92508
-10.76734
-12.08266
-10.76650
-11.22016
-10.02553
-11.12892
-11.84252
-10.27228
-9.51950
-10.11410
-9.32853
-10.03043
-10.18258
-10.05008
-10.76295
-9.88955
-10.77081
-9.34608
-9.14241
-11.33258
-11.36580
-10.37064
-10.94321
-8.76351
-10.10809
-10.26447
-11.06628
-9.32326
-9.58730
-10.94448
-10.22009
-10.79893
-10.02647
-12.08601
-10.39752
-10.63083
-10.45122
-12.10157
-11.06969
-10.29963
-11.44414
-9.92503
-10.75353
-10.68358
-8.81679
-11.58906
-9.39189
-9.90969
-11.41602
-10.81504
-12.48968
-10.81026
-10.83693
-10.58443
-11.33135
-9.26573
-9.53694
-10.10249
-10.09459
-10.99423
-10.63128
-10.31720
-10.23952
-10.66569
-11.22744
-11.48183
-11.04037
-10.02976
-9.37952
-9.73716
-11.51572
-11.19846
-11.13000
-10.38330
-10.21851
-10.71144
-11.42964
-9.95798
-10.64285
-10.56243
-9.19301
-9.36389
-12.06805
-10.27369
-10.42050
-10.71327
-9.98859
-11.79906
-10.28773
-9.83002
-11.16376
-8.86899
-9.59551
-10.11871
-9.92831
-9.95429
-11.74829
-11.25256
-10.48418
-10.56593
-10.51098
-9.49202
-11.68733
-9.25908
-12.01475
-10.22859
-9.24699
-10.61158
-9.35558
-10.72397
-10.84910
-10.83257
-9.82651
-11.34791
-9.66156
-10.98591
-10.57915
-11.16428
-11.25016
-9.40474
-8.83520
-11.68835
-9.87564
-11.58396
-9.12084
-10.98201
-11.58490
-8.94461
-11.69371
-10.28802
-10.38536
-9.77022
-9.86549
-11.36192
-10.41858
-12.30747
-12.57107
-10.08965
-11.43021
-10.36276
-10.20693
-9.22685
-11.03143
-10.70822
-11.91267
-11.80611
-9.58499
-11.52698
-11.23689
-10.00302
-9.78640
-10.59499
-11.20083
-10.40202
-11.10140
-11.12865
-11.18996
-9.80623
-11.54074
-8.49219
-10.16945
-9.25335
-10.14223
-9.23073
-10.29291
-10.96854
-10.77512
-8.63855
-8.52539
-9.25351
-11.19498
-9.96347
-11.72829
-10.80951
-10.09675
-10.49276
-10.51487
-11.20123
-9.29837
-10.60222
-9.04229
-11.77868
-9.73734
-11.28192
-9.08770
-10.57316
-9.47460
-11.70885
-9.03496
-10.15543
-10.27036
-9.59820
-9.62894
-9.51216
-9.93371
-9.67701
-11.64723
-9.59575
-10.50202
-10.20614
-9.22694
-11.09174
-10.12470
-10.13413
-11.95997
-8.86572
-10.82343
-10.70318
-10.77657
-9.27008
-10.43062
-10.72976
-12.54848
-10.53259
-10.90380
-9.45932
-9.55873
-11.14974
-9.37560
-10.49832
-9.55727
-10.37489
-9.53850
-9.80697
-9.28142
-9.81920
-11.17851
-10.07730
-9.50174
-9.62756
-9.44681
-10.32990
-10.60055
-10.77868
-9.70677
-10.99055
-9.01219
-11.33708
-12.05585
-13.06598
-10.34237
-9.93610
-11.50003
-10.73001
-11.39349
-9.94759
-11.20694
-10.57959
-8.21294
-10.74692
-11.11465
-8.22348
-10.59231
-9.31337
-9.40179
-10.67409
-10.46477
-9.53398
-9.32188
-9.54582
-9.83819
-9.39941
-10.96290
-9.42061
-10.78067
-13.47812
-8.15120
-10.23676
-8.25327
-11.01761
-10.06581
-9.92978
-9.21896
-9.89456
-10.50767
-8.34119
-10.19011
-9.56713
-10.41537
-8.29146
-10.66594
-10.88450
-10.83052
-10.11746
-11.26125
-10.67671
-8.15554
-10.80733
-8.94393
-9.86189
-9.27635
-10.55604
-9.52540
-9.51592
-10.11740
-10.50464
-9.70083
-11.02168
-9.54721
-10.04326
-9.78780
-11.06698
-9.64218
-11.14011
-9.62345
-8.52349
-8.67344
-9.52239
-10.31835
-9.98339
-11.88574
-9.51770
-9.23377
-11.36249
-9.08842
-9.64284
-10.45283
-9.95031
-8.50288
-9.65828
-9.84381
-11.05435
-10.66793
-9.88473
-9.93344
-9.80902
-10.76303
-9.07867
-9.98677
-10.44721
-10.55751
-8.37035
-9.87605
-10.72034
-9.96260
-9.29068
-9.47339
-8.54709
-11.71774
-10.17841
-10.29166
-11.36952
-9.25636
-10.12916
-9.74931
-11.39005
-10.28157
-10.35527
-10.06285
-9.68361
-8.26370
-10.43885
-11.69291
-9.91757
-11.11025
-11.16463
-11.76043
-10.67490
-11.51832
-9.80992
-10.51115
-11.53744
-11.13768
-9.32586
-9.68729
-8.59292
-9.46462
-9.76321
-10.42064
-9.13029
-8.07413
-10.22322
-9.88017
-11.56045
-11.11529
-9.97212
-10.96355
-10.98366
-10.01614
-9.44128
-11.22967
-9.60109
-8.30480
-9.77013
-8.34266
-9.57255
-10.59795
-11.31673
-10.43361
-10.95064
-9.91820
-9.71141
-8.96013
-9.44692
-11.05983
-10.76963
-10.25290
-9.84962
-11.85891
-11.24718
-10.05909
-10.70130
-10.51810
-9.73139
-10.74782
-9.66453
-10.98276
-9.58186
-9.57842
-9.32695
-9.60116
-10.70434
-9.95366
-10.50436
-11.11219
-10.59156
-10.55615
-9.70727
-10.15818
-8.06688
-11.88676
-10.87734
-10.12524
-10.55602
-10.15861
-9.43161
-12.46306
-8.79412
-11.00808
-8.30490
-10.09161
-9.67568
-8.81442
-8.04203
-10.48238
-10.31603
-10.14974
-8.58306
-9.84949
-9.57172
-11.26921
-11.00441
-9.65144
-8.80465
-10.51893
-10.48754
-9.98391
-8.26668
-9.41225
-8.71691
-10.06275
-9.99336
-10.63169
-8.94798
-10.86129
-9.75925
-10.50783
-10.89670
-10.55089
-10.43925
-10.21759
-10.96392
-10.59631
-9.30088
-10.09267
-9.68904
-10.25911
-10.01342
-9.40877
-11.82271
-10.03262
-9.48503
-10.39856
-9.80215
-9.36084
-11.27642
-10.43614
-11.17752
-9.56163
-11.55873
-9.43619
-11.19359
-8.09923
-11.82774
-9.89516
-10.53389
-10.06688
-9.53549
-8.66888
-11.71594
-10.26750
-8.98174
-11.14837
-10.84882
-10.96924
-10.57790
-9.36900
-10.63008
-9.76651
-9.71430
-11.12457
-10.01749
-11.52686
-9.49221
-9.49382
-11.02164
-10.51431
-9.95674
-10.83492
-10.93888
-10.34981
-10.65091
-10.60647
-9.29325
-10.96554
-8.99117
-7.88214
-9.45757
-8.52156
-11.05416
-9.84416
-9.38365
-8.56106
-9.89871
-9.31015
-8.20701
-9.68579
-10.38899
-10.38028
-10.00037
-10.81378
-12.20313
-9.65985
-10.32788
-9.15556
-9.70081
-10.26865
-10.75618
-9.76461
-10.53733
-10.87426
-9.86961
-10.63310
-9.58730
-8.52844
-8.87904
-9.99413
-8.74044
-11.57536
-8.71840
-11.62849
-7.99721
-10.08927
-9.76527
-9.89893
-8.98507
-9.19652
-11.58013
-10.81291
-9.94290
-8.07776
-8.10987
-9.59003
-9.03608
-10.36757
-8.47756
-9.93161
-11.16618
-10.85015
-10.23238
-9.00725
-10.36324
-10.38280
-10.86621
-10.77290
-10.99508
-9.96299
-11.09094
-9.63315
-10.08717
-10.93389
-10.47226
-10.73757
-10.30809
-10.10923
-9.19718
-10.91909
-9.28960
-10.94445
-11.02277
-12.04886
-11.10329
-9.29853
-9.88711
-9.95354
-12.22954
-10.02547
-9.71551
-11.38215
-9.84375
-7.47022
-9.24396
-9.53022
-9.65282
-8.78814
-8.59305
-9.13309
-10.95086
-10.51341
-9.07165
-10.89587
-9.66346
-9.58925
-11.03378
-10.72888
-9.61969
-8.90280
-10.22136
-8.33257
-10.35682
-9.89572
-9.20858
-7.67305
-8.65505
-11.46871
-9.19759
-9.55092
-8.91360
-9.28883
-10.10066
-9.23610
-10.40422
-9.87560
-8.94305
-10.93106
-8.77424
-9.95251
-9.23704
-9.18429
-10.96177
-8.53965
-11.10842
-10.68171
-9.13211
-9.91427
-9.24234
-7.95439
-9.68404
-7.77408
-10.44254
-9.84861
-9.10188
-10.06393
-10.82681
-9.81035
-10.25493
-8.62648
-9.86320
-10.47235
-8.47656
-9.56420
-8.51361
-9.18192
-8.30225
-9.01456
-10.55166
-10.78376
-10.02906
-9.24700
-11.11001
-10.20930
-11.79535
-11.44243
-8.74267
-10.16834
-9.90990
-10.43670
-9.03850
-11.51581
-8.84021
-9.57019
-9.71617
-9.55358
-10.22488
-9.86252
-11.82287
-10.62745
-9.89535
-8.95563
-9.17644
-9.75082
-9.93186
-9.13373
-10.55282
-11.41670
-10.67949
-10.24941
-9.13379
-8.74553
-8.53213
-9.30260
-7.87720
-10.32355
-9.79439
-9.13163
-10.64176
-9.35724
-10.81753
-9.30022
-10.79476
-9.91394
-8.63689
-9.25328
-8.57829
-11.09520
-10.73254
-8.96414
-10.48243
-10.45555
-10.66038
-10.62123
-10.23755
-9.46441
-10.74507
-9.62703
-9.23780
-10.95437
-10.19131
-8.69505
-9.39732
-9.92494
-9.01766
-9.37078
-9.86180
-10.89878
-8.79028
-9.57184
-8.48349
-9.93002
-9.58447
-9.98666
-10.44242
-10.29563
-9.23053
-9.40159
-9.93399
-10.21086
-11.21436
-10.28821
-9.95551
-10.30717
-9.16703
-9.37894
-7.86575
-9.82880
-10.25597
-10.98191
-8.78145
-8.88128
-9.06331
-10.05201
-10.36435
-10.54350
-10.96727
-8.32960
-10.99389
-9.94528
-9.98346
-10.03432
-8.94677
-10.28159
-10.26923
-10.59890
-8.69931
-10.50447
-8.96439
-9.65432
-10.17014
-9.30552
-10.35387
-9.01863
-10.28509
-9.12798
-9.56215
-9.91452
-9.56718
-8.75226
-7.97790
-10.59495
-9.78201
-9.77946
-10.98544
-11.23756
-9.36258
-8.64679
-9.01711
-9.85571
-9.97936
-10.44086
-9.42130
-11.18943
-8.94290
-10.52280
-9.61486
-9.93739
-10.07940
-9.34468
-9.92862
-9.88932
-10.50173
-10.83023
-10.25529
-10.62660
-9.63935
-9.92371
-10.37155
-10.24435
-8.65558
-8.61057
-9.00228
-9.20856
-11.59106
-11.34644
-9.06711
-11.49183
-10.77885
-9.04460
-12.05219
-9.19307
-9.22900
-9.04245
-9.02827
-9.87298
-10.31900
-8.91855
-10.07831
-9.23034
-9.94623
-9.35378
-8.48046
-10.81006
-9.28570
-8.82288
-11.13052
-9.83910
-10.24664
-10.20237
-8.97212
-10.74417
-10.76349
-11.96144
-9.30975
-9.65115
-10.43599
-10.21696
-11.07920
-8.79569
-9.52200
-10.33103
-9.63595
-9.44248
-8.36802
-10.27939
-9.49978
-11.40352
-11.88051
-9.32855
-11.04311
-11.05250
-8.31663
-9.42638
-9.66294
-8.96011
-9.74525
-11.25122
-9.66500
-9.91142
-9.26560
-10.49301
-10.64989
-8.94526
-9.27218
-9.98799
-10.18256
-9.68489
-9.53709
-10.69244
-11.07912
-8.84652
-9.75526
-11.18955
-10.71165
-9.47347
-10.04337
-9.81570
-9.77177
-9.27446
-9.17906
-8.57768
-11.15619
-10.85953
-10.17913
-12.29262
-11.37068
-10.96010
-7.77232
-9.94959
-7.75653
-9.87541
-10.15533
-11.37247
-8.99934
-11.51423
-11.34961
-9.16346
-9.83030
-8.58887
-8.38231
-8.41284
-9.25267
-11.19352
-9.41521
-11.11965
-10.43450
-10.55145
-10.22568
-9.67223
-10.29022
-11.39756
-10.77603
-10.17245
-11.18902
-10.34785
-11.15482
-9.34301
-10.37909
-7.86993
-10.19007
-8.70520
-8.59108
-9.61177
-10.74753
-8.98643
-9.34586
-10.36354
-9.24390
-8.64494
-7.99838
-8.00452
-9.83424
-8.33725
-9.81368
-9.44905
-9.55008
-9.70031
-7.33942
-9.22408
-8.56466
-10.82681
-8.02594
-9.63921
-10.58502
-9.06457
-11.26861
-11.16654
-10.65418
-10.74058
-8.76591
-9.05575
-9.53866
-9.77515
-10.47993
-8.89571
-8.85549
-9.24428
-10.01687
-9.64212
-9.77003
-8.83472
-8.29473
-10.41648
-9.94923
-10.84029
-10.38574
-9.51413
-10.27942
-8.59004
-8.86496
-9.82828
-10.21509
-9.05930
-10.67418
-9.50046
-9.82133
-10.26357
-9.59438
-9.26041
-8.91031
-8.82383
-10.34749
-10.12012
-8.48925
-9.76879
-9.58207
-10.13023
-9.92808
-9.59240
-9.88253
-8.91144
-10.75938
-10.24573
-7.94002
-10.31517
-8.08891
-10.45562
-10.08738
-10.28819
-9.86248
-9.47291
-10.72012
-10.07622
-9.96504
-9.59885
-7.94626
-10.78347
-8.56219
-9.78554
-9.12604
-10.49644
-8.33713
-8.35778
-8.90068
-8.06219
-9.13699
-9.47553
-8.93127
-10.14437
-10.45502
-10.87962
-10.48450
-10.82670
-11.19229
-9.98972
-9.98908
-8.45513
-9.23831
-6.87199
-8.63737
-9.34510
-9.60719
-10.11492
-9.37695
-9.66427
-10.10403
-10.38407
-9.86696
-10.65363
-9.92341
-10.77825
-10.03136
-8.43442
-9.32534
-8.92440
-8.34106
-8.95646
-9.87516
-10.50828
-9.15023
-9.60455
-9.68017
-10.94784
-9.28353
-9.50469
-10.26981
-9.92359
-8.56602
-10.31770
-8.70337
-10.19616
-10.58519
-10.09905
-9.42170
-10.00461
-9.04743
-9.71526
-9.52156
-11.48744
-9.72906
-10.40693
-9.69244
-9.04932
-10.67064
-9.35481
-8.93920
-8.85687
-10.53071
-9.51753
-9.82337
-9.41993
-10.18643
-9.45376
-9.45110
-9.77025
-10.16904
-8.90617
-10.11940
-10.37022
-10.01649
-10.78991
-11.96962
-9.40086
-9.26014
-9.21321
-9.74468
-9.20612
-8.94437
-10.07346
-10.11304
-10.20141
-9.47058
-9.53552
-9.82397
-10.06055
-9.58149
-9.48886
-8.45066
-10.84319
-10.00987
-9.13441
-10.41460
-8.32227
-9.69625
-7.85191
-10.76796
-10.80313
-8.32791
-9.99427
-9.21427
-7.70979
-9.54123
-9.01040
-8.42314
-8.49274
-10.23074
-8.74994
-10.99556
-10.39843
-8.77700
-9.55270
-9.80756
-9.13935
-8.38219
-9.76732
-8.88317
-9.71973
-9.45495
-9.78846
-9.37233
-9.64053
-8.85908
-8.60487
-9.75627
-8.79857
-8.96746
-11.80542
-8.51175
-9.53698
-9.67484
-8.98914
-9.28623
-9.39140
-10.35410
-8.72578
-10.28492
-10.01456
-9.76672
-9.15277
-10.64900
-9.51495
-10.98615
-11.53868
-8.42542
-8.24692
-8.89010
-9.62568
-10.16974
-9.68976
-9.65579
-10.11064
-9.85386
-10.37482
-9.71922
-10.09028
-8.64021
-8.89419
-9.17974
-10.07316
-8.08892
-10.73170
-9.01723
-11.26709
-9.74795
-11.05835
-8.67150
-9.06979
-10.47311
-8.88785
-8.74838
-11.25333
-9.86836
-10.02186
-9.60964
-9.83141
-9.57293
-11.06882
-8.19733
-9.11878
-8.81562
-10.41099
-10.38677
-11.24146
-9.89067
-9.61659
-8.98439
-8.62751
-8.07247
-10.36406
-9.57811
-9.07779
-8.82680
-9.13650
-10.67928
-10.16223
-10.31635
-10.58180
-8.67823
-9.57661
-8.24671
-9.66776
-8.83161
-8.76665
-7.73922
-11.02237
-9.94391
-11.51392
-8.47763
-10.79301
-10.19546
-8.23501
-8.71764
-9.97373
-10.19676
-10.32033
-9.02098
-8.54139
-8.42586
-9.29249
-9.37338
-9.39964
-11.16962
-8.69113
-10.37104
-9.78148
-9.74121
-8.44310
-8.58052
-10.02901
-10.58551
-9.01786
-9.73968
-9.39722
-8.09960
-10.12435
-9.53939
-8.26113
-10.11346
-9.34822
-8.72842
-8.85883
-9.70394
-8.88653
-10.38634
-9.38168
-9.50819
-9.30128
-9.26426
-10.10820
-7.86794
-12.34272
-9.07301
-9.11987
-10.72549
-10.81885
-8.94782
-11.32604
-9.32658
-8.37927
-10.92666
-8.60450
-11.14053
-10.65078
-8.75819
-9.65902
-9.54172
-9.59782
-9.10252
-9.01212
-10.30286
-9.61970
-11.88805
-9.85677
-9.36592
-8.93034
-9.43738
-9.15514
-10.69307
-8.75058
-10.81650
-9.03250
-8.66063
-8.11035
-8.79951
-9.38079
-8.76582
-9.08918
-9.34298
-8.40375
-9.67501
-9.68988
-10.03645
-9.07629
-8.18168
-9.71873
-8.90323
-8.53019
-9.51564
-9.33420
-9.11241
-10.28524
-9.68646
-8.91128
-9.20310
-9.58808
-10.98398
-9.18444
-10.12694
-11.45200
-10.10749
-10.79267
-8.61465
-8.74221
-8.57089
-9.83408
-9.60319
-8.97008
-10.27312
-9.86631
-8.63961
-9.52545
-10.37632
-8.50209
-10.47041
-11.76761
-8.95095
-9.86194
-10.54937
-9.92147
-9.91389
-9.42560
-8.27245
-9.51348
-11.06444
-9.48295
-9.34184
-9.86721
-9.72610
-9.26283
-8.19653
-10.15904
-9.19252
-9.42596
-9.53082
-10.27903
-12.32982
-11.24734
-9.86283
-9.66406
-9.27956
-10.16438
-10.05462
-10.57469
-9.96194
-9.64129
-9.16777
-10.31042
-10.30739
-10.23272
-8.78483
-9.62878
-8.18842
-9.15792
-8.74045
-9.89814
-8.35733
-10.66552
-8.30037
-9.34892
-8.64784
-9.74571
-10.28231
-10.09236
-10.15503
-9.20265
-9.58135
-8.87950
-9.78604
-10.53480
-9.75076
-9.41152
-8.66138
-8.87315
-8.45427
-10.34627
-9.12465
-8.53482
-10.27745
-10.42221
-9.04362
-9.81027
-10.27056
-10.37054
-10.51296
-10.31942
-9.67462
-10.41905
-7.90404
-10.47563
-9.77508
-11.11657
-8.35383
-8.56007
-8.53634
-10.68483
-8.57654
-10.83724
-9.54823
-8.54892
-9.65234
-9.66952
-8.07639
-8.88828
-9.19803
-9.91151
-11.01549
-10.67893
-10.72457
-9.17164
-8.18123
-10.19531
-9.55113
-9.94807
-10.93454
-9.05502
-8.86401
-8.13103
-10.58233
-11.00504
-9.96212
-7.39214
-8.95800
-10.55481
-9.46167
-8.92046
-9.77602
-9.34318
-10.57281
-9.74233
-8.88069
-9.37710
-9.58181
-9.99772
-8.65056
-10.28697
-8.17547
-7.15877
-10.04502
-8.89870
-8.69578
-8.67463
-7.96190
-7.87387
-10.59385
-8.67058
-8.76587
-9.32214
-8.98338
-9.99336
-10.00924
-9.06697
-10.75877
-7.85485
-9.25567
-8.62535
-9.44579
-8.43407
-11.30957
-9.36250
-7.67213
-8.55472
-9.74885
-8.92332
-9.46911
-9.85591
-9.39267
-9.49545
-9.88115
-8.61327
-9.51066
-8.83539
-9.37572
-9.55341
-9.07359
-9.11153
-10.12641
-9.60001
-8.88036
-9.10614
-9.40486
-10.35128
-9.48115
-10.92749
-9.08741
-9.30545
-8.57082
-10.39322
-8.37813
-9.28266
-10.02774
-9.88979
-11.22663
-9.18734
-10.41862
-8.84024
-8.90273
-10.20594
-10.71951
-10.02186
-8.27587
-9.45719
-10.94226
-11.42240
-9.05153
-9.01257
-8.38666
-9.98155
-8.69701
-9.38412
-10.37049
-10.38256
-9.33135
-10.01344
-8.44345
-10.83574
-9.05579
-9.70482
-9.77816
-8.22913
-10.63290
-8.93811
-8.98203
