1.376169000000000000e+06
7.166150000000000000e+05
3.532720000000000000e+05
1.819220000000000000e+05
1.104410000000000000e+05
6.781300000000000000e+04
5.043400000000000000e+04
3.942500000000000000e+04
3.132900000000000000e+04
2.544300000000000000e+04
2.223900000000000000e+04
2.006700000000000000e+04
1.892800000000000000e+04
1.742100000000000000e+04
1.664800000000000000e+04
1.551600000000000000e+04
1.516900000000000000e+04
1.455200000000000000e+04
1.389300000000000000e+04
1.372200000000000000e+04
1.328200000000000000e+04
1.330900000000000000e+04
1.359400000000000000e+04
1.308100000000000000e+04
1.285800000000000000e+04
1.285800000000000000e+04
