272.738 280.720 278.227 296.700 260.250 298.686 277.730 272.245 286.211 277.736 279.724 293.211 281.228 296.208 281.225
-90.763 74.246 97.215 -122.238 -12.800 -148.239 42.242 -198.267 -380.769 -366.766 -135.269 65.710 -368.792 -69.283 -141.263
235.250 -177.271 -38.266 -397.788 -237.270 -308.800 -422.255 -372.268 245.243 -234.255 -398.785 -341.275 18.755 -329.277 222.223
-345.290 112.759 -120.808 233.251 291.716 273.697 -389.775 270.203 276.236 -66.793 -304.769 183.207 22.733 143.228 199.259
-144.764 2.230 -6.788 66.238 -120.799 102.737 -418.270 -231.760 -251.253 -276.780 -262.248 75.241 -156.279 291.707 -348.245
-377.278 -293.755 220.746 -176.766 278.228 75.719 -447.274 -363.761 184.720 165.729 117.731 149.249 -348.757 -76.797 64.736
-471.245 -407.270 -179.769 -31.262 14.238 -240.755 223.731 -331.282 -137.248 -49.284 40.750 -48.278 -233.297 -218.777 -4.280
-402.262 -104.268 73.735 225.222 278.230 283.229 -297.749 282.233 -80.735 -240.805 -354.247 31.705 -10.291 -119.765 -469.731
-320.290 -134.767 -95.264 243.236 -133.772 -185.761 -168.280 101.195 -63.242 -5.257 -59.761 -163.748 -403.279 -387.267 -315.252
77.230 139.723 259.222 -81.766 254.726 -188.781 -244.803 -477.250 -68.256 -163.267 -196.264 -127.284 79.721 168.233 141.217
-277.290 129.240 -394.784 -221.763 121.720 61.227 -213.243 -357.252 124.669 166.224 211.742 63.701 -438.762 -221.248 76.212
-423.268 -89.790 -403.763 -41.262 -204.774 -40.773 -400.764 97.205 213.209 -107.752 269.740 -116.786 68.242 -220.299 -135.779
171.212 182.734 -132.262 -474.255 -227.286 47.254 -481.245 161.223 -337.776 -288.274 -109.285 -465.750 -286.781 19.251 200.726
-193.794 -251.797 41.206 -496.749 -41.300 9.240 109.734 -167.268 -159.261 62.232 -236.787 87.228 -66.773 -403.783 -47.762
-286.774 -63.785 -464.252 286.713 -306.764 -146.270 -307.268 173.717 188.739 -483.746 236.210 -363.764 3.238 -134.764 -330.290
188.700 261.714 267.743 100.721 78.745 -368.769 267.241 -22.747 -423.254 -359.759 -57.270 250.235 136.211 -376.776 171.723
-395.276 -363.752 -188.743 64.205 233.210 224.734 -182.245 264.200 205.252 140.219 -72.296 30.719 171.733 68.223 -171.241
107.740 99.703 250.763 240.706 -283.305 -60.273 183.751 87.747 -11.283 74.746 273.733 70.721 290.712 232.231 -132.785
-227.790 79.740 253.725 142.716 113.230 86.247 -198.800 151.746 -325.793 -64.274 113.736 -30.762 -163.742 69.219 193.205
-317.278 209.212 -344.259 -234.776 15.251 -48.301 -380.274 228.734 87.735 243.242 8.754 -413.789 20.741 37.718 90.190
13.232 158.733 244.741 -442.245 -118.264 -216.758 -280.780 -122.267 214.240 -319.284 92.232 92.689 -345.748 -75.752 -176.264
-37.788 -385.288 -52.270 -53.266 -161.759 22.742 296.202 -348.312 17.258 266.702 -163.266 -377.272 -284.766 186.240 -130.768
315.670 66.736 240.242 226.263 97.721 -23.274 -91.728 260.716 -130.748 -49.771 -306.748 -198.267 -411.773 -356.252 -445.244
-360.789 48.226 -336.284 170.232 50.265 -93.278 -68.780 113.241 -189.271 -154.784 -105.268 149.749 -181.285 -53.759 -441.248
289.210 161.723 -177.274 -306.763 259.754 259.223 -230.284 -253.268 -376.782 80.704 -206.270 -418.756 -333.761 105.747 162.747
-228.269 -225.759 281.230 -63.264 73.734 -251.747 -269.764 -46.781 -58.243 -231.773 151.221 2.737 -189.267 -416.759 -360.257
89.257 242.244 -281.304 -10.759 -344.769 -118.266 110.711 -139.289 225.736 221.191 -81.753 133.743 246.239 -105.273 263.710
-296.772 -188.247 -250.780 -329.755 -313.780 0.211 298.189 -330.753 91.230 -337.255 272.237 -361.809 -118.265 51.753 -26.791
121.682 -4.281 -142.766 -95.271 36.727 53.226 21.722 230.722 -449.292 -46.746 28.253 -109.283 -239.267 146.706 -305.285
-92.271 160.748 -221.750 -198.755 88.741 -427.265 32.240 -343.773 -366.273 114.729 68.714 69.728 149.225 -337.278 -300.285
176.760 5.223 -263.269 164.710 -370.267 -21.270 91.724 273.703 -44.772 94.221 -338.761 -234.251 -140.276 -73.773 -182.773
-303.277 -398.763 -246.260 39.742 -222.766 -413.261 -354.265 129.742 -437.767 -319.735 -82.766 -51.761 -58.266 24.719 89.233
182.743 -226.256 -311.778 -341.264 -235.769 211.705 -233.757 -371.291 195.726 -85.270 -439.814 -123.755 275.193 295.709 84.244
-82.259 -379.253 206.713 -192.279 -418.761 114.731 232.255 223.735 -258.276 -50.770 226.237 -252.263 -4.733 203.222 -345.772
-139.270 -315.300 -459.260 251.227 -139.763 -271.271 160.211 -286.779 -424.792 172.231 -10.254 -157.235 242.707 83.229 -298.270
-18.271 -254.265 237.221 106.245 -177.763 -232.262 -67.260 -191.763 -35.261 201.220 230.720 -337.737 13.724 -6.259 -340.296
228.759 -335.250 119.253 -52.254 -341.254 -10.258 29.748 113.237 271.730 -194.310 -176.283 -60.264 -315.251 -279.292 -181.255
1.756 -417.759 -98.788 -357.786 -69.748 -117.236 103.234 61.246 101.717 -136.271 -352.300 107.736 -60.757 42.195 -120.278
26.245 -5.790 -263.774 256.220 3.740 206.749 229.195 -156.774 -85.256 -109.271 -69.289 8.711 -375.784 56.235 -196.269
-207.296 -351.798 -422.253 -317.258 -441.259 -368.739 -285.272 -54.767 126.736 120.239 -322.771 31.728 -47.245 -381.281 -6.783
192.742 -353.269 -373.762 -167.773 -57.251 228.724 -266.809 -239.753 -11.753 265.711 -77.279 275.734 213.736 -8.265 146.731
207.726 -187.288 -350.788 -363.273 280.224 17.724 -257.751 -409.232 159.749 -188.758 219.724 -298.256 -238.777 -135.745 154.218
86.717 -428.773 -180.760 -44.283 213.708 3.247 -389.782 -419.749 226.736 -35.757 -345.287 -288.278 168.234 155.721 -170.250
-215.262 222.741 -241.740 -316.776 -358.291 -130.300 -34.268 -297.239 -44.795 101.732 281.231 -411.255 149.232 -468.758 -98.260
282.221 -22.253 -84.258 -395.752 168.737 40.242 -327.776 153.725 -95.281 -120.748 -349.745 -347.746 -241.281 -60.789 -421.766
176.228 220.234 236.212 255.730 -109.295 -193.770 70.226 -5.762 -199.758 223.735 -384.792 -51.753 -212.792 285.718 -426.269
36.718 -142.754 246.732 -352.803 -321.741 -402.781 -93.768 -245.268 77.231 264.211 45.749 -301.277 212.210 58.726 247.241
83.729 -262.769 209.216 -409.768 -82.288 -247.278 -227.283 -246.253 107.259 126.224 38.747 -114.269 174.707 217.267 -213.274
-252.757 -160.760 -156.790 -176.788 -298.269 -86.755 -101.746 104.216 -373.268 15.738 230.755 -356.756 273.737 265.717 58.267
-255.271 -340.256 292.220 99.249 -53.779 -296.272 -328.238 -408.765 -84.252 95.756 -346.762 38.745 -34.314 274.739 -164.277
-396.774 238.659 -389.759 -34.249 -171.766 -323.784 231.720 -369.794 -352.742 209.215 -437.274 -296.250 -57.775 -86.743 -35.765
-322.253 -157.281 254.231 106.736 158.737 77.740 152.211 140.739 242.741 239.745 73.716 -8.290 159.741 -263.757 -411.748
-114.270 104.736 46.256 -72.793 -442.259 240.245 -462.273 -294.797 102.232 137.217 108.238 275.243 24.228 195.236 225.728
-189.254 -375.752 22.237 -179.290 -120.252 -34.314 -326.774 -313.297 -76.260 -336.763 -39.246 -270.269 235.727 221.229 36.257
-236.280 67.720 -12.281 -155.764 120.723 -426.266 -354.281 160.213 -61.783 -318.260 112.230 131.676 226.731 -364.772 -415.772
98.242 -349.780 -441.270 -435.750 -82.255 66.247 -47.770 -253.266 -263.767 124.244 38.703 146.230 -339.770 -34.755 79.228
-147.282 251.236 206.717 191.736 -209.275 -296.773 241.244 -207.260 -162.255 -193.258 197.724 -232.767 196.695 274.734 128.695
-157.774 142.227 -403.761 296.205 77.728 -200.278 -219.295 10.253 -329.781 118.757 -114.784 -258.256 158.235 -400.262 -222.771
286.720 185.710 -13.744 49.222 -283.782 266.712 -384.789 159.698 142.721 25.219 -24.292 -223.769 -138.761 225.260 62.232
-126.767 -353.775 -269.265 -315.295 140.726 -136.268 -220.314 -182.773 161.242 -116.785 -360.311 -11.295 231.719 -138.294 -367.270
271.204 -171.276 -67.266 -81.779 15.710 -231.269 -223.807 219.240 76.238 -1.278 108.242 -201.249 -360.261 -25.264 302.694
207.245 296.708 161.696 14.231 -127.763 -297.278 -20.261 190.212 180.743 -201.298 -151.759 -174.754 -303.756 170.228 -137.312
150.203 98.743 -108.259 -442.774 48.240 37.725 -309.255 144.723 -184.805 -442.761 -2.751 47.737 166.218 203.229 21.240
-101.294 -83.751 -7.761 277.229 -107.268 -275.250 78.236 192.745 162.710 -176.239 -11.266 -199.273 164.724 247.243 -137.763
139.206 269.241 -356.279 26.240 31.219 216.246 -81.267 -450.785 -266.277 -142.269 187.248 -223.763 152.744 283.231 -119.285
-124.300 -32.236 -118.294 131.242 286.218 -379.275 -329.295 182.211 -275.780 263.251 209.250 -381.775 -378.780 286.224 128.726
-69.769 186.241 113.706 123.728 126.724 56.749 -286.297 145.222 -92.796 235.215 -274.268 170.180 -445.277 220.729 300.198
-176.303 -87.769 -20.786 86.193 10.732 248.231 -278.765 -1.781 35.236 -43.758 36.228 89.207 144.245 -254.776 212.238
196.229 267.248 -217.243 307.190 -148.761 -373.740 -169.243 137.195 -281.763 67.249 -252.769 240.693 64.231 -340.288 -83.745
91.247 -368.270 -97.788 -22.294 247.733 22.725 -352.750 -108.301 -352.769 245.243 -110.765 -255.821 -15.764 -423.273 188.745
