1.921 8.739 8.622 5.630 8.043 7.803 7.643 7.440 8.969 7.288 7.379 7.002 8.194 6.849 8.374 6.315 5.721 4.197 5.889 7.450 7.789 7.307 8.109 7.251 6.823 7.460 6.356 8.823 7.286 6.137 7.350 9.707 7.657 6.817 6.717 6.912 9.025 8.177 8.037 8.427 5.127 8.395 7.691 8.499 9.551 7.238 7.467 8.001 8.143 9.050 9.371 5.810 6.229 8.515 7.565 8.009 6.366 7.689 5.875 8.440 6.932 6.720 7.272 6.982 6.854 7.233 6.005 6.888 6.084 8.849
0.991 8.251 10.414 3.332 7.773 7.864 9.017 7.397 7.764 5.089 7.953 7.849 9.433 8.454 9.072 5.211 5.488 4.003 6.217 6.887 6.699 8.645 7.139 6.907 6.841 9.209 5.593 8.223 6.509 7.887 6.437 9.773 6.673 6.463 7.957 7.505 8.296 6.883 6.273 8.639 6.711 7.523 7.391 9.169 9.617 6.126 6.564 6.825 8.111 6.827 8.655 6.072 7.214 9.040 7.812 8.841 3.757 8.449 5.899 9.513 7.429 7.085 7.355 6.413 5.633 6.415 5.962 6.353 6.722 8.461
1.839 8.354 9.642 5.783 7.602 7.936 9.123 7.951 8.312 6.326 7.636 8.018 8.193 7.761 8.330 6.500 5.359 3.644 6.285 7.634 6.541 7.109 7.688 8.862 8.861 7.747 6.097 6.853 7.938 8.043 5.278 8.989 7.615 6.602 8.609 7.250 7.965 8.053 7.337 9.490 7.167 8.887 7.594 7.749 7.617 7.396 6.961 7.271 7.693 8.085 9.942 6.280 6.368 7.589 7.658 8.638 6.593 8.325 5.699 9.645 7.153 6.095 7.275 5.551 7.146 6.737 5.351 5.093 5.871 7.960
1.761 9.143 9.825 5.732 8.521 7.393 9.512 7.837 7.349 7.649 7.387 6.875 9.434 9.320 8.645 6.295 6.180 4.859 6.634 7.049 8.519 7.469 7.516 7.979 8.327 9.193 6.417 8.430 7.101 6.134 7.018 10.365 6.349 7.262 8.289 4.603 7.817 8.330 7.179 10.161 7.257 8.263 7.971 9.132 8.621 7.243 6.431 7.483 7.251 8.527 9.026 5.561 5.679 8.994 8.332 7.085 6.182 8.250 6.391 9.581 5.903 6.032 6.619 6.250 7.021 5.937 5.583 7.023 7.747 7.651
1.897 8.522 8.481 5.856 8.686 6.575 8.563 7.290 8.257 7.761 8.065 6.565 6.924 8.689 8.846 5.967 6.081 4.767 5.239 7.525 8.820 8.483 6.777 8.652 8.391 8.255 6.229 7.787 7.625 7.771 6.869 9.980 7.873 6.743 8.503 7.757 8.919 7.187 7.107 10.194 6.839 8.606 6.959 7.155 6.651 6.299 6.227 6.877 8.459 8.481 8.141 6.087 5.296 7.579 7.720 7.364 4.639 6.943 5.574 8.796 7.149 7.071 6.751 5.689 7.261 5.603 5.435 6.637 6.781 8.427
2.082 6.415 9.194 5.913 7.422 5.721 8.387 7.147 8.908 6.316 5.769 8.863 8.558 6.929 8.514 6.315 7.321 4.175 5.557 8.278 8.519 8.124 7.001 8.512 7.132 8.717 6.713 9.243 7.002 7.744 7.503 9.700 7.216 7.149 6.953 7.915 6.363 7.851 7.222 9.519 7.541 8.908 6.881 7.446 7.921 6.953 7.728 7.113 8.417 8.242 8.263 4.166 6.047 5.031 8.661 7.853 6.023 7.193 5.359 6.647 5.600 6.160 7.740 6.359 7.427 5.233 5.833 6.584 6.846 8.663
1.610 8.107 8.271 5.801 9.284 7.610 8.240 7.184 8.481 6.493 7.113 8.855 8.881 9.595 8.586 6.075 4.707 5.821 6.765 5.898 7.090 6.976 8.106 7.815 6.703 8.368 5.231 9.203 6.961 8.538 6.846 9.528 7.584 7.569 7.097 7.551 7.117 8.723 5.887 9.591 4.572 7.460 8.093 7.926 8.431 6.296 7.154 6.179 7.460 8.564 8.457 5.665 6.780 6.939 8.921 9.862 5.370 7.559 6.381 8.949 7.031 7.481 6.971 6.163 7.151 7.021 5.211 7.207 7.787 7.806
1.681 8.165 9.878 4.003 8.838 7.585 7.987 7.135 9.307 7.313 7.928 8.316 8.724 9.255 8.232 5.861 5.583 5.307 6.741 6.968 8.304 7.198 6.951 9.087 7.495 9.068 5.489 7.643 7.588 8.515 6.770 8.647 7.008 7.523 8.471 7.831 8.675 8.916 7.593 10.087 7.091 8.821 7.787 9.491 6.467 5.599 7.602 8.026 7.747 8.221 7.449 6.261 6.355 6.537 7.293 9.459 7.013 8.491 5.417 9.321 7.210 5.978 6.078 5.925 6.726 7.241 6.298 6.961 7.439 7.016
2.131 9.131 10.433 5.850 8.266 6.358 7.950 6.533 9.059 6.414 7.942 8.169 9.564 8.116 9.433 5.760 6.192 5.564 6.485 7.133 7.976 7.585 7.513 7.690 7.104 8.308 5.692 7.846 5.855 7.574 6.522 9.441 7.533 6.589 7.887 6.035 8.048 8.602 7.044 10.534 7.617 9.396 8.402 7.472 8.299 5.650 6.681 5.300 7.333 8.027 9.095 6.279 5.507 6.712 8.638 8.377 5.772 7.060 4.686 8.363 6.683 5.910 7.075 5.921 7.259 7.623 5.485 5.162 7.277 8.358
1.456 7.917 7.990 5.196 8.693 7.082 8.914 7.733 7.484 6.673 9.163 6.375 8.434 8.253 8.805 6.069 6.791 4.377 6.619 6.738 9.233 7.946 5.782 7.257 5.824 7.417 5.941 7.788 6.613 8.323 8.035 9.811 7.886 8.152 6.201 7.605 8.143 8.267 6.809 9.616 5.800 6.008 7.357 9.485 9.417 7.177 7.016 6.534 7.817 8.698 8.178 5.231 6.617 7.552 8.435 8.987 5.326 8.637 5.008 9.492 6.368 6.877 7.100 4.931 5.671 7.256 5.995 6.765 7.183 8.078
1.523 7.289 9.903 4.677 7.423 7.157 8.252 6.545 9.660 6.421 6.507 8.511 7.003 8.868 8.855 6.687 7.225 5.503 6.641 7.697 7.763 6.776 7.971 6.398 7.153 10.106 5.916 8.185 6.628 8.879 6.831 9.619 8.019 7.179 9.410 8.453 8.393 7.319 7.081 10.750 7.736 7.047 6.797 8.345 9.371 6.076 7.023 5.924 7.043 8.105 10.155 4.837 6.320 7.789 8.651 8.616 6.641 7.661 6.141 8.550 6.411 7.013 7.334 6.804 6.929 6.447 6.217 7.135 6.588 7.517
1.780 7.739 8.640 5.286 9.165 6.183 9.581 7.932 9.308 5.666 8.164 8.685 8.461 7.818 8.725 6.457 6.759 4.877 6.520 7.276 8.559 8.485 7.343 8.646 6.745 8.272 5.301 8.308 7.001 7.912 6.473 8.445 8.572 6.940 8.771 7.472 8.463 7.648 6.995 10.087 7.156 6.182 5.524 8.439 7.915 5.858 7.107 6.142 5.894 7.664 7.501 6.159 5.553 7.494 5.595 7.735 5.736 7.130 5.682 7.414 6.270 6.550 7.547 6.274 5.531 7.928 6.166 5.785 4.775 6.943
1.599 7.955 9.811 5.285 7.948 8.167 7.131 6.359 7.531 7.520 7.565 7.989 9.033 9.663 8.674 6.157 5.427 4.245 6.815 5.917 6.052 8.033 7.331 8.747 5.377 7.528 5.664 9.281 7.773 6.778 6.728 7.964 8.069 7.167 8.320 7.048 7.943 7.675 6.288 8.553 6.617 8.884 8.513 8.939 8.459 7.377 7.293 7.465 7.827 8.433 9.211 6.693 6.653 8.212 8.667 7.623 6.157 8.843 5.883 8.821 6.588 6.668 7.765 6.072 6.997 7.657 5.252 7.283 7.457 8.563
2.057 8.654 10.247 5.942 7.611 7.795 8.304 6.947 7.866 7.327 7.726 8.324 9.469 8.501 8.167 5.321 6.689 3.757 5.725 7.906 8.389 7.011 6.957 9.583 6.259 8.359 5.431 7.279 6.081 7.819 8.114 8.352 6.847 6.460 8.623 7.191 7.712 5.509 6.701 8.863 5.675 7.938 8.387 9.606 9.142 6.190 7.443 7.803 6.319 7.176 8.435 6.569 5.289 7.989 8.216 7.839 6.127 8.171 6.835 8.874 6.496 7.395 7.473 4.869 7.315 6.361 5.309 5.969 7.293 9.103
1.649 8.971 9.069 5.725 7.479 7.417 7.973 7.591 8.857 7.967 8.311 8.195 8.749 6.245 8.738 5.733 6.895 5.133 4.997 7.807 7.520 7.799 8.521 8.994 8.333 8.619 4.195 7.759 6.716 7.777 7.558 9.104 8.174 6.786 8.876 7.283 7.370 7.517 5.999 10.801 6.923 6.751 7.987 8.787 7.356 6.521 7.137 7.585 7.557 7.241 9.836 5.875 6.418 9.007 5.475 7.906 6.337 6.125 5.571 7.727 6.982 6.634 6.788 7.342 7.560 6.320 5.837 6.149 7.295 7.269
1.179 9.338 8.195 5.541 7.787 6.469 7.529 7.412 7.281 6.125 8.061 9.203 8.525 9.103 7.387 6.643 7.085 5.329 5.512 6.693 6.893 8.725 8.567 8.062 8.331 8.540 6.483 7.135 8.011 8.808 7.626 8.211 7.987 6.541 7.089 6.460 7.403 6.439 6.781 8.998 6.856 8.658 8.306 7.748 7.739 6.497 6.536 7.792 8.759 8.647 6.999 6.691 6.501 8.465 8.928 8.729 6.029 8.723 5.659 8.275 7.513 6.701 7.499 5.957 6.967 7.777 5.067 5.364 6.298 6.758
1.657 8.063 8.231 6.189 9.246 5.961 9.468 7.349 8.459 7.387 5.357 8.105 8.813 8.185 6.950 6.730 5.879 5.366 5.661 4.975 6.488 7.535 7.633 8.171 8.132 8.340 6.693 9.290 6.851 8.701 8.058 9.300 7.242 7.731 8.861 7.445 5.913 8.691 6.751 9.532 6.584 8.363 6.775 7.901 7.993 5.634 6.281 5.219 6.756 7.226 8.090 6.075 6.465 8.963 6.998 7.970 7.391 8.856 5.479 8.217 6.099 6.585 6.671 6.677 7.581 8.065 4.827 5.128 7.733 8.106
1.333 9.191 10.196 6.133 8.891 6.483 9.343 6.813 8.397 5.809 8.553 8.007 7.528 7.829 8.509 7.185 6.891 3.865 6.193 5.725 6.950 6.665 6.861 8.983 6.788 8.633 5.342 9.159 7.902 6.926 5.846 9.673 8.593 7.261 7.773 7.076 7.069 8.001 7.776 9.865 7.113 8.224 8.073 7.333 7.853 4.389 7.063 7.300 8.364 8.202 8.435 4.904 5.097 8.496 7.965 8.515 5.721 7.479 5.926 8.552 7.329 6.686 7.277 5.781 5.759 6.291 6.000 6.976 8.137 7.391
1.589 8.317 9.435 4.841 7.677 7.136 7.781 8.106 8.947 6.958 7.577 8.812 8.934 8.301 7.806 6.457 7.188 5.021 6.157 7.533 7.864 8.212 8.349 9.123 8.021 7.537 6.163 8.593 6.974 8.813 6.724 10.395 8.357 7.499 7.417 8.080 6.929 8.075 5.718 8.982 7.711 7.827 8.381 8.869 6.604 6.891 6.144 7.939 7.815 7.491 10.072 4.249 6.224 7.341 8.515 8.347 6.323 8.984 5.521 8.539 7.086 6.041 7.391 6.423 6.715 6.063 6.282 6.527 7.585 7.835
1.431 8.763 7.214 4.501 8.371 6.900 9.230 7.998 8.859 6.875 8.871 7.694 8.869 8.953 7.485 6.373 7.114 5.586 6.055 6.927 8.047 7.083 5.833 6.679 7.459 8.765 6.067 8.605 7.842 9.063 6.941 8.293 7.043 6.372 6.999 6.816 8.013 7.864 7.478 10.085 5.693 8.167 8.037 8.673 8.861 7.167 6.266 6.767 7.533 7.832 9.933 6.033 5.884 7.673 8.436 8.587 5.501 7.263 5.774 8.903 7.011 6.111 7.839 6.443 6.743 8.009 5.059 6.188 6.634 6.725
1.625 9.071 9.177 6.218 9.033 7.003 7.094 7.457 7.537 6.924 7.721 6.089 9.327 7.941 9.707 6.403 6.408 5.250 6.023 5.886 8.802 6.781 7.273 8.767 7.265 8.769 6.053 9.113 7.848 9.079 7.723 8.811 7.779 7.176 7.167 7.414 6.899 7.392 7.213 10.328 6.916 6.874 8.761 9.025 8.709 6.755 6.183 6.362 5.847 7.977 8.202 6.052 7.003 7.688 8.507 9.498 6.571 7.381 5.294 8.547 5.885 5.734 5.939 6.896 5.787 7.784 6.260 5.803 7.497 8.017
1.980 8.400 8.686 4.587 6.647 8.111 8.440 6.673 8.299 7.778 7.427 8.088 9.249 8.318 8.719 6.243 4.941 4.349 4.951 5.890 7.796 6.082 6.131 7.718 8.245 8.119 5.901 7.469 6.215 5.747 8.049 9.513 8.137 8.471 9.514 8.525 6.908 8.223 7.167 8.898 5.444 7.573 7.835 9.158 7.874 6.246 7.733 7.641 7.421 7.600 7.887 5.641 6.387 9.071 8.634 8.754 6.617 8.367 5.281 7.840 6.761 7.433 7.371 5.916 6.849 6.255 6.054 6.203 7.964 8.609
1.443 8.396 8.953 5.371 6.473 7.621 8.144 7.404 8.826 7.389 6.953 7.653 8.179 8.029 8.611 6.941 6.149 4.697 6.367 8.459 7.745 7.001 7.893 7.480 6.885 9.421 6.525 9.488 7.779 8.712 7.687 8.964 8.087 7.943 8.861 7.397 7.325 8.690 6.843 8.571 7.031 7.857 8.436 7.921 8.504 6.444 6.479 7.115 6.641 8.113 8.657 5.401 5.940 8.488 8.727 8.843 5.259 8.577 6.385 9.685 7.006 5.331 7.703 5.821 7.528 6.817 4.441 5.661 6.333 8.269
1.494 9.009 9.561 5.413 8.985 6.988 9.537 7.923 9.101 6.504 7.340 8.567 9.752 8.472 9.350 6.985 6.270 4.057 4.298 7.065 8.399 7.561 5.638 6.807 6.295 9.322 6.306 8.788 7.743 8.655 7.469 9.187 7.663 7.954 7.975 7.197 8.633 7.885 7.547 9.803 7.378 7.397 8.895 9.197 8.173 6.315 7.114 7.695 7.395 8.666 9.791 5.048 5.241 7.664 7.648 8.121 6.001 9.089 6.695 8.255 7.035 6.094 7.150 5.982 6.729 7.037 5.071 7.057 7.148 6.370
1.265 8.798 8.230 5.834 7.925 7.510 7.697 7.140 8.495 6.267 8.534 9.087 8.890 9.603 8.947 6.434 6.958 5.251 5.015 7.063 6.305 8.344 7.900 8.797 8.485 7.907 5.614 8.201 6.191 8.838 6.584 10.041 7.060 7.142 8.392 7.810 8.306 7.685 6.606 9.158 6.073 7.877 8.878 9.192 8.817 6.331 5.723 7.112 8.174 8.206 9.373 6.414 6.449 9.407 7.509 7.675 6.245 6.849 6.131 9.204 6.206 7.106 6.756 5.070 6.467 7.646 5.847 6.781 7.197 8.567
1.143 7.895 8.725 5.627 8.579 7.652 8.572 7.508 7.978 6.522 7.729 8.331 7.939 6.897 7.839 4.539 6.255 4.325 6.105 6.991 7.531 6.095 6.887 8.463 7.915 8.412 5.826 8.177 7.755 9.110 7.225 9.701 8.168 6.791 6.493 5.671 7.329 7.329 5.723 10.245 6.259 8.415 8.411 9.213 7.597 6.333 7.375 8.065 8.085 7.502 9.688 5.521 6.221 8.067 8.185 9.297 6.536 7.405 5.739 9.078 7.033 7.551 6.482 7.228 6.826 5.791 5.135 5.815 5.181 6.945
1.252 7.923 8.775 5.271 7.470 6.814 8.997 6.848 6.463 6.923 6.097 7.436 9.189 6.418 8.002 6.783 5.269 4.627 6.620 7.344 6.817 8.605 6.327 6.026 7.463 8.474 6.098 9.143 8.195 8.888 6.851 9.977 8.161 7.977 7.995 7.459 7.666 7.691 7.367 9.369 7.049 8.314 6.979 7.402 8.199 5.900 7.805 7.549 6.952 7.804 7.857 4.788 5.535 8.210 6.579 7.733 5.543 7.939 5.596 9.119 6.851 5.855 7.173 5.940 7.060 7.733 6.730 6.068 6.975 8.763
2.068 8.716 7.231 5.358 8.105 6.794 8.854 7.427 8.193 6.217 7.973 8.625 5.890 8.503 8.403 6.389 6.298 4.767 6.653 7.007 7.912 7.557 7.012 6.784 7.701 7.603 6.183 8.266 7.543 7.339 7.387 10.007 7.935 5.853 7.637 7.896 7.239 7.401 6.455 8.861 5.538 7.171 7.267 8.314 8.192 5.762 7.075 6.699 7.315 8.547 8.418 6.348 5.744 8.615 6.534 6.719 6.909 8.983 6.386 8.216 6.197 7.457 6.098 6.664 6.400 7.036 6.009 6.494 7.057 7.961
1.387 8.759 9.511 5.625 9.027 7.317 7.305 6.333 8.769 7.305 7.809 7.909 9.256 7.263 9.437 6.547 7.139 4.265 7.582 7.359 8.405 9.031 7.297 7.253 8.129 8.051 6.057 8.603 6.332 7.955 8.057 9.060 6.137 7.291 8.045 7.753 7.323 8.747 6.065 8.129 6.539 8.869 7.559 7.139 9.007 6.314 7.135 7.273 7.634 7.736 7.779 6.219 6.125 8.177 8.651 7.724 6.391 7.432 4.544 9.167 6.678 6.253 7.011 6.425 6.667 7.287 4.612 6.579 6.909 7.553
1.662 8.723 9.213 5.810 8.405 6.389 9.783 7.417 9.655 6.054 6.773 7.120 9.799 7.633 7.715 4.386 6.141 4.532 6.957 6.231 7.905 8.229 7.757 7.191 7.627 8.751 6.287 7.706 7.360 7.811 6.843 10.004 7.527 6.959 9.412 7.159 6.175 6.781 6.909 8.069 4.500 8.878 8.913 8.331 8.980 6.608 5.844 7.091 6.615 8.974 8.243 5.103 5.616 8.883 8.776 7.664 5.876 7.641 5.739 7.997 4.764 6.133 7.131 6.795 6.462 6.874 5.813 6.977 7.917 8.102
1.282 8.603 8.383 4.848 8.025 5.173 6.994 6.667 8.655 6.613 7.801 8.559 9.138 8.613 7.370 6.002 6.793 4.674 5.945 7.421 7.867 8.206 7.301 7.361 8.191 7.958 6.174 8.237 8.063 8.189 6.955 9.736 8.165 8.126 7.858 6.279 7.447 7.979 7.344 10.299 6.777 8.437 8.029 8.677 8.052 6.407 8.249 7.247 6.788 8.319 10.035 5.689 5.316 9.543 7.690 8.775 6.850 6.985 5.820 9.606 7.960 5.888 6.967 7.121 6.117 6.227 6.321 6.527 7.408 8.109
1.955 7.777 9.486 5.464 8.499 6.894 8.774 7.137 8.902 5.983 7.204 7.533 7.231 7.917 9.213 5.485 6.927 5.443 6.223 8.303 6.477 8.681 7.901 7.807 7.303 8.485 4.868 8.838 6.107 8.082 8.297 9.507 8.132 7.893 8.924 7.489 7.967 5.931 7.863 10.699 7.238 6.057 7.180 9.103 9.003 6.157 7.704 7.179 6.416 8.801 9.158 5.857 6.373 8.229 9.117 7.799 5.156 7.195 6.077 8.058 5.856 7.258 6.606 5.496 6.358 7.195 6.017 5.232 7.229 8.185
2.000 8.259 10.420 5.113 9.465 7.277 8.596 7.799 9.935 5.641 5.305 9.126 7.579 8.277 7.728 6.729 6.547 3.983 6.363 7.631 8.159 5.005 7.203 6.731 7.636 7.840 4.991 7.390 6.462 8.598 8.052 9.480 7.147 7.037 8.985 6.857 6.579 6.059 7.395 7.566 6.991 6.695 8.368 7.911 5.818 6.307 6.734 6.119 7.861 8.429 8.877 4.679 6.217 8.496 8.721 7.731 6.595 5.890 6.277 7.665 6.453 6.881 7.564 5.689 6.827 7.511 6.465 6.209 7.969 7.395
1.657 7.193 7.716 6.361 8.063 7.868 8.929 7.289 8.593 7.134 8.492 7.614 8.964 8.275 9.482 7.113 5.980 5.161 6.882 8.540 8.404 8.645 7.951 7.779 6.931 8.305 5.614 7.677 6.763 8.738 7.686 8.559 6.957 8.064 9.429 8.201 6.787 7.757 6.485 9.826 7.193 9.113 8.011 8.155 9.296 6.433 6.667 7.211 7.329 6.578 9.811 6.183 6.218 9.385 8.913 8.425 6.601 8.493 5.795 9.151 6.804 7.301 7.371 6.244 7.326 6.579 5.715 6.727 6.691 8.533
1.506 8.555 9.187 4.235 8.729 7.495 9.217 7.190 9.243 6.193 6.866 8.899 8.550 8.647 9.819 6.796 6.201 5.497 5.648 6.719 6.481 7.702 7.461 8.454 7.305 8.503 6.248 8.253 7.839 7.837 7.064 9.076 8.199 8.257 8.508 8.143 7.907 8.074 8.029 7.802 6.491 9.284 7.283 8.785 8.477 6.871 7.364 8.417 7.211 7.753 8.952 6.152 6.191 9.071 7.303 7.820 5.763 8.307 5.944 8.555 6.931 6.151 6.547 6.639 6.732 6.463 6.647 5.425 6.919 5.959
1.139 8.353 9.703 5.690 8.083 7.905 8.665 8.465 7.442 6.847 8.456 6.732 9.204 7.613 8.087 6.626 6.067 5.321 5.144 7.534 7.179 7.550 7.939 9.019 7.589 7.043 6.338 8.839 7.956 9.380 6.933 9.949 8.497 7.206 9.202 7.289 6.735 7.257 6.551 9.121 7.076 7.268 8.323 8.351 9.203 5.827 7.998 7.477 8.285 8.180 9.405 4.671 6.905 9.055 7.694 6.997 4.988 7.859 6.676 8.641 7.513 6.656 6.824 6.473 5.909 7.069 6.819 5.639 7.536 8.445
1.615 8.003 10.359 5.525 7.409 7.191 9.743 8.124 9.909 7.143 8.076 8.605 7.499 8.753 9.270 5.495 6.154 3.111 5.756 7.437 6.566 6.626 7.230 8.691 8.689 8.576 4.851 7.889 5.939 9.005 6.759 9.285 6.712 7.274 8.562 6.313 8.151 7.544 6.134 10.211 6.673 8.511 8.746 8.642 8.685 6.627 6.616 7.919 7.793 7.367 7.279 5.373 6.020 6.420 7.989 8.870 6.821 8.677 5.595 7.518 6.285 7.130 6.263 5.709 6.453 7.525 6.600 5.917 6.408 7.409
1.767 8.535 8.186 3.919 7.948 7.739 9.799 7.453 8.095 7.142 7.815 8.445 9.925 8.245 7.733 6.767 6.734 3.971 6.212 7.997 7.539 8.474 8.011 5.712 8.159 7.295 5.777 9.567 8.153 8.087 7.197 8.213 6.679 7.608 7.522 8.023 7.883 7.603 7.139 9.905 7.210 8.374 8.896 9.355 8.371 7.765 6.913 7.047 6.532 7.589 8.585 6.216 6.303 8.899 7.289 7.703 6.197 8.768 5.923 8.545 5.771 6.692 7.730 6.389 6.637 6.788 5.602 6.931 6.385 8.765
1.567 9.016 9.391 6.061 7.109 7.889 8.685 7.277 9.258 7.065 8.058 8.492 8.703 8.375 8.107 6.789 6.209 4.429 5.523 7.891 7.470 6.928 7.227 8.426 8.232 9.588 5.917 7.235 6.517 8.376 7.296 8.939 8.486 6.871 8.818 8.074 7.416 8.571 7.011 10.046 7.415 8.560 8.117 7.287 8.955 7.259 7.981 7.187 8.065 8.239 8.523 6.378 5.883 8.693 8.453 7.185 5.345 8.312 6.205 8.522 7.291 6.645 6.501 6.579 6.834 7.107 5.824 6.041 7.304 7.308
1.843 7.793 10.046 5.872 8.717 8.167 7.335 7.883 9.131 6.513 7.349 7.519 7.485 9.207 9.293 6.367 6.227 4.973 6.437 7.013 8.285 8.434 6.783 8.663 7.432 8.737 6.321 9.007 8.194 7.686 7.261 9.845 8.150 6.968 7.591 5.762 7.532 8.387 7.443 9.103 5.946 5.995 8.472 7.163 7.705 6.157 6.915 7.719 6.520 8.730 8.659 6.447 6.616 8.780 8.525 6.432 6.493 9.051 6.530 9.233 6.883 6.415 4.935 6.229 6.289 7.658 5.485 5.569 6.467 6.963
1.379 7.471 9.417 5.030 7.363 8.477 9.554 7.563 9.633 6.645 8.112 8.835 8.477 7.906 9.163 6.048 5.630 4.101 7.097 7.630 7.319 7.786 7.811 7.162 7.159 8.798 6.287 7.677 7.225 9.440 7.655 6.288 7.759 6.131 7.319 7.209 8.099 7.634 6.713 9.939 6.325 7.844 7.488 8.674 9.010 6.893 6.883 6.797 7.091 7.630 9.067 5.148 5.811 8.627 7.806 8.367 5.451 8.322 6.690 9.169 7.734 6.509 6.375 6.420 7.078 7.135 6.257 7.043 7.463 8.746
1.691 6.285 8.837 5.129 8.545 8.113 8.964 6.232 9.247 7.471 7.111 8.881 9.323 8.987 9.117 6.771 6.320 4.622 6.871 8.121 7.808 8.176 7.003 7.017 8.758 8.358 5.147 8.719 7.615 9.269 7.423 8.911 8.114 6.769 8.646 7.799 8.495 7.559 6.388 9.143 5.914 8.523 8.125 7.915 9.311 7.595 7.700 7.529 7.733 7.647 9.311 6.007 6.954 9.046 8.735 9.040 6.435 8.090 6.587 9.516 6.073 6.003 6.412 6.899 6.817 7.406 6.119 7.077 7.051 6.384
1.451 6.168 8.317 5.880 8.853 6.944 8.553 8.071 7.960 7.134 5.984 6.433 9.099 8.371 9.025 6.951 5.871 4.690 4.342 8.477 8.551 9.091 6.371 7.132 6.923 9.237 6.123 7.956 6.394 6.983 7.723 9.359 7.447 6.522 8.648 7.569 8.145 7.810 5.897 9.156 7.049 7.839 7.279 8.033 8.347 7.004 8.238 6.893 7.461 8.161 9.006 5.689 5.693 7.925 6.928 7.743 6.358 8.493 6.260 9.829 8.015 5.728 6.475 7.093 7.361 6.881 5.267 6.154 4.809 6.375
1.470 8.325 7.926 5.383 8.473 7.620 9.658 6.841 9.277 6.909 7.725 8.617 7.568 8.475 9.185 5.673 6.189 4.216 6.342 6.399 6.877 8.456 6.080 8.577 7.815 8.279 5.805 7.973 6.278 7.553 7.567 9.641 7.371 7.263 8.734 6.725 7.407 8.369 7.412 7.328 3.969 7.477 7.302 7.581 8.207 5.520 6.298 6.829 8.169 7.874 9.791 6.274 7.137 8.233 8.521 8.907 6.089 7.891 6.063 8.861 5.237 6.933 7.047 6.927 6.622 7.886 6.263 6.502 7.551 8.817
1.243 8.174 10.013 5.975 8.974 6.976 8.095 7.879 9.739 6.245 8.607 8.132 8.291 7.444 9.158 6.609 7.041 4.429 6.643 7.514 8.561 8.129 8.130 8.836 8.581 9.234 6.335 9.298 7.493 8.894 7.602 7.702 7.983 7.730 7.424 6.183 7.820 8.256 7.026 10.713 6.081 7.399 8.005 6.347 8.952 5.804 6.297 6.763 8.077 7.721 9.765 5.613 7.027 8.284 8.678 7.655 5.582 9.443 5.053 9.053 6.955 5.139 6.568 5.715 6.939 6.829 5.816 7.026 7.169 8.215
1.431 7.890 10.262 4.272 8.909 7.131 9.477 7.388 7.977 7.048 8.213 8.808 8.712 8.361 9.481 6.569 6.778 4.137 7.119 5.479 8.424 6.959 5.180 6.888 8.482 7.425 6.153 7.582 6.938 9.327 8.195 8.888 6.444 7.741 7.199 7.760 7.107 7.303 5.843 9.752 6.635 7.597 7.476 8.521 8.120 5.334 7.825 7.761 6.673 5.501 6.034 6.418 6.554 9.085 8.535 8.858 6.493 8.041 6.825 7.781 7.303 6.831 7.669 6.621 6.567 7.263 5.412 5.317 7.356 7.419
2.251 7.843 9.927 5.463 6.297 8.081 9.193 7.847 8.453 7.408 7.735 7.522 8.657 9.279 9.023 6.368 6.367 5.345 5.911 7.321 7.939 7.527 6.765 8.509 7.794 8.181 6.858 9.351 6.257 8.017 8.730 10.361 8.384 7.583 8.140 7.977 7.663 6.862 5.643 9.515 6.953 7.903 8.196 9.519 8.253 5.826 7.034 7.897 7.249 6.161 9.723 6.470 6.987 8.057 6.963 7.678 6.346 8.839 6.908 8.754 7.039 6.963 6.796 6.655 6.587 5.451 5.784 6.056 7.296 7.977
1.493 8.821 7.743 5.927 8.925 6.747 9.396 8.318 8.525 7.141 7.369 8.513 7.321 8.236 7.473 6.304 6.165 3.864 6.199 7.884 8.480 7.216 6.673 8.451 7.266 7.341 5.620 9.095 7.507 7.303 7.639 8.871 6.683 6.619 7.199 7.053 8.347 8.129 6.323 8.705 6.039 6.627 8.255 9.147 7.993 6.218 7.275 6.973 6.121 8.463 9.061 5.931 5.508 6.704 8.867 9.109 6.268 7.994 6.495 7.828 6.921 6.949 6.261 4.922 7.525 6.185 5.697 6.619 7.065 7.896
1.798 8.379 9.501 5.785 8.078 5.233 8.615 8.015 8.731 7.533 6.315 6.810 9.782 8.395 8.488 6.455 5.483 5.349 5.720 7.823 8.480 8.221 7.701 7.921 7.169 8.849 4.828 9.092 6.523 8.853 7.227 8.678 7.521 7.311 7.187 7.639 8.522 7.762 6.211 10.179 6.891 7.649 8.621 8.535 8.686 6.023 7.070 8.095 8.687 8.505 8.148 5.295 6.798 7.955 8.078 9.443 5.619 9.362 6.277 7.651 6.209 6.945 7.422 7.066 6.029 7.935 6.337 7.399 7.594 7.304
1.227 8.957 10.297 5.715 8.849 8.059 8.581 7.293 8.161 6.564 8.277 8.465 9.495 8.946 7.911 6.060 6.732 4.785 5.477 7.667 7.770 7.138 7.698 8.830 6.996 9.074 4.743 8.106 7.055 7.096 7.849 9.627 8.295 7.079 8.109 8.113 6.552 7.759 5.857 7.617 7.233 8.913 8.258 8.099 7.231 7.748 7.838 7.317 7.498 8.413 9.623 5.845 5.909 9.259 7.531 7.300 4.890 7.425 5.629 7.851 7.053 5.207 6.155 6.617 6.879 7.213 5.925 6.290 6.456 7.210
1.533 8.339 8.008 5.087 6.043 6.817 8.417 7.017 8.792 5.898 8.284 8.873 7.405 8.782 8.729 5.291 5.719 5.131 6.157 7.927 6.799 7.682 8.114 8.173 5.848 7.397 5.533 9.098 7.629 8.705 7.405 9.191 7.725 6.661 6.937 5.044 8.477 8.058 7.051 10.154 6.538 7.029 8.715 8.231 8.905 6.801 7.229 6.345 6.573 5.845 9.429 6.084 6.219 8.034 7.347 8.507 5.355 8.331 5.859 8.240 5.864 7.397 7.453 6.211 6.776 7.287 6.426 5.235 6.195 7.538
1.057 8.945 9.675 5.783 8.351 8.330 9.245 6.896 8.969 5.669 7.501 8.191 8.723 8.951 9.747 6.152 5.540 4.802 7.030 6.335 7.393 5.068 6.186 7.628 4.792 7.642 6.464 8.795 6.617 6.725 6.622 8.115 6.612 7.719 8.456 8.335 7.164 8.217 6.027 10.871 6.124 8.103 8.599 7.915 9.247 6.195 7.480 7.018 7.754 8.037 5.737 5.547 6.689 9.035 8.171 6.693 7.117 7.783 5.497 8.411 7.905 6.819 7.664 6.391 6.252 6.710 4.628 6.740 6.227 7.963
2.350 9.230 9.289 6.043 8.111 7.702 7.752 6.618 9.181 7.239 8.028 6.236 8.757 8.805 8.801 6.061 6.300 5.496 6.379 8.323 7.723 7.955 7.369 8.621 8.839 9.017 6.283 9.619 6.267 5.645 8.265 7.803 6.572 6.427 9.198 6.698 8.007 8.332 5.951 10.606 6.223 7.648 6.705 8.449 6.682 7.104 6.100 7.810 8.085 8.789 10.107 5.915 6.514 9.174 8.595 7.710 7.100 6.965 5.914 6.373 6.547 6.846 7.827 5.991 6.281 7.114 5.321 6.714 6.759 7.595
2.093 8.033 9.879 5.398 8.628 6.655 7.128 7.075 8.916 7.131 8.034 6.866 6.337 7.933 8.280 6.471 6.501 5.072 6.383 6.530 8.617 8.452 6.152 8.828 6.369 7.849 5.919 8.902 7.683 8.699 7.134 9.614 6.114 6.741 7.347 7.199 7.617 8.140 7.797 10.882 7.391 8.309 7.271 9.097 9.534 6.365 6.787 8.476 7.407 8.236 8.424 5.988 4.954 6.505 8.381 8.466 6.251 8.469 6.205 8.491 7.200 6.543 6.337 7.192 6.877 7.631 5.941 5.687 6.849 8.579
1.961 8.635 7.677 6.019 8.463 8.059 9.371 7.536 8.057 7.017 8.117 8.701 8.312 7.441 7.955 5.097 6.887 5.029 5.024 7.071 8.268 7.101 6.927 7.001 6.705 7.757 5.395 6.839 7.269 7.465 7.351 7.371 7.509 6.281 7.330 7.857 5.954 7.689 7.325 9.923 6.089 5.947 8.487 9.381 6.816 5.733 8.071 8.238 6.573 8.243 9.199 5.914 7.091 9.340 6.803 8.744 5.959 7.963 5.971 8.751 5.241 5.594 6.965 6.094 6.994 6.845 5.876 6.764 5.943 9.137
1.501 7.922 10.205 5.804 8.157 7.701 9.410 6.989 9.252 7.859 7.235 7.833 9.190 8.231 7.018 5.937 5.331 5.393 5.961 6.597 7.851 8.645 6.308 7.829 6.383 8.519 5.927 7.850 7.852 6.728 6.743 10.269 8.296 6.217 7.569 6.543 7.482 8.319 7.385 10.089 6.813 8.808 9.030 6.469 7.382 6.920 7.249 7.840 7.112 8.320 9.406 5.956 6.353 8.539 8.123 8.059 6.061 7.239 6.709 8.905 7.230 4.886 6.354 5.093 6.093 6.199 5.443 6.661 7.203 6.740
2.005 6.620 9.048 5.754 8.551 7.357 8.676 6.439 9.427 6.562 7.789 8.537 10.029 9.165 8.106 4.497 5.797 4.959 4.721 7.761 7.678 6.981 4.445 7.676 7.459 8.156 5.785 7.845 7.316 8.993 7.130 9.303 6.721 7.147 8.768 7.901 6.964 7.606 7.613 10.132 6.964 7.777 6.350 8.555 8.613 7.029 7.141 8.153 8.370 8.563 9.099 6.045 6.570 8.233 8.813 9.123 5.837 7.477 5.695 9.162 6.423 6.817 7.071 7.442 7.074 6.101 6.226 6.907 7.793 7.962
1.760 7.865 10.139 5.572 7.515 5.760 8.065 6.118 8.411 7.027 8.294 8.791 7.966 6.864 8.058 5.842 6.211 3.957 6.849 8.154 8.331 8.857 7.989 8.027 7.311 7.696 4.187 8.915 7.120 8.018 7.138 9.076 7.488 7.559 7.897 7.081 8.359 8.562 7.633 10.103 5.935 7.709 9.048 8.390 9.070 7.569 7.871 7.809 7.899 8.452 8.830 6.242 6.831 9.113 8.650 6.645 5.988 7.678 6.985 9.357 6.957 7.167 7.493 5.179 6.476 5.945 5.995 6.315 7.503 6.280
1.499 7.526 9.243 6.018 8.407 7.143 8.860 7.793 8.677 6.250 7.384 8.399 8.673 8.572 7.048 6.071 7.161 5.481 6.574 6.901 6.939 7.619 8.291 7.057 6.100 8.655 5.196 7.529 7.913 9.008 7.189 10.158 8.025 6.972 8.345 7.813 7.131 7.918 6.602 9.894 7.160 6.927 8.031 9.015 8.007 7.235 7.324 7.662 6.731 7.789 10.337 6.717 6.982 8.642 8.289 8.517 6.168 7.402 5.930 9.407 7.201 7.490 7.079 7.188 5.119 5.517 5.620 6.924 6.833 6.889
1.757 9.442 7.835 6.287 7.751 7.631 8.849 6.529 8.973 7.679 8.335 7.716 7.627 7.924 9.568 6.044 6.625 5.269 6.287 6.765 7.884 8.027 7.138 8.049 8.165 7.180 5.485 8.280 7.891 8.651 7.217 9.277 7.400 7.813 9.265 7.139 7.460 7.195 7.176 10.253 6.445 7.211 8.029 8.158 9.699 4.959 6.425 7.153 7.138 8.627 9.981 6.001 6.503 8.331 8.071 8.687 6.169 8.951 6.527 9.605 7.705 5.850 5.681 6.783 6.409 7.819 5.443 5.537 6.286 8.059
