0.065 0.070 0.068 0.075 0.063 0.079 0.067 0.064 0.072 0.066 0.069 0.072 0.068 0.073 0.069
0.066 0.064 0.071 0.060 0.075 0.060 0.065 0.067 0.067 0.066 0.067 0.073 0.073 0.071 0.066
0.063 0.068 0.067 0.072 0.067 0.075 0.064 0.067 0.064 0.064 0.071 0.069 0.061 0.069 0.069
0.072 0.060 0.077 0.062 0.071 0.076 0.069 0.074 0.066 0.073 0.067 0.073 0.067 0.068 0.060
0.066 0.068 0.072 0.066 0.075 0.066 0.068 0.065 0.063 0.070 0.062 0.065 0.070 0.073 0.061
0.069 0.064 0.064 0.067 0.068 0.070 0.068 0.065 0.070 0.068 0.067 0.063 0.064 0.074 0.066
0.061 0.067 0.067 0.065 0.066 0.064 0.067 0.071 0.062 0.071 0.063 0.069 0.074 0.069 0.070
0.066 0.067 0.066 0.070 0.067 0.068 0.062 0.067 0.059 0.076 0.062 0.074 0.073 0.066 0.058
0.073 0.067 0.066 0.066 0.068 0.065 0.070 0.076 0.061 0.064 0.065 0.062 0.070 0.067 0.063
0.067 0.069 0.070 0.067 0.069 0.070 0.076 0.063 0.064 0.067 0.066 0.071 0.070 0.067 0.071
0.073 0.065 0.071 0.066 0.070 0.068 0.061 0.063 0.083 0.069 0.065 0.075 0.065 0.062 0.072
0.067 0.073 0.066 0.066 0.068 0.068 0.066 0.074 0.073 0.063 0.065 0.072 0.064 0.075 0.070
0.072 0.067 0.065 0.064 0.072 0.061 0.061 0.069 0.069 0.068 0.071 0.062 0.070 0.062 0.069
0.073 0.074 0.073 0.062 0.075 0.065 0.067 0.067 0.065 0.067 0.072 0.068 0.068 0.071 0.065
0.069 0.071 0.063 0.072 0.066 0.067 0.067 0.071 0.065 0.062 0.072 0.066 0.065 0.066 0.072
0.075 0.072 0.064 0.070 0.064 0.067 0.065 0.062 0.064 0.065 0.068 0.066 0.072 0.069 0.069
0.069 0.063 0.061 0.074 0.073 0.066 0.061 0.075 0.062 0.070 0.074 0.070 0.067 0.069 0.060
0.065 0.074 0.059 0.073 0.076 0.068 0.062 0.063 0.071 0.063 0.067 0.070 0.072 0.067 0.071
0.072 0.065 0.069 0.071 0.068 0.063 0.075 0.063 0.073 0.068 0.066 0.065 0.061 0.070 0.074
0.070 0.072 0.065 0.069 0.062 0.075 0.068 0.067 0.066 0.064 0.062 0.072 0.065 0.071 0.078
0.067 0.067 0.065 0.061 0.066 0.065 0.070 0.067 0.065 0.071 0.067 0.078 0.062 0.063 0.066
0.072 0.072 0.067 0.066 0.065 0.064 0.075 0.078 0.061 0.074 0.066 0.068 0.066 0.065 0.067
0.083 0.066 0.064 0.059 0.070 0.068 0.057 0.071 0.062 0.068 0.062 0.067 0.068 0.063 0.061
0.072 0.069 0.071 0.067 0.059 0.069 0.070 0.065 0.068 0.071 0.067 0.063 0.071 0.065 0.062
0.073 0.069 0.068 0.066 0.061 0.069 0.071 0.067 0.070 0.074 0.067 0.064 0.065 0.063 0.063
0.067 0.065 0.068 0.066 0.066 0.062 0.066 0.070 0.061 0.068 0.070 0.066 0.067 0.065 0.064
0.061 0.064 0.076 0.065 0.067 0.066 0.072 0.072 0.066 0.077 0.063 0.064 0.065 0.068 0.073
0.068 0.062 0.070 0.064 0.070 0.072 0.078 0.063 0.067 0.064 0.066 0.077 0.066 0.062 0.073
0.080 0.070 0.067 0.068 0.068 0.068 0.070 0.070 0.073 0.061 0.062 0.071 0.067 0.074 0.071
0.068 0.063 0.063 0.064 0.065 0.066 0.065 0.068 0.068 0.068 0.071 0.068 0.069 0.070 0.071
0.060 0.069 0.067 0.073 0.067 0.067 0.069 0.074 0.068 0.070 0.065 0.063 0.069 0.068 0.068
0.069 0.066 0.065 0.065 0.067 0.065 0.066 0.064 0.067 0.059 0.067 0.065 0.067 0.070 0.067
0.064 0.064 0.070 0.066 0.067 0.074 0.064 0.073 0.068 0.067 0.078 0.064 0.077 0.073 0.064
0.065 0.063 0.072 0.070 0.065 0.067 0.061 0.066 0.069 0.067 0.066 0.066 0.058 0.070 0.068
0.068 0.075 0.065 0.068 0.066 0.068 0.072 0.070 0.073 0.067 0.063 0.059 0.073 0.068 0.068
0.068 0.066 0.070 0.064 0.066 0.066 0.065 0.066 0.065 0.070 0.070 0.059 0.069 0.065 0.074
0.060 0.063 0.062 0.063 0.063 0.065 0.063 0.066 0.068 0.077 0.071 0.066 0.063 0.073 0.064
0.061 0.065 0.072 0.072 0.062 0.059 0.067 0.064 0.071 0.068 0.075 0.066 0.064 0.076 0.070
0.064 0.073 0.069 0.070 0.065 0.063 0.076 0.069 0.064 0.068 0.072 0.072 0.071 0.066 0.067
0.074 0.074 0.063 0.065 0.065 0.060 0.068 0.067 0.066 0.065 0.068 0.068 0.061 0.070 0.071
0.065 0.067 0.066 0.068 0.063 0.069 0.077 0.063 0.063 0.072 0.070 0.067 0.066 0.066 0.067
0.069 0.072 0.072 0.068 0.069 0.069 0.063 0.058 0.063 0.065 0.069 0.064 0.069 0.061 0.071
0.071 0.068 0.065 0.071 0.073 0.063 0.071 0.062 0.066 0.064 0.072 0.070 0.066 0.070 0.062
0.066 0.065 0.060 0.069 0.073 0.075 0.067 0.060 0.074 0.067 0.067 0.064 0.067 0.065 0.065
0.070 0.063 0.064 0.063 0.066 0.065 0.069 0.069 0.070 0.062 0.061 0.061 0.070 0.072 0.067
0.068 0.066 0.072 0.068 0.074 0.068 0.068 0.066 0.065 0.066 0.073 0.063 0.073 0.071 0.067
0.071 0.064 0.067 0.076 0.060 0.070 0.067 0.067 0.067 0.072 0.063 0.069 0.072 0.068 0.065
0.068 0.067 0.071 0.067 0.072 0.069 0.071 0.063 0.060 0.069 0.063 0.067 0.073 0.058 0.069
0.064 0.065 0.072 0.072 0.067 0.064 0.062 0.071 0.067 0.065 0.061 0.064 0.066 0.071 0.058
0.068 0.064 0.070 0.063 0.070 0.068 0.059 0.066 0.063 0.061 0.066 0.064 0.078 0.065 0.069
0.069 0.085 0.065 0.062 0.066 0.071 0.070 0.074 0.061 0.071 0.069 0.062 0.069 0.061 0.066
0.063 0.070 0.067 0.066 0.066 0.065 0.072 0.065 0.065 0.064 0.071 0.072 0.065 0.064 0.062
0.067 0.066 0.061 0.073 0.065 0.064 0.068 0.074 0.067 0.071 0.065 0.064 0.068 0.066 0.068
0.064 0.063 0.066 0.072 0.063 0.078 0.069 0.074 0.065 0.066 0.061 0.067 0.068 0.068 0.061
0.070 0.070 0.070 0.066 0.069 0.066 0.070 0.072 0.071 0.065 0.068 0.081 0.067 0.068 0.068
0.064 0.070 0.068 0.063 0.064 0.063 0.067 0.067 0.067 0.064 0.074 0.067 0.067 0.064 0.068
0.071 0.066 0.071 0.066 0.069 0.068 0.064 0.065 0.064 0.064 0.069 0.067 0.076 0.067 0.076
0.069 0.068 0.065 0.074 0.068 0.070 0.074 0.062 0.070 0.061 0.071 0.064 0.066 0.066 0.068
0.070 0.073 0.061 0.070 0.071 0.072 0.072 0.075 0.070 0.070 0.073 0.067 0.065 0.060 0.067
0.067 0.069 0.066 0.074 0.069 0.067 0.079 0.068 0.064 0.071 0.078 0.074 0.070 0.073 0.068
0.074 0.069 0.066 0.070 0.073 0.067 0.077 0.065 0.065 0.069 0.064 0.062 0.065 0.066 0.076
0.064 0.073 0.076 0.067 0.066 0.070 0.065 0.072 0.064 0.074 0.065 0.064 0.064 0.068 0.078
0.074 0.064 0.065 0.068 0.065 0.069 0.064 0.069 0.076 0.065 0.063 0.066 0.071 0.068 0.065
0.074 0.063 0.065 0.068 0.067 0.062 0.066 0.064 0.072 0.060 0.066 0.068 0.069 0.064 0.066
0.073 0.065 0.070 0.065 0.070 0.064 0.067 0.071 0.069 0.067 0.063 0.066 0.064 0.067 0.071
0.075 0.059 0.074 0.064 0.070 0.069 0.074 0.072 0.070 0.062 0.062 0.069 0.070 0.069 0.069
0.067 0.065 0.074 0.068 0.069 0.063 0.074 0.070 0.074 0.071 0.067 0.080 0.069 0.068 0.076
0.076 0.067 0.072 0.077 0.067 0.067 0.066 0.070 0.066 0.065 0.068 0.073 0.064 0.069 0.066
0.068 0.063 0.061 0.078 0.065 0.060 0.061 0.076 0.066 0.063 0.067 0.077 0.067 0.072 0.061
0.063 0.068 0.072 0.074 0.067 0.069 0.063 0.075 0.067 0.064 0.066 0.080 0.066 0.068 0.064
