0.000 10.000 9.000 9.000 10.000 10.000 9.000 9.000 10.000 10.000 10.000 8.000 10.000 10.000 10.000 10.000 10.000 9.000 9.000 10.000 10.000 10.000 10.000 10.000 10.000 10.000 8.000 10.000 10.000 10.000 10.000 10.000 10.000 10.000 10.000 10.000 10.000 10.000 9.000 10.000 10.000 9.000 10.000 10.000 10.000 10.000 10.000 10.000 10.000 10.000 10.000 10.000 10.000 10.000 10.000 9.000 9.000 10.000 10.000 10.000 8.000 9.000 10.000 10.000 10.000 10.000 9.000 9.000 10.000 10.000
0.000 9.000 9.000 10.000 10.000 10.000 10.000 9.000 10.000 9.000 7.000 10.000 10.000 9.000 10.000 10.000 10.000 8.000 10.000 10.000 10.000 10.000 10.000 10.000 9.000 10.000 9.000 10.000 10.000 8.000 9.000 9.000 10.000 9.000 9.000 10.000 10.000 10.000 9.000 10.000 10.000 10.000 10.000 10.000 10.000 10.000 9.000 10.000 10.000 10.000 10.000 9.000 10.000 10.000 10.000 9.000 10.000 8.000 10.000 9.000 9.000 10.000 10.000 9.000 10.000 10.000 10.000 9.000 8.000 9.000
0.000 10.000 10.000 10.000 10.000 8.000 10.000 9.000 10.000 10.000 8.000 10.000 10.000 10.000 9.000 10.000 10.000 9.000 10.000 10.000 10.000 10.000 8.000 10.000 10.000 10.000 9.000 9.000 10.000 10.000 10.000 10.000 10.000 10.000 10.000 10.000 10.000 10.000 8.000 9.000 10.000 10.000 10.000 10.000 10.000 10.000 10.000 9.000 9.000 10.000 10.000 10.000 10.000 10.000 10.000 9.000 10.000 10.000 9.000 10.000 10.000 10.000 8.000 10.000 9.000 10.000 10.000 9.000 9.000 10.000
0.000 10.000 9.000 10.000 10.000 10.000 10.000 10.000 9.000 10.000 10.000 10.000 10.000 10.000 9.000 9.000 10.000 8.000 10.000 10.000 10.000 10.000 10.000 10.000 9.000 10.000 10.000 10.000 10.000 10.000 10.000 10.000 10.000 7.000 10.000 10.000 9.000 10.000 10.000 9.000 9.000 10.000 10.000 10.000 10.000 10.000 10.000 10.000 10.000 9.000 10.000 10.000 10.000 9.000 10.000 10.000 9.000 10.000 10.000 10.000 10.000 9.000 10.000 9.000 9.000 8.000 8.000 10.000 10.000 10.000
0.000 10.000 10.000 10.000 10.000 9.000 10.000 10.000 10.000 10.000 10.000 9.000 10.000 9.000 10.000 10.000 9.000 10.000 10.000 9.000 10.000 10.000 10.000 10.000 10.000 9.000 9.000 10.000 9.000 10.000 8.000 10.000 10.000 10.000 9.000 9.000 10.000 10.000 8.000 10.000 10.000 10.000 10.000 8.000 10.000 10.000 10.000 10.000 10.000 10.000 10.000 9.000 10.000 10.000 9.000 10.000 9.000 10.000 9.000 10.000 10.000 10.000 10.000 10.000 10.000 10.000 10.000 10.000 10.000 10.000
0.000 10.000 10.000 10.000 10.000 10.000 9.000 10.000 10.000 10.000 9.000 9.000 9.000 9.000 10.000 10.000 9.000 10.000 8.000 10.000 10.000 10.000 9.000 10.000 9.000 9.000 10.000 10.000 10.000 10.000 10.000 9.000 10.000 10.000 10.000 9.000 10.000 10.000 10.000 9.000 10.000 10.000 10.000 10.000 8.000 10.000 9.000 10.000 10.000 10.000 9.000 10.000 10.000 9.000 9.000 10.000 10.000 10.000 9.000 9.000 9.000 10.000 10.000 10.000 10.000 10.000 10.000 9.000 10.000 9.000
0.000 10.000 10.000 10.000 10.000 10.000 10.000 10.000 10.000 10.000 10.000 10.000 9.000 10.000 10.000 9.000 9.000 8.000 10.000 9.000 10.000 10.000 9.000 10.000 9.000 10.000 9.000 10.000 10.000 10.000 10.000 9.000 10.000 10.000 10.000 10.000 10.000 10.000 10.000 10.000 9.000 9.000 10.000 9.000 10.000 10.000 10.000 9.000 8.000 9.000 10.000 10.000 10.000 10.000 8.000 10.000 10.000 8.000 10.000 10.000 9.000 10.000 10.000 10.000 10.000 10.000 10.000 9.000 10.000 10.000
0.000 10.000 10.000 10.000 9.000 10.000 10.000 8.000 10.000 10.000 10.000 10.000 10.000 10.000 9.000 10.000 10.000 10.000 10.000 10.000 10.000 10.000 10.000 9.000 10.000 10.000 10.000 9.000 10.000 10.000 10.000 10.000 10.000 10.000 10.000 9.000 10.000 10.000 10.000 10.000 10.000 10.000 10.000 10.000 10.000 9.000 10.000 9.000 9.000 10.000 10.000 10.000 10.000 9.000 10.000 9.000 10.000 10.000 10.000 10.000 10.000 10.000 9.000 10.000 10.000 9.000 10.000 10.000 10.000 10.000
0.000 10.000 10.000 10.000 9.000 10.000 9.000 7.000 10.000 10.000 9.000 10.000 10.000 10.000 10.000 10.000 10.000 10.000 10.000 10.000 10.000 10.000 9.000 10.000 10.000 10.000 10.000 10.000 10.000 10.000 10.000 10.000 10.000 10.000 10.000 9.000 8.000 8.000 10.000 10.000 10.000 10.000 10.000 10.000 10.000 9.000 10.000 10.000 9.000 10.000 10.000 10.000 10.000 10.000 10.000 10.000 10.000 10.000 8.000 9.000 10.000 10.000 10.000 10.000 9.000 10.000 10.000 10.000 7.000 10.000
0.000 10.000 9.000 10.000 10.000 9.000 10.000 10.000 10.000 10.000 10.000 10.000 9.000 10.000 9.000 10.000 10.000 10.000 10.000 10.000 10.000 10.000 10.000 10.000 7.000 10.000 8.000 10.000 9.000 10.000 10.000 10.000 10.000 10.000 10.000 10.000 10.000 10.000 10.000 10.000 10.000 10.000 8.000 9.000 10.000 10.000 10.000 10.000 10.000 10.000 10.000 10.000 9.000 10.000 8.000 9.000 9.000 6.000 9.000 10.000 10.000 10.000 10.000 9.000 8.000 10.000 10.000 10.000 10.000 9.000
0.000 10.000 10.000 10.000 9.000 10.000 10.000 10.000 10.000 10.000 10.000 10.000 10.000 8.000 9.000 10.000 10.000 10.000 10.000 10.000 10.000 10.000 9.000 10.000 10.000 10.000 10.000 10.000 9.000 10.000 10.000 10.000 10.000 10.000 10.000 10.000 10.000 10.000 9.000 10.000 10.000 10.000 10.000 10.000 9.000 9.000 10.000 10.000 9.000 8.000 9.000 10.000 9.000 9.000 10.000 10.000 10.000 10.000 10.000 9.000 8.000 9.000 10.000 10.000 10.000 9.000 10.000 10.000 10.000 10.000
0.000 10.000 10.000 9.000 10.000 10.000 10.000 10.000 10.000 10.000 9.000 10.000 10.000 8.000 10.000 10.000 9.000 10.000 10.000 10.000 10.000 10.000 10.000 9.000 10.000 10.000 9.000 10.000 8.000 9.000 9.000 10.000 10.000 10.000 10.000 10.000 10.000 10.000 9.000 10.000 10.000 10.000 9.000 9.000 10.000 10.000 8.000 10.000 10.000 10.000 10.000 9.000 10.000 9.000 10.000 10.000 9.000 9.000 10.000 9.000 9.000 10.000 10.000 10.000 10.000 10.000 10.000 9.000 10.000 10.000
0.000 10.000 9.000 10.000 10.000 10.000 10.000 10.000 9.000 10.000 9.000 9.000 10.000 10.000 10.000 10.000 10.000 10.000 10.000 10.000 9.000 9.000 10.000 10.000 10.000 10.000 10.000 10.000 10.000 10.000 9.000 10.000 10.000 10.000 10.000 10.000 10.000 10.000 10.000 9.000 10.000 9.000 10.000 9.000 10.000 10.000 10.000 10.000 10.000 10.000 10.000 9.000 10.000 9.000 10.000 10.000 10.000 10.000 10.000 8.000 9.000 9.000 9.000 9.000 10.000 10.000 10.000 9.000 10.000 10.000
0.000 10.000 10.000 10.000 10.000 10.000 10.000 10.000 10.000 10.000 10.000 10.000 10.000 10.000 10.000 9.000 10.000 10.000 8.000 10.000 10.000 10.000 9.000 10.000 10.000 10.000 10.000 10.000 10.000 10.000 10.000 10.000 9.000 9.000 10.000 10.000 10.000 10.000 9.000 9.000 10.000 9.000 10.000 10.000 10.000 10.000 9.000 9.000 10.000 9.000 10.000 10.000 10.000 10.000 10.000 10.000 10.000 10.000 10.000 10.000 10.000 10.000 10.000 10.000 9.000 10.000 10.000 10.000 10.000 10.000
0.000 9.000 10.000 10.000 10.000 8.000 10.000 10.000 9.000 10.000 10.000 9.000 9.000 10.000 10.000 10.000 10.000 10.000 10.000 10.000 8.000 10.000 10.000 10.000 10.000 10.000 10.000 10.000 9.000 10.000 10.000 10.000 8.000 9.000 9.000 10.000 9.000 10.000 8.000 10.000 10.000 8.000 10.000 8.000 9.000 7.000 10.000 10.000 10.000 10.000 10.000 10.000 10.000 10.000 10.000 9.000 10.000 9.000 9.000 10.000 10.000 8.000 10.000 10.000 10.000 10.000 10.000 9.000 10.000 10.000
0.000 10.000 10.000 10.000 10.000 10.000 10.000 9.000 9.000 9.000 10.000 10.000 10.000 10.000 10.000 8.000 10.000 10.000 10.000 8.000 10.000 10.000 10.000 10.000 10.000 10.000 9.000 10.000 9.000 8.000 10.000 10.000 10.000 10.000 10.000 7.000 10.000 10.000 10.000 9.000 10.000 10.000 10.000 10.000 10.000 10.000 10.000 10.000 10.000 10.000 10.000 10.000 10.000 10.000 10.000 10.000 10.000 10.000 10.000 10.000 10.000 10.000 10.000 10.000 9.000 9.000 10.000 10.000 9.000 9.000
0.000 9.000 10.000 10.000 10.000 10.000 10.000 10.000 8.000 10.000 10.000 9.000 10.000 10.000 10.000 8.000 10.000 10.000 10.000 9.000 8.000 10.000 9.000 10.000 10.000 10.000 9.000 10.000 9.000 10.000 10.000 10.000 10.000 9.000 10.000 10.000 9.000 10.000 10.000 9.000 9.000 10.000 10.000 9.000 10.000 10.000 10.000 10.000 9.000 9.000 9.000 10.000 10.000 10.000 10.000 9.000 9.000 10.000 10.000 10.000 10.000 8.000 10.000 10.000 10.000 10.000 10.000 8.000 10.000 9.000
0.000 9.000 10.000 10.000 10.000 10.000 9.000 10.000 10.000 10.000 10.000 10.000 10.000 10.000 9.000 8.000 10.000 10.000 10.000 10.000 10.000 9.000 9.000 10.000 10.000 10.000 9.000 9.000 10.000 9.000 10.000 10.000 10.000 10.000 10.000 10.000 10.000 10.000 10.000 10.000 10.000 10.000 9.000 10.000 10.000 10.000 9.000 10.000 9.000 10.000 10.000 10.000 9.000 10.000 10.000 9.000 9.000 9.000 10.000 9.000 9.000 10.000 8.000 8.000 10.000 9.000 9.000 10.000 10.000 10.000
0.000 10.000 10.000 10.000 10.000 8.000 10.000 8.000 10.000 10.000 10.000 10.000 10.000 10.000 9.000 10.000 10.000 10.000 10.000 10.000 10.000 10.000 10.000 10.000 10.000 10.000 10.000 10.000 10.000 8.000 8.000 10.000 10.000 10.000 10.000 10.000 10.000 10.000 10.000 10.000 10.000 10.000 10.000 9.000 10.000 8.000 9.000 9.000 10.000 8.000 10.000 10.000 10.000 10.000 9.000 10.000 9.000 9.000 9.000 9.000 10.000 9.000 9.000 10.000 10.000 8.000 10.000 10.000 10.000 10.000
0.000 10.000 10.000 9.000 10.000 10.000 9.000 9.000 10.000 10.000 10.000 10.000 10.000 10.000 9.000 10.000 10.000 10.000 10.000 10.000 9.000 10.000 10.000 10.000 10.000 9.000 10.000 10.000 9.000 9.000 9.000 9.000 10.000 8.000 9.000 10.000 10.000 10.000 10.000 10.000 9.000 10.000 10.000 10.000 10.000 9.000 9.000 10.000 10.000 10.000 10.000 10.000 9.000 10.000 10.000 10.000 10.000 9.000 8.000 8.000 9.000 10.000 9.000 10.000 10.000 10.000 10.000 9.000 9.000 10.000
0.000 10.000 10.000 10.000 10.000 10.000 10.000 10.000 9.000 9.000 10.000 10.000 9.000 10.000 10.000 10.000 9.000 9.000 10.000 8.000 8.000 10.000 9.000 10.000 10.000 10.000 9.000 10.000 10.000 10.000 9.000 10.000 10.000 10.000 10.000 7.000 10.000 10.000 10.000 9.000 10.000 10.000 10.000 10.000 10.000 10.000 10.000 10.000 9.000 10.000 9.000 9.000 10.000 9.000 10.000 10.000 10.000 10.000 10.000 9.000 9.000 10.000 10.000 10.000 10.000 10.000 10.000 10.000 10.000 10.000
0.000 10.000 10.000 9.000 9.000 9.000 9.000 10.000 10.000 10.000 10.000 10.000 10.000 10.000 10.000 10.000 9.000 10.000 10.000 10.000 10.000 9.000 9.000 9.000 10.000 10.000 10.000 10.000 10.000 10.000 10.000 10.000 10.000 9.000 10.000 10.000 10.000 8.000 9.000 9.000 10.000 10.000 10.000 10.000 10.000 10.000 10.000 9.000 10.000 10.000 10.000 10.000 9.000 10.000 10.000 9.000 9.000 9.000 10.000 10.000 10.000 10.000 10.000 10.000 10.000 9.000 9.000 10.000 10.000 10.000
0.000 10.000 9.000 10.000 10.000 7.000 10.000 10.000 10.000 10.000 9.000 10.000 9.000 8.000 10.000 10.000 10.000 10.000 10.000 10.000 10.000 10.000 10.000 10.000 9.000 10.000 10.000 9.000 10.000 10.000 10.000 10.000 10.000 9.000 10.000 10.000 9.000 10.000 10.000 10.000 10.000 9.000 10.000 9.000 10.000 10.000 10.000 9.000 10.000 9.000 10.000 8.000 10.000 10.000 10.000 9.000 10.000 10.000 10.000 10.000 10.000 10.000 10.000 10.000 10.000 10.000 10.000 10.000 8.000 8.000
0.000 9.000 10.000 9.000 10.000 10.000 10.000 10.000 10.000 10.000 9.000 10.000 9.000 10.000 9.000 10.000 10.000 10.000 10.000 9.000 10.000 10.000 10.000 10.000 9.000 10.000 9.000 10.000 10.000 10.000 10.000 10.000 10.000 10.000 10.000 9.000 10.000 10.000 9.000 8.000 10.000 10.000 10.000 10.000 9.000 10.000 9.000 10.000 10.000 10.000 9.000 10.000 8.000 10.000 10.000 10.000 10.000 10.000 10.000 10.000 10.000 10.000 10.000 9.000 10.000 10.000 10.000 9.000 10.000 9.000
0.000 8.000 10.000 9.000 10.000 9.000 10.000 10.000 10.000 10.000 10.000 10.000 10.000 9.000 10.000 10.000 10.000 10.000 10.000 7.000 10.000 9.000 9.000 9.000 10.000 10.000 10.000 10.000 10.000 9.000 10.000 9.000 9.000 10.000 10.000 10.000 10.000 10.000 10.000 10.000 10.000 10.000 10.000 10.000 9.000 10.000 10.000 8.000 10.000 10.000 10.000 10.000 10.000 10.000 10.000 10.000 10.000 10.000 10.000 10.000 10.000 10.000 10.000 9.000 10.000 10.000 10.000 10.000 8.000 10.000
0.000 10.000 10.000 10.000 10.000 10.000 10.000 9.000 9.000 10.000 10.000 10.000 9.000 10.000 10.000 9.000 10.000 10.000 9.000 10.000 9.000 10.000 10.000 10.000 10.000 9.000 10.000 10.000 10.000 10.000 9.000 10.000 10.000 10.000 10.000 9.000 10.000 10.000 10.000 10.000 10.000 10.000 10.000 10.000 10.000 10.000 10.000 10.000 10.000 10.000 10.000 9.000 9.000 10.000 10.000 10.000 10.000 10.000 10.000 10.000 9.000 10.000 10.000 9.000 10.000 10.000 9.000 10.000 10.000 10.000
0.000 9.000 10.000 10.000 10.000 10.000 10.000 10.000 10.000 9.000 9.000 10.000 10.000 10.000 10.000 9.000 10.000 10.000 10.000 10.000 8.000 10.000 9.000 10.000 10.000 10.000 10.000 10.000 10.000 10.000 10.000 10.000 10.000 10.000 10.000 10.000 10.000 10.000 10.000 10.000 10.000 10.000 9.000 9.000 10.000 10.000 10.000 10.000 10.000 10.000 10.000 10.000 10.000 10.000 10.000 7.000 10.000 8.000 10.000 10.000 9.000 9.000 10.000 10.000 9.000 9.000 10.000 10.000 10.000 10.000
0.000 10.000 10.000 10.000 10.000 10.000 9.000 10.000 10.000 8.000 10.000 10.000 10.000 9.000 10.000 10.000 8.000 10.000 10.000 10.000 10.000 10.000 10.000 10.000 8.000 9.000 10.000 10.000 10.000 9.000 10.000 10.000 10.000 10.000 9.000 10.000 10.000 10.000 10.000 9.000 10.000 10.000 10.000 10.000 9.000 9.000 10.000 9.000 10.000 10.000 9.000 10.000 10.000 10.000 10.000 10.000 8.000 10.000 10.000 10.000 10.000 9.000 10.000 7.000 10.000 8.000 10.000 10.000 10.000 10.000
0.000 9.000 10.000 10.000 10.000 10.000 10.000 9.000 10.000 10.000 10.000 9.000 10.000 10.000 10.000 9.000 10.000 10.000 10.000 10.000 9.000 10.000 10.000 10.000 9.000 9.000 10.000 9.000 9.000 9.000 10.000 10.000 10.000 10.000 10.000 10.000 10.000 10.000 10.000 10.000 10.000 10.000 10.000 10.000 10.000 10.000 10.000 9.000 10.000 9.000 10.000 10.000 10.000 9.000 10.000 10.000 10.000 10.000 9.000 10.000 10.000 10.000 9.000 10.000 10.000 9.000 10.000 9.000 10.000 10.000
0.000 9.000 9.000 10.000 10.000 10.000 10.000 10.000 9.000 10.000 9.000 10.000 9.000 10.000 10.000 10.000 10.000 10.000 10.000 9.000 10.000 10.000 10.000 8.000 10.000 10.000 10.000 10.000 10.000 10.000 10.000 10.000 10.000 10.000 10.000 10.000 9.000 9.000 10.000 9.000 10.000 8.000 10.000 10.000 10.000 10.000 8.000 8.000 10.000 10.000 10.000 10.000 9.000 9.000 10.000 10.000 9.000 9.000 10.000 10.000 10.000 9.000 9.000 9.000 9.000 10.000 9.000 10.000 10.000 10.000
0.000 8.000 10.000 10.000 10.000 9.000 10.000 10.000 10.000 10.000 10.000 9.000 10.000 10.000 7.000 9.000 10.000 9.000 9.000 9.000 10.000 9.000 9.000 10.000 10.000 10.000 10.000 10.000 9.000 10.000 10.000 10.000 10.000 10.000 10.000 10.000 10.000 10.000 10.000 10.000 10.000 10.000 10.000 7.000 10.000 9.000 9.000 10.000 10.000 9.000 10.000 10.000 10.000 10.000 10.000 9.000 10.000 10.000 10.000 10.000 9.000 10.000 10.000 9.000 10.000 9.000 10.000 10.000 10.000 10.000
0.000 10.000 8.000 10.000 9.000 10.000 10.000 10.000 10.000 10.000 8.000 10.000 10.000 9.000 9.000 10.000 9.000 10.000 10.000 9.000 10.000 10.000 10.000 10.000 10.000 10.000 10.000 10.000 10.000 10.000 10.000 10.000 10.000 10.000 8.000 10.000 9.000 9.000 9.000 10.000 10.000 10.000 8.000 9.000 9.000 10.000 10.000 10.000 10.000 9.000 10.000 10.000 10.000 10.000 10.000 10.000 10.000 10.000 10.000 10.000 10.000 8.000 10.000 10.000 10.000 10.000 10.000 10.000 9.000 10.000
0.000 10.000 8.000 10.000 10.000 10.000 10.000 8.000 10.000 10.000 9.000 9.000 10.000 10.000 9.000 10.000 10.000 10.000 10.000 10.000 9.000 10.000 9.000 10.000 10.000 10.000 10.000 8.000 10.000 10.000 10.000 9.000 10.000 9.000 10.000 9.000 10.000 10.000 10.000 10.000 8.000 10.000 9.000 10.000 9.000 9.000 9.000 10.000 10.000 9.000 10.000 10.000 10.000 10.000 10.000 9.000 10.000 10.000 10.000 8.000 10.000 10.000 10.000 9.000 10.000 10.000 10.000 10.000 10.000 10.000
0.000 10.000 8.000 10.000 10.000 10.000 10.000 10.000 10.000 8.000 10.000 10.000 10.000 10.000 10.000 10.000 10.000 9.000 10.000 10.000 10.000 10.000 10.000 9.000 10.000 10.000 10.000 10.000 10.000 9.000 9.000 10.000 10.000 9.000 10.000 10.000 9.000 10.000 10.000 10.000 10.000 10.000 10.000 7.000 9.000 10.000 10.000 9.000 10.000 10.000 10.000 10.000 10.000 9.000 10.000 10.000 9.000 10.000 10.000 9.000 10.000 10.000 10.000 10.000 9.000 9.000 9.000 10.000 10.000 10.000
0.000 10.000 10.000 10.000 10.000 10.000 10.000 10.000 9.000 10.000 8.000 10.000 10.000 9.000 10.000 10.000 10.000 10.000 9.000 10.000 9.000 10.000 10.000 9.000 10.000 9.000 10.000 10.000 9.000 10.000 10.000 8.000 10.000 9.000 10.000 10.000 9.000 10.000 10.000 10.000 10.000 10.000 10.000 10.000 10.000 10.000 9.000 10.000 10.000 9.000 10.000 10.000 10.000 10.000 10.000 10.000 9.000 9.000 10.000 10.000 9.000 9.000 9.000 10.000 10.000 10.000 10.000 10.000 10.000 10.000
0.000 10.000 10.000 9.000 10.000 10.000 10.000 10.000 10.000 9.000 10.000 10.000 10.000 10.000 10.000 9.000 10.000 10.000 10.000 9.000 10.000 10.000 9.000 10.000 10.000 10.000 10.000 10.000 10.000 10.000 10.000 10.000 10.000 10.000 10.000 10.000 10.000 10.000 10.000 9.000 10.000 9.000 10.000 10.000 10.000 10.000 10.000 10.000 10.000 10.000 10.000 9.000 10.000 10.000 10.000 10.000 10.000 10.000 10.000 10.000 10.000 10.000 10.000 8.000 10.000 10.000 10.000 10.000 10.000 10.000
0.000 10.000 10.000 10.000 9.000 9.000 9.000 10.000 10.000 9.000 9.000 10.000 8.000 8.000 10.000 10.000 7.000 9.000 8.000 10.000 10.000 10.000 10.000 9.000 10.000 10.000 10.000 7.000 9.000 9.000 10.000 10.000 10.000 10.000 10.000 9.000 10.000 10.000 10.000 9.000 10.000 10.000 10.000 10.000 10.000 10.000 10.000 10.000 9.000 9.000 9.000 7.000 10.000 10.000 7.000 8.000 10.000 10.000 9.000 10.000 9.000 10.000 10.000 9.000 10.000 10.000 10.000 10.000 10.000 10.000
0.000 9.000 10.000 9.000 9.000 10.000 10.000 10.000 10.000 10.000 10.000 10.000 8.000 10.000 10.000 9.000 10.000 10.000 8.000 10.000 10.000 10.000 10.000 10.000 10.000 9.000 9.000 10.000 10.000 10.000 10.000 10.000 10.000 10.000 10.000 10.000 10.000 10.000 9.000 9.000 10.000 10.000 10.000 10.000 10.000 9.000 10.000 9.000 8.000 8.000 9.000 10.000 10.000 10.000 10.000 8.000 10.000 10.000 10.000 10.000 10.000 9.000 10.000 10.000 10.000 9.000 9.000 9.000 10.000 10.000
0.000 10.000 9.000 10.000 10.000 10.000 10.000 10.000 10.000 10.000 9.000 10.000 10.000 10.000 9.000 9.000 10.000 8.000 10.000 9.000 10.000 10.000 10.000 9.000 10.000 9.000 10.000 10.000 8.000 10.000 10.000 10.000 10.000 10.000 10.000 10.000 10.000 10.000 10.000 10.000 10.000 10.000 10.000 9.000 9.000 10.000 9.000 10.000 10.000 10.000 10.000 9.000 9.000 10.000 10.000 10.000 10.000 10.000 10.000 10.000 9.000 10.000 10.000 9.000 10.000 10.000 9.000 9.000 10.000 10.000
0.000 10.000 10.000 9.000 10.000 9.000 10.000 10.000 9.000 10.000 9.000 10.000 10.000 10.000 10.000 10.000 10.000 10.000 9.000 10.000 10.000 10.000 10.000 9.000 10.000 10.000 10.000 10.000 10.000 10.000 10.000 10.000 10.000 10.000 10.000 10.000 9.000 10.000 10.000 10.000 10.000 10.000 9.000 10.000 10.000 10.000 10.000 10.000 10.000 10.000 10.000 9.000 10.000 10.000 9.000 8.000 9.000 9.000 9.000 10.000 8.000 9.000 10.000 8.000 9.000 10.000 10.000 10.000 10.000 10.000
0.000 9.000 10.000 10.000 10.000 10.000 10.000 10.000 10.000 10.000 10.000 10.000 9.000 10.000 10.000 8.000 10.000 9.000 10.000 10.000 10.000 10.000 10.000 10.000 9.000 10.000 10.000 10.000 10.000 10.000 10.000 10.000 10.000 10.000 10.000 10.000 9.000 10.000 10.000 9.000 10.000 10.000 10.000 10.000 10.000 10.000 10.000 10.000 10.000 10.000 10.000 10.000 9.000 10.000 10.000 10.000 9.000 10.000 10.000 10.000 10.000 10.000 10.000 9.000 10.000 10.000 9.000 10.000 10.000 10.000
0.000 9.000 10.000 9.000 10.000 10.000 10.000 10.000 10.000 10.000 10.000 8.000 10.000 9.000 9.000 10.000 10.000 10.000 10.000 9.000 10.000 10.000 10.000 10.000 10.000 9.000 9.000 10.000 9.000 10.000 10.000 10.000 10.000 10.000 10.000 10.000 10.000 10.000 9.000 10.000 10.000 10.000 10.000 9.000 10.000 10.000 10.000 10.000 10.000 10.000 10.000 10.000 10.000 10.000 8.000 10.000 10.000 9.000 10.000 10.000 9.000 8.000 10.000 10.000 10.000 10.000 9.000 10.000 10.000 10.000
0.000 10.000 9.000 10.000 9.000 10.000 10.000 10.000 10.000 9.000 8.000 10.000 8.000 10.000 9.000 8.000 10.000 9.000 9.000 10.000 10.000 9.000 10.000 10.000 10.000 10.000 10.000 9.000 10.000 10.000 9.000 10.000 10.000 10.000 10.000 10.000 10.000 10.000 10.000 10.000 10.000 10.000 10.000 7.000 10.000 10.000 10.000 10.000 10.000 10.000 10.000 9.000 9.000 10.000 10.000 10.000 10.000 10.000 10.000 10.000 10.000 10.000 10.000 10.000 10.000 10.000 10.000 9.000 9.000 10.000
0.000 9.000 10.000 9.000 9.000 10.000 10.000 9.000 10.000 10.000 10.000 10.000 10.000 10.000 10.000 10.000 10.000 10.000 10.000 10.000 7.000 10.000 10.000 10.000 10.000 10.000 10.000 10.000 10.000 10.000 9.000 10.000 9.000 8.000 10.000 10.000 9.000 10.000 9.000 10.000 10.000 7.000 10.000 10.000 9.000 10.000 10.000 10.000 10.000 9.000 10.000 10.000 10.000 10.000 10.000 9.000 9.000 9.000 10.000 9.000 10.000 9.000 9.000 10.000 10.000 10.000 10.000 10.000 9.000 10.000
0.000 7.000 10.000 10.000 10.000 10.000 10.000 8.000 10.000 10.000 10.000 10.000 10.000 10.000 9.000 9.000 9.000 10.000 9.000 10.000 10.000 10.000 10.000 10.000 10.000 10.000 10.000 10.000 10.000 10.000 10.000 10.000 9.000 10.000 10.000 7.000 10.000 10.000 10.000 10.000 10.000 10.000 10.000 10.000 6.000 10.000 10.000 10.000 10.000 10.000 10.000 10.000 10.000 10.000 9.000 10.000 10.000 9.000 10.000 10.000 10.000 10.000 10.000 10.000 9.000 10.000 8.000 9.000 8.000 9.000
0.000 10.000 9.000 10.000 9.000 10.000 10.000 10.000 10.000 9.000 10.000 10.000 10.000 8.000 10.000 10.000 10.000 9.000 10.000 10.000 8.000 9.000 10.000 10.000 10.000 10.000 10.000 10.000 10.000 10.000 9.000 10.000 8.000 10.000 10.000 8.000 10.000 10.000 9.000 10.000 10.000 10.000 10.000 9.000 10.000 10.000 9.000 10.000 10.000 10.000 10.000 10.000 10.000 10.000 10.000 10.000 10.000 10.000 10.000 9.000 10.000 10.000 10.000 10.000 10.000 10.000 10.000 9.000 8.000 10.000
0.000 10.000 10.000 9.000 10.000 10.000 10.000 10.000 10.000 10.000 8.000 10.000 10.000 9.000 10.000 10.000 10.000 10.000 10.000 8.000 10.000 10.000 10.000 9.000 10.000 8.000 10.000 10.000 10.000 7.000 10.000 10.000 10.000 10.000 10.000 7.000 10.000 9.000 10.000 10.000 9.000 9.000 10.000 10.000 10.000 9.000 8.000 10.000 10.000 10.000 8.000 10.000 10.000 10.000 10.000 10.000 10.000 10.000 10.000 10.000 10.000 9.000 9.000 9.000 10.000 10.000 10.000 10.000 9.000 10.000
0.000 10.000 9.000 8.000 10.000 10.000 10.000 10.000 10.000 9.000 9.000 8.000 10.000 10.000 10.000 9.000 10.000 8.000 10.000 10.000 10.000 10.000 9.000 9.000 10.000 10.000 10.000 10.000 10.000 10.000 10.000 10.000 10.000 8.000 9.000 10.000 9.000 10.000 9.000 10.000 10.000 9.000 10.000 10.000 9.000 9.000 10.000 9.000 8.000 10.000 10.000 10.000 10.000 9.000 10.000 10.000 10.000 9.000 8.000 10.000 10.000 10.000 10.000 10.000 10.000 10.000 10.000 10.000 10.000 9.000
0.000 10.000 10.000 8.000 10.000 10.000 10.000 10.000 10.000 9.000 10.000 9.000 7.000 10.000 10.000 9.000 10.000 10.000 10.000 10.000 10.000 8.000 9.000 10.000 10.000 9.000 9.000 10.000 9.000 10.000 10.000 10.000 10.000 10.000 10.000 10.000 10.000 10.000 10.000 10.000 10.000 10.000 10.000 9.000 10.000 10.000 10.000 10.000 10.000 10.000 10.000 10.000 9.000 10.000 10.000 10.000 10.000 10.000 10.000 10.000 8.000 8.000 9.000 10.000 10.000 10.000 10.000 9.000 10.000 10.000
0.000 8.000 10.000 10.000 10.000 10.000 10.000 9.000 10.000 9.000 9.000 9.000 10.000 10.000 10.000 9.000 10.000 10.000 9.000 10.000 10.000 10.000 10.000 10.000 10.000 10.000 10.000 9.000 8.000 10.000 9.000 10.000 9.000 10.000 10.000 8.000 9.000 9.000 10.000 8.000 10.000 10.000 10.000 10.000 9.000 9.000 10.000 10.000 10.000 10.000 10.000 9.000 10.000 9.000 10.000 10.000 10.000 10.000 10.000 10.000 10.000 10.000 10.000 10.000 10.000 10.000 10.000 9.000 10.000 10.000
0.000 10.000 10.000 8.000 10.000 10.000 9.000 10.000 10.000 10.000 10.000 10.000 9.000 9.000 10.000 10.000 9.000 9.000 10.000 10.000 10.000 10.000 10.000 10.000 9.000 10.000 10.000 9.000 10.000 10.000 10.000 10.000 10.000 10.000 10.000 10.000 10.000 10.000 10.000 10.000 10.000 9.000 10.000 10.000 10.000 10.000 10.000 10.000 9.000 10.000 10.000 10.000 10.000 10.000 10.000 10.000 10.000 9.000 7.000 9.000 8.000 10.000 10.000 10.000 10.000 10.000 10.000 10.000 9.000 10.000
0.000 9.000 9.000 10.000 10.000 10.000 10.000 10.000 10.000 9.000 10.000 9.000 9.000 10.000 10.000 10.000 10.000 10.000 10.000 10.000 9.000 8.000 10.000 9.000 10.000 10.000 10.000 10.000 10.000 10.000 10.000 10.000 10.000 10.000 10.000 10.000 10.000 10.000 10.000 10.000 10.000 8.000 10.000 9.000 9.000 10.000 9.000 10.000 9.000 10.000 10.000 10.000 10.000 10.000 10.000 10.000 10.000 10.000 10.000 9.000 10.000 10.000 10.000 9.000 10.000 10.000 10.000 9.000 10.000 10.000
0.000 10.000 10.000 10.000 10.000 9.000 10.000 10.000 9.000 10.000 9.000 10.000 10.000 10.000 10.000 10.000 10.000 10.000 10.000 9.000 10.000 10.000 10.000 10.000 9.000 10.000 10.000 10.000 10.000 10.000 10.000 10.000 10.000 8.000 10.000 10.000 9.000 10.000 10.000 10.000 10.000 10.000 10.000 9.000 7.000 9.000 10.000 10.000 10.000 10.000 10.000 10.000 9.000 10.000 10.000 8.000 8.000 10.000 10.000 10.000 9.000 10.000 10.000 10.000 10.000 9.000 10.000 10.000 10.000 10.000
0.000 10.000 10.000 10.000 10.000 10.000 9.000 10.000 10.000 10.000 9.000 10.000 9.000 10.000 10.000 9.000 9.000 10.000 10.000 10.000 10.000 10.000 10.000 8.000 9.000 10.000 9.000 10.000 10.000 10.000 10.000 9.000 10.000 9.000 9.000 10.000 10.000 10.000 10.000 10.000 10.000 10.000 10.000 9.000 10.000 10.000 9.000 10.000 10.000 10.000 10.000 10.000 10.000 10.000 9.000 10.000 10.000 10.000 10.000 10.000 10.000 10.000 10.000 10.000 10.000 10.000 10.000 10.000 10.000 10.000
0.000 10.000 10.000 9.000 9.000 10.000 10.000 10.000 9.000 9.000 10.000 9.000 10.000 9.000 9.000 10.000 9.000 10.000 10.000 10.000 10.000 10.000 10.000 10.000 10.000 10.000 10.000 9.000 10.000 10.000 10.000 10.000 10.000 10.000 10.000 10.000 10.000 10.000 10.000 10.000 9.000 10.000 8.000 10.000 9.000 10.000 9.000 10.000 10.000 10.000 10.000 10.000 10.000 10.000 10.000 9.000 10.000 10.000 10.000 10.000 10.000 10.000 10.000 10.000 10.000 10.000 9.000 10.000 10.000 10.000
0.000 9.000 10.000 10.000 10.000 10.000 10.000 10.000 10.000 10.000 10.000 10.000 10.000 10.000 10.000 10.000 10.000 10.000 10.000 8.000 10.000 8.000 10.000 9.000 9.000 10.000 10.000 9.000 9.000 9.000 10.000 10.000 10.000 9.000 10.000 9.000 10.000 10.000 10.000 10.000 10.000 9.000 10.000 10.000 10.000 10.000 9.000 7.000 9.000 10.000 9.000 10.000 7.000 10.000 10.000 10.000 10.000 10.000 10.000 10.000 10.000 9.000 10.000 10.000 7.000 10.000 10.000 10.000 9.000 10.000
0.000 10.000 10.000 10.000 10.000 10.000 7.000 10.000 10.000 10.000 10.000 10.000 10.000 10.000 10.000 10.000 10.000 10.000 10.000 10.000 10.000 10.000 10.000 10.000 10.000 10.000 10.000 10.000 9.000 9.000 10.000 10.000 9.000 10.000 10.000 10.000 10.000 10.000 9.000 10.000 10.000 10.000 10.000 10.000 10.000 10.000 10.000 10.000 10.000 10.000 10.000 10.000 10.000 9.000 10.000 10.000 10.000 10.000 10.000 10.000 10.000 9.000 9.000 10.000 10.000 10.000 9.000 10.000 10.000 10.000
0.000 10.000 9.000 10.000 10.000 10.000 9.000 10.000 10.000 10.000 9.000 10.000 10.000 10.000 10.000 10.000 10.000 10.000 10.000 10.000 10.000 10.000 10.000 10.000 10.000 10.000 9.000 10.000 10.000 9.000 10.000 10.000 10.000 10.000 10.000 10.000 10.000 10.000 9.000 10.000 10.000 10.000 10.000 10.000 10.000 10.000 10.000 10.000 10.000 9.000 10.000 10.000 10.000 10.000 10.000 10.000 10.000 10.000 10.000 10.000 10.000 10.000 10.000 9.000 9.000 10.000 10.000 8.000 8.000 10.000
0.000 10.000 10.000 9.000 10.000 9.000 10.000 10.000 10.000 9.000 10.000 10.000 10.000 10.000 10.000 10.000 9.000 10.000 10.000 10.000 10.000 10.000 10.000 9.000 10.000 10.000 10.000 10.000 9.000 10.000 10.000 10.000 10.000 10.000 10.000 9.000 10.000 10.000 10.000 8.000 8.000 10.000 9.000 10.000 10.000 10.000 10.000 10.000 10.000 9.000 10.000 10.000 10.000 10.000 10.000 10.000 10.000 10.000 9.000 10.000 10.000 10.000 10.000 10.000 10.000 10.000 9.000 10.000 10.000 10.000
0.000 10.000 10.000 9.000 10.000 9.000 9.000 10.000 10.000 10.000 10.000 9.000 10.000 10.000 10.000 10.000 10.000 9.000 10.000 9.000 10.000 10.000 10.000 9.000 10.000 10.000 10.000 10.000 10.000 10.000 10.000 10.000 9.000 10.000 10.000 10.000 10.000 10.000 10.000 10.000 10.000 10.000 10.000 10.000 8.000 10.000 10.000 8.000 10.000 10.000 10.000 10.000 8.000 9.000 10.000 9.000 10.000 10.000 10.000 10.000 10.000 10.000 10.000 9.000 10.000 10.000 10.000 10.000 9.000 9.000
