-5077.48 -6195.44 -4759.34 -4749.22 -5345.12 -3250.32 -5116.80 -5877.66 -4801.96 -4595.53 -5130.58 -5054.93 -4202.62 -4133.67 -4163.19 -4010.01 -5027.84 -6100.64 -5744.73 -5324.07 -6326.98 -4312.32 -5490.80 -5053.15 -4927.01 -3772.24 -3601.44 -3567.86 -5297.38 -4851.89 -4671.32 -4733.10 -5852.05 -4565.72 -4927.20 -6271.84 -5440.63 -4976.67 -5656.90 -4408.55 -3711.73 -4437.54 -4742.70 -5459.94 -4682.22 -5546.56 -4178.57 -5074.20 -4859.15 -3530.86
-4321.81 -6167.56 -4168.00 -6409.05 -3292.69 -5571.85 -3093.67 -3900.31 -6523.97 -5259.65 -5453.46 -5286.60 -5439.53 -4548.67 -3818.25 -5988.06 -5693.60 -5115.24 -5965.38 -4073.20 -3596.16 -4851.74 -6471.75 -5364.16 -4842.19 -4974.86 -6944.43 -4418.28 -4987.58 -5121.19 -3716.69 -4133.52 -3802.90 -5487.16 -3495.24 -6248.12 -5316.79 -4984.33 -5676.56 -5360.03 -5926.13 -5764.35 -5143.74 -5702.74 -5220.94 -4212.36 -3452.73 -6649.25 -6295.57 -4897.99
-5893.04 -4364.55 -4087.67 -3809.22 -5539.23 -5238.35 -4096.46 -6022.84 -5100.64 -4868.74 -6304.46 -6109.98 -6556.93 -5547.31 -4676.39 -5510.21 -5984.44 -4388.95 -4895.42 -4896.87 -2874.68 -4420.27 -5325.42 -5233.14 -5609.46 -4689.16 -4157.94 -4824.17 -5822.31 -4797.61 -4522.86 -5379.52 -4739.00 -4699.82 -5349.12 -5503.64 -5488.10 -5186.50 -6127.46 -5326.32 -4189.11 -5531.30 -4995.26 -4966.20 -6327.19 -5961.58 -5247.78 -5299.08 -4395.44 -5519.69
-5473.73 -5365.47 -6127.52 -3594.38 -4383.71 -5290.27 -5616.46 -4940.11 -4071.71 -5865.77 -6473.27 -5160.72 -5884.30 -5545.14 -4698.80 -5736.21 -5217.47 -4048.93 -4889.09 -6440.78 -4432.27 -5985.97 -5019.69 -5481.50 -3858.38 -5575.40 -4371.77 -4963.25 -4382.53 -4490.52 -5958.80 -6104.32 -3913.68 -4784.42 -4831.74 -4699.36 -5681.06 -5168.51 -4412.99 -5462.89 -4063.20 -5270.01 -4219.82 -4363.70 -4916.75 -5921.24 -5450.01 -6206.88 -4247.08 -3520.35
-4228.82 -5320.80 -6376.54 -6088.54 -6177.47 -4365.38 -5683.01 -5214.10 -6626.45 -3684.34 -6468.77 -5329.56 -4852.17 -5742.50 -5659.50 -4648.08 -5581.88 -4591.25 -5629.82 -5832.48 -4819.20 -3216.76 -5347.47 -5697.71 -4866.91 -3731.60 -4151.85 -4772.92 -4961.26 -4390.58 -3458.59 -5414.68 -2645.38 -3378.72 -5937.30 -4608.02 -6673.34 -4789.08 -5000.22 -6085.49 -6358.12 -5310.07 -6563.51 -5682.51 -5065.36 -4662.59 -4464.28 -3586.53 -4476.12 -4030.01
-4805.70 -6344.58 -4808.74 -5137.04 -4255.57 -4615.88 -5459.34 -5807.66 -3841.27 -4512.37 -5167.28 -4833.48 -5970.58 -4467.67 -6634.15 -5039.32 -4783.57 -4981.41 -4677.51 -4777.67 -4341.90 -4449.17 -5923.44 -4617.97 -3995.55 -3838.60 -5198.67 -6223.93 -5456.13 -7098.33 -5141.69 -5254.85 -5108.17 -5227.26 -5030.08 -5175.23 -5107.62 -3066.09 -5683.96 -5174.86 -4533.83 -6186.38 -4641.36 -4733.94 -3002.58 -4289.84 -5389.14 -3179.95 -4082.39 -5395.89
-3803.22 -4971.90 -4136.19 -4528.00 -6069.56 -3957.58 -4319.97 -4304.73 -5748.13 -4452.65 -4678.51 -4934.74 -4997.59 -3888.49 -3617.26 -4249.47 -4712.55 -5620.48 -6193.26 -4332.22 -4012.87 -4365.73 -3882.42 -5131.58 -5341.95 -4699.06 -5132.52 -5324.75 -5489.62 -3718.84 -5757.88 -5391.61 -5117.04 -6126.65 -5039.07 -5825.71 -3369.34 -3149.12 -3910.14 -3713.95 -6251.85 -3953.27 -6221.90 -3751.87 -4356.18 -5680.21 -5489.00 -4855.43 -4017.93 -5224.10
-3944.66 -5698.89 -5088.28 -5429.84 -6301.96 -4444.31 -4496.39 -4866.44 -5683.40 -4379.76 -6491.93 -6113.74 -5834.40 -3486.40 -5256.29 -4983.00 -5677.33 -5874.41 -5035.85 -3860.02 -5083.82 -5024.14 -4470.57 -5577.68 -5786.28 -5111.74 -4947.56 -6799.97 -3981.41 -6234.34 -2827.63 -5090.51 -6386.95 -4712.94 -3140.66 -5210.25 -4030.00 -4464.56 -3478.01 -5876.79 -4399.43 -6245.53 -3753.66 -3800.93 -4615.48 -3846.34 -6059.89 -4168.76 -5052.10 -4094.24
-4755.31 -4723.78 -5190.38 -6384.70 -4754.82 -5264.68 -5460.99 -4394.52 -4968.81 -5181.07 -5643.65 -6940.81 -6390.10 -5596.77 -4207.22 -4048.87 -6150.34 -4945.09 -5816.70 -4551.07 -5198.07 -5439.95 -5235.68 -3606.65 -4817.61 -5409.76 -5309.95 -5752.50 -5755.89 -5272.02 -4007.23 -5059.24 -6237.12 -5133.48 -5765.99 -5700.16 -3479.03 -5570.01 -5129.12 -4794.96 -3377.52 -4539.68 -4072.83 -5523.89 -6239.69 -4394.24 -4563.45 -4444.38 -4419.99 -4790.78
-6995.38 -5894.43 -6409.85 -5060.83 -5073.48 -4446.23 -5072.25 -3760.38 -5737.58 -5012.86 -4903.02 -5335.11 -4115.05 -5344.24 -5528.73 -6578.29 -6565.10 -3659.46 -4997.72 -4090.74 -3790.67 -5005.67 -4618.40 -4811.40 -4138.78 -4592.72 -6323.35 -5614.37 -3980.78 -5886.87 -5974.77 -3871.19 -5681.54 -5795.57 -5895.74 -3721.40 -6730.31 -4632.22 -3693.40 -4429.19 -5816.12 -5000.55 -4622.95 -6582.42 -4026.94 -6269.24 -5316.44 -4657.51 -5766.46 -4050.32
