26.38 31.17 35.14 43.65 43.21 21.21 32.08 34.72 15.28 23.35 41.25 39.92 31.94 26.15 12.15 16.13 36.83 42.17 30.24 34.37 32.38 40.94 39.88 20.45 26.95 10.71 21.06 16.49 30.16 21.30 29.05 29.42 47.37 9.93 24.36 49.40 27.34 36.38 25.00 36.63 22.45 23.49 39.56 46.31 13.34 31.83 30.50 24.29 37.10 16.79
11.97 41.86 32.52 45.45 10.93 29.15 15.15 18.33 41.55 44.59 27.73 19.93 45.14 29.51 22.24 40.90 50.97 50.79 34.19 18.02 12.67 31.24 48.17 23.44 33.11 26.31 38.74 36.31 22.90 34.54 12.69 26.51 14.39 41.88 28.89 48.97 47.12 28.92 27.23 42.49 44.72 41.11 55.46 34.41 33.92 24.31 20.96 35.63 35.20 24.53
38.52 25.74 28.14 16.18 30.95 40.04 20.36 38.32 40.87 22.75 45.50 43.66 49.01 23.40 15.35 39.93 43.86 19.49 18.62 32.74 11.25 27.60 47.14 25.74 52.91 27.50 14.13 22.92 34.82 22.95 13.58 44.37 37.71 29.03 26.00 29.63 46.93 34.93 43.84 38.24 17.87 23.32 36.94 26.87 50.00 49.89 40.10 51.96 11.94 37.58
38.10 45.15 41.31 16.54 15.52 29.65 33.04 26.24 24.29 30.16 33.81 34.47 38.45 39.40 27.37 40.97 36.33 20.24 41.61 49.90 27.61 51.73 43.24 31.25 18.18 42.36 19.54 30.81 31.96 33.87 47.33 39.46 18.27 15.07 28.86 29.37 30.85 22.16 25.65 41.96 18.24 18.15 14.07 11.90 24.66 49.23 31.87 39.46 19.49 22.84
25.72 27.80 50.04 48.39 41.31 27.65 12.20 10.93 48.23 14.65 47.96 36.13 16.97 46.13 34.95 13.45 30.80 25.56 46.20 34.80 44.20 15.01 40.57 41.02 22.89 16.54 24.11 23.05 22.54 38.70 12.90 29.26 15.34 29.20 36.62 11.62 43.74 18.91 47.97 40.23 41.19 38.09 41.53 26.80 38.74 35.26 25.97 12.51 27.93 20.12
27.09 50.65 33.15 26.55 30.03 13.48 49.64 32.54 14.46 33.85 24.35 26.73 25.86 17.42 49.04 9.37 17.21 16.50 17.17 48.06 17.77 21.38 49.16 46.75 22.03 14.45 41.34 35.30 31.45 43.76 39.40 45.07 26.14 53.81 33.09 32.24 47.95 11.09 33.22 45.24 29.93 46.31 37.67 27.12 11.18 12.02 29.28 13.03 16.03 39.89
16.26 20.53 12.10 17.46 47.21 18.27 23.52 19.60 38.66 23.58 11.60 16.82 24.43 26.50 10.60 13.90 11.56 32.68 48.29 29.60 12.30 42.79 18.34 30.23 42.55 31.36 22.40 47.07 36.12 12.41 28.44 51.06 30.16 47.08 28.52 15.24 14.80 19.09 22.62 16.68 41.18 22.34 31.22 16.42 25.71 43.61 21.37 35.49 20.17 20.13
18.22 19.34 32.52 31.34 41.21 33.77 17.72 33.17 50.66 15.58 40.35 40.08 40.89 10.74 16.47 30.69 43.67 36.14 30.21 16.34 43.38 36.48 21.62 17.50 33.05 32.13 22.57 43.70 14.28 37.60 23.67 24.26 40.49 31.73 12.94 22.40 39.07 34.31 14.70 30.16 45.00 48.04 18.30 12.52 25.35 18.24 51.81 19.78 30.41 22.25
41.58 17.03 22.17 43.70 19.08 44.55 29.20 38.34 16.63 20.61 39.88 42.24 28.44 31.27 27.80 24.05 44.45 33.14 36.68 23.14 40.79 35.60 38.18 14.70 22.62 35.63 47.15 48.04 36.69 40.74 28.46 26.48 37.07 36.94 32.48 39.34 20.92 46.32 40.83 27.13 12.91 15.43 30.41 33.71 50.88 37.85 29.84 21.57 15.56 30.90
39.65 42.96 38.72 11.06 26.86 11.98 36.90 10.59 48.88 18.64 24.78 27.75 13.98 43.06 39.81 35.51 49.04 14.65 36.99 18.08 16.50 20.73 27.22 26.75 30.41 13.46 49.95 48.33 14.14 42.80 44.66 18.34 45.51 41.75 51.76 10.68 48.03 40.29 10.72 27.57 38.49 9.37 9.90 49.00 26.26 45.63 45.18 21.27 52.78 20.19
