-137.05 -259.39 -248.31 -244.67 -208.56 -231.58 -273.76 -164.14 -230.28 -203.17 -221.85 -253.32 -271.69 -186.85 -151.80 -202.12 -253.24 -316.75 -194.57 -167.13 -235.55 -300.59 -252.05 -122.28 -160.97 -338.67 -130.63 -260.01 -163.56 -154.49 -289.59 -217.89 -165.15 -156.82 -262.90 -233.34 -283.59 -124.27 -153.39 -277.23 -138.15 -182.24 -211.39 -291.06 -142.62 -174.47 -337.69 -193.58 -243.47 -168.92
-201.11 -283.21 -241.29 -204.52 -100.79 -129.42 -277.86 -299.55 -273.48 -207.34 -164.98 -266.55 -171.61 -217.10 -149.03 -282.65 -134.75 -102.70 -142.16 -155.08 -257.48 -199.49 -135.49 -183.81 -164.54 -193.68 -114.65 -283.89 -147.55 -328.62 -121.08 -313.38 -114.54 -298.93 -179.87 -295.92 -143.84 -114.77 -153.36 -191.64 -314.18 -230.00 -153.82 -244.93 -156.48 -181.84 -245.99 -117.76 -294.25 -145.48
-126.71 -261.59 -273.98 -217.66 -307.60 -190.84 -126.36 -121.09 -260.14 -122.13 -223.08 -275.47 -274.34 -250.36 -242.19 -290.65 -183.94 -226.18 -128.11 -323.37 -205.76 -107.68 -142.60 -150.68 -167.90 -104.30 -276.62 -193.11 -197.28 -223.97 -336.32 -314.93 -291.21 -124.14 -151.58 -281.72 -222.47 -272.46 -150.26 -104.53 -183.71 -184.95 -249.83 -193.52 -329.04 -274.31 -209.42 -155.26 -118.04 -288.26
-162.15 -315.33 -213.59 -218.15 -101.82 -234.45 -162.31 -270.25 -222.21 -119.46 -333.38 -152.98 -240.75 -336.56 -185.81 -250.88 -250.62 -220.12 -117.95 -306.14 -121.05 -263.82 -121.95 -258.14 -316.71 -224.44 -166.69 -203.01 -266.33 -316.33 -144.95 -190.96 -297.41 -298.66 -228.00 -295.62 -281.99 -312.70 -323.75 -214.68 -115.38 -297.52 -187.48 -153.12 -326.78 -285.29 -127.99 -261.97 -258.40 -294.63
-284.26 -252.60 -135.33 -324.52 -225.49 -103.63 -133.52 -270.15 -276.05 -257.15 -291.33 -328.62 -204.87 -180.49 -280.51 -242.15 -155.57 -284.80 -238.20 -159.22 -117.08 -220.59 -180.80 -266.60 -325.29 -295.08 -236.27 -181.87 -261.24 -307.53 -201.68 -255.62 -253.52 -300.21 -113.12 -297.51 -102.61 -172.08 -219.56 -217.79 -187.58 -280.83 -122.45 -197.89 -309.35 -201.80 -309.69 -143.26 -116.40 -282.97
-165.28 -188.80 -272.93 -174.75 -108.05 -222.90 -282.27 -190.94 -244.57 -291.43 -276.41 -289.39 -106.54 -140.26 -129.65 -146.90 -229.84 -130.28 -248.03 -115.34 -231.75 -312.60 -157.93 -272.70 -315.09 -146.02 -238.74 -314.68 -310.76 -158.23 -260.06 -165.39 -191.87 -286.18 -93.50 -231.18 -302.05 -153.49 -342.60 -238.52 -157.52 -213.04 -222.80 -221.46 -213.60 -216.12 -142.09 -203.17 -217.71 -165.44
-271.84 -135.37 -215.89 -256.67 -220.53 -224.28 -243.13 -234.49 -258.57 -194.70 -319.84 -180.98 -264.75 -232.83 -117.01 -328.46 -308.77 -244.36 -284.92 -125.44 -234.01 -304.19 -150.26 -116.61 -283.21 -342.06 -205.42 -236.65 -263.45 -252.39 -182.18 -233.79 -261.73 -298.03 -143.54 -175.37 -136.38 -240.16 -232.38 -115.21 -231.78 -209.79 -175.67 -243.20 -297.07 -213.88 -221.68 -126.67 -132.47 -315.29
-237.22 -119.84 -147.63 -261.04 -288.15 -175.51 -193.94 -339.61 -304.80 -255.93 -220.07 -248.99 -204.95 -251.48 -153.41 -210.90 -294.07 -259.27 -198.11 -295.21 -209.29 -258.23 -245.59 -199.49 -271.87 -304.07 -228.50 -187.74 -201.43 -169.90 -133.45 -157.60 -306.93 -323.80 -115.30 -241.49 -111.39 -247.25 -123.42 -308.37 -255.89 -265.56 -311.30 -125.00 -313.93 -200.37 -205.63 -283.88 -221.46 -154.52
-255.29 -248.14 -327.29 -284.26 -192.75 -207.74 -186.97 -167.68 -205.65 -207.48 -190.82 -344.62 -160.75 -201.23 -188.00 -195.58 -318.17 -153.06 -147.83 -156.57 -238.03 -256.31 -145.76 -146.97 -210.59 -353.49 -228.22 -264.44 -326.69 -172.30 -237.27 -152.44 -150.88 -165.65 -300.26 -277.03 -113.12 -153.14 -169.25 -223.26 -318.29 -309.66 -179.96 -232.62 -298.46 -203.51 -322.58 -282.28 -190.07 -239.43
-255.20 -141.51 -198.30 -155.73 -224.64 -283.53 -251.12 -279.77 -126.29 -182.60 -217.34 -155.90 -263.01 -206.62 -269.84 -96.00 -233.98 -242.02 -196.98 -123.22 -226.25 -221.12 -213.54 -272.01 -282.73 -176.83 -260.88 -220.98 -300.39 -188.26 -236.72 -195.35 -194.13 -258.29 -253.58 -214.99 -196.66 -127.22 -221.60 -238.73 -188.32 -138.20 -167.29 -240.81 -221.79 -151.51 -233.30 -166.57 -303.71 -254.79
