14.47 26.90 26.14 16.20 27.33 9.97 13.35 45.31 39.26 33.85 24.55 31.83 46.34 47.14 30.27 12.13 42.32 22.02 38.04 38.29 29.92 23.51 33.88 39.52 47.40 20.92 49.04 19.50 35.30 14.04 33.03 12.46 21.10 28.02 15.81 20.54 13.58 51.58 31.39 45.49 44.37 17.65 24.04 28.47 10.85 42.86 18.59 31.21 33.53 36.44
20.55 53.00 21.32 22.49 32.52 29.05 31.51 10.42 35.89 19.56 49.15 25.90 30.97 29.75 34.41 19.21 38.78 47.39 28.62 30.16 36.95 10.23 13.09 19.87 44.67 14.12 46.20 31.93 41.00 16.33 28.37 52.88 36.42 14.07 14.98 45.97 48.03 10.73 31.84 40.67 32.40 26.72 15.43 45.40 21.46 23.32 48.17 36.71 33.98 20.24
44.42 46.28 18.48 25.13 44.50 42.89 41.18 27.73 35.17 22.86 37.03 16.72 44.28 19.68 16.06 12.36 13.94 35.76 38.88 36.15 35.33 27.19 22.69 35.87 27.08 11.46 42.15 12.26 28.45 35.69 12.66 27.14 15.32 44.40 46.40 39.68 14.07 17.96 14.85 47.10 16.18 42.99 15.44 13.21 23.09 12.71 10.88 19.80 47.18 48.03
42.69 25.47 32.06 29.11 40.06 22.04 25.13 43.29 19.80 15.11 28.90 47.34 25.26 21.73 50.00 41.29 17.93 39.16 19.61 46.04 12.89 16.20 45.58 34.98 34.35 29.09 36.79 32.42 44.99 46.32 52.87 20.26 44.74 40.01 30.79 12.12 50.15 10.42 9.68 47.24 38.05 15.62 44.38 35.39 41.17 29.63 28.30 36.70 17.54 29.77
44.87 37.89 17.89 9.75 53.54 16.14 41.86 50.82 33.71 42.52 24.35 36.87 20.70 27.39 40.38 16.41 17.87 19.70 45.26 37.56 51.98 39.42 10.77 44.52 21.91 16.07 39.35 29.60 13.01 17.06 14.23 26.82 39.43 20.86 36.90 31.87 22.35 19.66 17.15 36.13 20.59 42.91 16.62 52.63 52.86 42.58 42.16 23.43 22.30 47.21
12.44 43.88 38.75 18.70 50.02 49.16 43.76 50.63 24.28 34.79 16.49 28.63 39.67 40.96 12.33 24.76 19.09 44.69 41.60 16.32 42.68 10.46 20.79 43.66 37.17 26.50 17.63 30.75 25.21 45.31 11.92 10.95 20.75 23.63 16.72 25.86 47.19 10.56 48.28 37.37 38.43 14.72 40.79 46.33 51.15 43.88 33.29 19.30 27.44 16.41
20.48 16.93 33.95 47.10 51.88 29.95 51.94 43.37 48.99 45.50 23.55 12.26 23.51 34.99 14.43 12.68 30.18 15.21 20.90 37.57 15.87 19.77 29.54 25.16 23.41 34.36 35.89 32.50 42.03 44.41 45.62 35.59 24.30 22.44 20.40 34.95 16.67 34.49 35.18 30.02 17.70 40.59 46.13 32.79 22.37 10.86 11.64 23.42 44.36 32.92
29.00 47.11 32.01 14.64 15.73 22.15 22.40 36.80 10.37 16.51 16.73 49.92 28.45 27.00 11.01 13.02 31.30 48.92 12.26 18.23 31.91 14.20 19.16 27.24 38.52 17.29 31.90 49.88 33.11 38.39 31.25 30.74 45.33 20.32 24.06 41.05 40.34 22.07 46.46 10.04 46.16 30.03 21.63 26.27 29.35 20.22 14.84 12.74 22.50 25.74
39.92 45.25 32.43 52.57 15.87 32.79 17.32 18.02 22.59 36.70 38.02 21.24 24.19 37.09 38.57 46.30 46.39 25.77 47.10 41.16 47.27 16.03 26.58 22.38 49.98 29.96 44.58 26.62 43.48 37.13 12.27 17.92 14.46 30.90 39.66 16.05 9.56 18.38 19.58 19.72 30.04 19.45 27.07 40.25 14.67 31.28 29.53 29.95 18.86 38.81
39.53 33.69 25.35 10.18 20.35 43.47 23.41 26.18 12.10 45.66 39.59 15.13 25.25 12.36 38.91 10.20 30.70 16.44 34.97 11.03 47.91 15.18 44.63 47.18 17.59 39.25 41.29 25.76 37.13 41.87 49.09 49.58 21.59 39.30 39.52 19.61 13.17 19.45 21.43 34.47 10.13 33.75 15.85 27.29 27.94 48.33 12.90 48.31 24.32 21.52
