9.00 13.00 13.00 17.00 17.00 5.00 12.00 14.00 3.00 7.00 16.00 15.00 11.00 8.00 1.00 3.00 14.00 18.00 12.00 13.00 14.00 15.00 16.00 6.00 9.00 0.00 5.00 3.00 11.00 6.00 10.00 10.00 20.00 0.00 8.00 22.00 10.00 14.00 9.00 13.00 6.00 7.00 15.00 19.00 2.00 12.00 10.00 8.00 14.00 3.00
1.00 18.00 11.00 20.00 0.00 11.00 2.00 4.00 19.00 18.00 10.00 6.00 18.00 10.00 6.00 17.00 21.00 20.00 14.00 4.00 1.00 11.00 21.00 8.00 12.00 9.00 18.00 13.00 7.00 13.00 1.00 8.00 2.00 17.00 9.00 21.00 19.00 10.00 10.00 17.00 19.00 17.00 22.00 14.00 13.00 7.00 5.00 16.00 15.00 8.00
16.00 8.00 9.00 3.00 12.00 16.00 5.00 16.00 16.00 7.00 20.00 19.00 22.00 8.00 3.00 16.00 19.00 5.00 5.00 12.00 0.00 9.00 19.00 9.00 22.00 9.00 2.00 7.00 14.00 7.00 2.00 18.00 14.00 10.00 9.00 11.00 19.00 13.00 19.00 15.00 4.00 8.00 14.00 9.00 22.00 21.00 16.00 21.00 1.00 15.00
15.00 18.00 18.00 3.00 3.00 11.00 13.00 9.00 7.00 12.00 15.00 13.00 16.00 16.00 9.00 17.00 14.00 5.00 16.00 22.00 9.00 22.00 17.00 12.00 4.00 17.00 5.00 11.00 11.00 12.00 20.00 17.00 4.00 3.00 10.00 10.00 12.00 7.00 8.00 17.00 4.00 5.00 2.00 1.00 8.00 21.00 12.00 17.00 5.00 6.00
8.00 10.00 22.00 21.00 18.00 9.00 2.00 1.00 22.00 2.00 21.00 14.00 4.00 19.00 14.00 2.00 12.00 8.00 19.00 14.00 17.00 2.00 16.00 17.00 7.00 3.00 7.00 7.00 7.00 14.00 1.00 11.00 2.00 9.00 15.00 1.00 20.00 5.00 19.00 17.00 18.00 15.00 19.00 10.00 15.00 13.00 8.00 1.00 9.00 5.00
9.00 22.00 12.00 9.00 10.00 2.00 20.00 13.00 2.00 12.00 8.00 9.00 10.00 4.00 22.00 0.00 4.00 4.00 4.00 19.00 4.00 6.00 21.00 18.00 6.00 2.00 16.00 15.00 12.00 21.00 15.00 18.00 9.00 22.00 12.00 12.00 19.00 0.00 13.00 18.00 10.00 20.00 14.00 9.00 0.00 1.00 11.00 1.00 3.00 16.00
3.00 6.00 1.00 4.00 20.00 4.00 7.00 5.00 16.00 7.00 1.00 4.00 8.00 8.00 0.00 2.00 1.00 13.00 21.00 10.00 1.00 16.00 4.00 11.00 17.00 11.00 7.00 19.00 14.00 1.00 11.00 21.00 11.00 20.00 10.00 4.00 2.00 4.00 6.00 3.00 18.00 6.00 13.00 3.00 8.00 18.00 7.00 13.00 5.00 6.00
4.00 6.00 12.00 12.00 18.00 12.00 4.00 12.00 21.00 3.00 18.00 17.00 17.00 0.00 4.00 11.00 18.00 15.00 11.00 3.00 17.00 14.00 6.00 5.00 13.00 12.00 7.00 20.00 2.00 16.00 6.00 8.00 18.00 11.00 1.00 7.00 14.00 12.00 2.00 12.00 17.00 21.00 4.00 1.00 8.00 4.00 22.00 5.00 11.00 6.00
16.00 4.00 7.00 19.00 5.00 18.00 11.00 14.00 4.00 6.00 16.00 20.00 12.00 12.00 9.00 7.00 19.00 12.00 15.00 7.00 16.00 14.00 15.00 2.00 7.00 14.00 19.00 20.00 15.00 16.00 9.00 9.00 16.00 14.00 13.00 16.00 5.00 19.00 16.00 9.00 1.00 3.00 10.00 13.00 22.00 14.00 10.00 6.00 3.00 11.00
19.00 18.00 17.00 1.00 9.00 1.00 14.00 0.00 20.00 5.00 8.00 10.00 2.00 17.00 16.00 16.00 22.00 2.00 14.00 4.00 3.00 6.00 9.00 9.00 10.00 2.00 22.00 20.00 2.00 18.00 19.00 4.00 19.00 17.00 22.00 0.00 22.00 15.00 0.00 9.00 16.00 0.00 0.00 22.00 8.00 20.00 18.00 6.00 22.00 5.00
