2.00 11.00 9.00 3.00 10.00 0.00 2.00 19.00 16.00 13.00 8.00 12.00 19.00 21.00 12.00 1.00 16.00 6.00 15.00 16.00 11.00 7.00 13.00 15.00 20.00 6.00 21.00 5.00 15.00 2.00 12.00 1.00 6.00 10.00 3.00 6.00 2.00 21.00 12.00 19.00 18.00 4.00 9.00 10.00 0.00 18.00 5.00 14.00 14.00 14.00
5.00 22.00 7.00 7.00 12.00 10.00 12.00 0.00 15.00 5.00 22.00 8.00 11.00 11.00 14.00 5.00 17.00 20.00 11.00 10.00 16.00 0.00 1.00 5.00 19.00 2.00 19.00 13.00 17.00 3.00 11.00 21.00 14.00 2.00 2.00 18.00 19.00 0.00 13.00 16.00 11.00 9.00 3.00 22.00 6.00 8.00 21.00 15.00 13.00 5.00
18.00 22.00 4.00 9.00 18.00 18.00 16.00 9.00 13.00 6.00 13.00 3.00 18.00 5.00 4.00 1.00 2.00 13.00 15.00 14.00 15.00 9.00 6.00 15.00 9.00 1.00 17.00 1.00 10.00 14.00 2.00 9.00 3.00 18.00 20.00 16.00 2.00 4.00 2.00 19.00 4.00 19.00 3.00 2.00 7.00 1.00 0.00 5.00 19.00 21.00
18.00 9.00 11.00 11.00 16.00 6.00 8.00 17.00 5.00 2.00 12.00 21.00 8.00 6.00 22.00 19.00 5.00 16.00 6.00 18.00 1.00 3.00 19.00 13.00 14.00 10.00 15.00 12.00 18.00 20.00 22.00 5.00 19.00 16.00 12.00 1.00 22.00 0.00 0.00 20.00 15.00 3.00 18.00 14.00 17.00 11.00 10.00 15.00 4.00 11.00
18.00 17.00 5.00 0.00 22.00 3.00 18.00 22.00 13.00 18.00 8.00 15.00 5.00 10.00 18.00 3.00 4.00 5.00 19.00 15.00 22.00 17.00 0.00 21.00 6.00 3.00 17.00 11.00 1.00 3.00 2.00 9.00 15.00 6.00 14.00 13.00 6.00 5.00 3.00 14.00 5.00 16.00 3.00 21.00 22.00 17.00 16.00 7.00 7.00 21.00
2.00 21.00 18.00 5.00 22.00 21.00 20.00 20.00 8.00 14.00 3.00 11.00 20.00 17.00 1.00 7.00 5.00 18.00 17.00 3.00 17.00 0.00 6.00 19.00 16.00 8.00 4.00 12.00 8.00 19.00 1.00 0.00 5.00 7.00 3.00 8.00 20.00 0.00 21.00 15.00 15.00 2.00 16.00 19.00 22.00 19.00 12.00 5.00 9.00 3.00
6.00 3.00 13.00 22.00 22.00 10.00 22.00 17.00 20.00 19.00 8.00 1.00 8.00 13.00 2.00 2.00 11.00 3.00 5.00 15.00 3.00 5.00 10.00 9.00 8.00 13.00 13.00 12.00 17.00 18.00 20.00 14.00 8.00 6.00 6.00 13.00 3.00 14.00 13.00 10.00 4.00 16.00 19.00 12.00 8.00 0.00 1.00 7.00 18.00 14.00
10.00 19.00 12.00 2.00 3.00 7.00 6.00 14.00 0.00 3.00 3.00 20.00 10.00 9.00 1.00 1.00 12.00 21.00 1.00 4.00 11.00 3.00 5.00 10.00 16.00 4.00 13.00 21.00 12.00 14.00 13.00 11.00 19.00 6.00 8.00 17.00 19.00 6.00 20.00 0.00 19.00 10.00 6.00 8.00 12.00 5.00 2.00 1.00 6.00 8.00
16.00 18.00 13.00 21.00 3.00 12.00 4.00 4.00 7.00 14.00 17.00 6.00 8.00 14.00 16.00 19.00 22.00 8.00 21.00 18.00 20.00 4.00 9.00 6.00 22.00 10.00 19.00 9.00 18.00 18.00 1.00 4.00 2.00 12.00 18.00 3.00 0.00 4.00 5.00 6.00 10.00 5.00 9.00 15.00 3.00 11.00 11.00 10.00 4.00 14.00
17.00 14.00 8.00 0.00 6.00 17.00 7.00 8.00 1.00 19.00 19.00 3.00 10.00 1.00 17.00 0.00 11.00 3.00 13.00 0.00 22.00 2.00 20.00 22.00 4.00 15.00 16.00 8.00 15.00 17.00 20.00 21.00 6.00 16.00 15.00 5.00 2.00 5.00 6.00 12.00 0.00 12.00 4.00 9.00 11.00 21.00 1.00 20.00 8.00 6.00
