288.55 405.08 336.92 296.33 354.68 352.26 360.50 306.02 308.37 312.98 321.95 336.18 281.84 345.85 360.86 329.48 237.57 284.61 309.72 341.10 321.05 299.95 317.35 269.84 294.64 328.57 309.63 307.82 371.28 314.12 302.78 304.49 328.40 320.40 321.36 343.10 348.56 257.63 338.50 316.95 298.44 320.37 400.53 308.56 290.05 307.72 357.22 409.93 368.02 294.57
259.85 248.98 387.38 342.17 319.32 300.37 331.45 317.83 363.45 305.66 325.13 279.51 302.52 329.86 347.75 327.48 365.10 310.93 363.16 250.45 367.84 348.39 256.07 307.25 319.26 319.89 295.32 365.33 323.52 292.11 375.17 211.91 291.07 319.83 246.50 228.77 247.92 302.15 367.23 285.29 257.33 311.96 348.42 391.38 309.83 369.87 328.84 341.81 319.56 293.22
282.44 382.39 270.58 369.11 281.94 320.87 273.99 266.43 280.46 239.90 219.36 263.68 287.13 306.00 389.26 307.34 328.77 260.50 266.65 314.27 365.84 298.43 245.80 355.59 298.19 361.27 309.79 318.74 325.37 324.93 394.34 306.68 352.89 294.76 328.55 316.13 311.37 313.00 267.88 276.07 384.25 343.20 354.53 364.00 324.11 272.70 280.49 299.11 252.45 332.80
337.42 356.13 249.87 351.19 296.68 290.43 322.57 258.79 293.06 242.15 406.75 342.57 307.45 296.33 326.29 380.09 377.59 320.78 380.23 237.83 273.58 294.75 300.14 292.79 345.65 289.60 334.95 321.72 289.83 329.00 253.90 281.82 311.59 293.90 359.28 333.25 315.02 317.52 380.95 305.01 304.55 335.21 296.70 341.75 311.48 332.93 326.58 345.65 334.92 329.51
296.41 376.69 389.81 372.51 263.86 305.37 344.58 310.81 323.85 342.13 339.59 325.13 252.71 350.07 372.53 297.84 298.80 316.32 315.57 308.07 273.93 351.63 303.00 383.94 295.98 305.23 355.47 338.47 251.83 226.69 295.99 308.27 258.94 334.85 292.08 371.36 272.22 309.43 235.55 309.63 262.94 221.38 279.04 232.73 270.66 282.09 251.46 310.19 344.73 338.95
406.78 383.77 397.99 349.84 330.73 306.26 371.46 229.35 349.89 342.09 277.55 361.15 422.63 330.28 312.19 249.39 333.18 270.19 318.43 280.06 281.51 325.70 342.34 355.44 362.87 273.49 317.43 359.39 307.46 315.71 347.12 270.18 259.51 304.34 265.29 281.07 304.95 300.93 320.25 323.55 322.38 276.35 282.86 278.62 294.53 320.95 289.36 327.57 300.57 295.75
347.14 253.49 306.62 377.98 296.93 273.19 287.86 261.35 271.80 294.64 358.21 320.79 364.32 296.41 289.78 391.65 330.62 353.14 239.45 308.23 320.37 293.44 277.50 365.88 367.42 314.88 245.07 305.14 282.34 297.67 334.21 321.46 348.97 276.36 359.30 296.86 263.65 341.92 275.73 259.47 324.92 290.12 293.01 298.75 405.18 277.52 360.37 306.22 289.39 383.70
297.72 274.46 319.36 276.11 328.80 350.18 258.99 302.19 319.05 277.19 259.67 253.57 315.63 309.73 405.03 251.05 347.29 314.52 323.96 274.46 267.06 398.20 328.84 359.83 331.27 351.76 368.17 293.24 297.07 235.58 378.84 306.70 322.58 356.92 336.19 315.44 395.02 271.07 325.37 344.33 299.65 258.71 309.67 251.03 395.45 280.41 259.41 271.47 259.04 290.26
308.36 262.58 358.47 239.38 318.22 295.92 327.99 300.92 335.73 313.04 382.62 315.33 343.23 278.66 329.20 285.84 378.24 285.95 355.02 354.89 309.01 394.29 324.44 268.85 328.58 275.67 317.65 321.35 319.60 432.61 325.27 300.19 289.19 351.82 383.88 312.90 394.92 284.66 314.87 374.39 256.34 319.22 308.18 248.45 371.91 297.14 344.35 267.80 252.56 222.31
348.67 366.66 300.70 332.55 349.40 254.91 309.69 275.03 328.83 288.02 410.35 359.37 405.63 300.44 360.43 336.77 315.55 294.79 294.05 250.83 375.89 230.97 358.62 361.59 313.60 267.19 277.64 282.60 340.08 290.26 269.79 313.35 316.08 313.09 271.99 314.62 362.24 312.66 322.63 231.12 343.60 277.74 402.32 307.50 382.84 312.05 269.77 276.63 348.26 309.50
