331.77 387.10 275.06 239.91 281.94 230.15 311.19 351.74 357.73 311.50 275.54 276.00 250.77 269.44 327.48 301.23 286.46 336.24 360.58 315.94 390.83 221.92 305.05 353.54 319.30 306.88 254.26 270.26 331.06 336.99 293.52 296.31 298.94 363.25 329.55 318.62 351.94 284.68 375.79 246.10 255.98 300.27 256.28 277.20 357.48 341.07 254.94 339.65 273.74 266.49
338.95 342.40 246.03 344.07 274.28 353.26 243.88 285.05 367.00 270.51 351.30 371.37 280.44 283.58 263.75 334.17 273.91 236.02 359.59 297.81 287.48 296.98 337.25 362.44 288.95 324.69 406.66 247.69 339.47 301.55 295.38 268.00 294.26 296.61 215.45 319.24 264.32 315.02 368.10 285.87 314.54 318.22 219.45 340.95 310.73 281.89 244.55 399.25 377.60 326.70
337.27 286.40 258.28 287.68 343.85 287.46 290.13 346.96 274.74 331.85 336.90 331.43 339.70 374.75 348.69 306.01 321.96 313.00 350.06 293.79 245.11 282.72 264.79 344.28 260.56 301.11 318.93 328.44 347.49 326.61 345.62 279.67 263.30 295.55 351.24 346.88 276.74 304.60 331.56 300.39 306.37 374.19 283.72 322.31 320.31 296.41 287.72 243.47 343.76 315.85
310.92 275.53 341.73 272.09 329.01 332.62 340.96 322.81 272.61 369.05 395.12 304.58 337.02 310.31 302.45 317.08 300.86 287.20 257.57 328.39 283.48 290.73 260.21 339.20 282.73 300.86 311.65 306.02 262.64 262.17 306.25 347.65 286.25 357.46 305.25 294.36 353.84 354.43 290.10 294.56 296.31 377.47 323.42 341.88 327.75 296.15 334.50 354.49 303.64 241.66
277.55 342.15 323.37 310.57 345.03 278.79 428.90 402.71 347.26 285.26 338.18 309.40 354.04 296.83 336.03 354.64 347.53 302.42 289.02 348.30 242.68 252.55 292.73 314.28 331.49 280.81 278.39 324.39 339.15 236.51 277.27 342.28 213.29 206.61 347.92 359.20 368.62 342.34 239.81 343.27 357.67 300.10 369.73 370.23 281.26 267.97 292.35 287.74 285.27 286.67
310.45 319.24 286.48 334.80 261.94 351.99 264.02 355.58 296.75 263.72 345.55 313.63 393.07 326.88 344.64 397.19 348.64 364.49 341.83 224.48 316.59 309.84 296.63 219.26 276.70 296.61 279.64 372.30 336.38 396.72 283.58 268.66 334.44 231.48 301.51 314.18 246.97 258.31 344.43 262.36 280.99 325.79 257.06 305.56 253.77 336.36 340.48 258.33 306.56 298.69
286.81 347.73 325.98 330.67 314.30 289.21 292.26 306.88 326.84 300.78 364.17 360.38 333.81 251.80 297.25 326.03 366.47 342.33 318.08 268.71 316.69 218.32 283.79 319.64 284.33 286.17 351.30 265.15 320.07 297.06 368.79 253.41 319.07 318.78 320.14 426.18 263.79 232.11 268.74 279.23 350.69 272.65 388.59 282.86 286.01 302.65 378.97 280.36 285.56 366.14
288.58 401.46 307.72 335.26 353.83 259.69 327.56 290.16 274.99 328.12 370.10 345.98 324.03 287.99 383.19 307.97 302.22 345.49 313.42 290.43 263.69 287.21 309.97 400.11 352.22 310.55 338.07 377.23 306.69 363.96 191.98 340.93 362.26 285.83 256.21 356.42 210.53 258.84 271.53 369.82 211.36 322.94 275.44 301.63 304.60 281.92 295.26 297.28 313.37 282.45
248.85 345.25 355.86 349.38 339.09 271.01 345.70 237.90 363.35 361.60 315.24 392.19 410.87 346.68 267.45 271.86 330.89 295.57 339.61 309.17 281.60 318.76 294.68 279.84 329.17 316.62 263.73 289.87 335.53 286.83 251.82 330.02 365.97 292.87 353.10 320.88 246.54 284.43 276.81 309.50 271.60 339.55 248.39 332.06 310.98 239.62 283.46 308.49 330.90 294.12
406.36 319.36 370.96 391.79 329.50 347.18 288.98 306.79 285.44 358.16 326.23 343.34 316.97 282.75 307.95 395.22 340.04 283.63 283.55 298.62 284.94 349.38 297.33 312.06 252.82 350.88 320.29 279.09 307.45 319.72 318.05 283.01 295.10 317.80 284.62 303.73 355.25 245.78 301.86 283.48 332.24 394.64 367.43 341.46 261.73 333.85 272.13 323.77 271.66 287.59
