284.22 310.01 312.91 339.68 282.12 311.56 364.10 290.25 376.05 411.58 278.57 370.92 233.89 387.29 261.48 340.93 331.43 376.13 318.06 310.36 306.19 307.61 361.41 451.79 307.58 322.85 318.31 272.95 340.68 275.18 281.03 335.67 337.77 282.58 260.05 320.57 352.41 309.95 400.24 302.86 306.02 304.01 247.33 368.01 290.63 294.82 353.78 367.26 364.65 319.43
289.12 347.15 343.57 331.02 322.51 363.17 342.53 333.30 296.82 347.29 292.58 366.10 338.93 333.81 330.27 328.23 389.34 321.19 287.90 316.90 379.69 318.92 249.40 279.53 372.31 280.01 301.98 333.44 352.33 326.55 328.98 344.11 406.85 445.99 393.94 376.69 324.64 354.18 341.99 352.99 319.34 324.18 397.69 334.78 385.26 396.12 363.49 368.04 352.41 346.32
318.24 323.18 280.04 285.39 347.45 372.38 375.57 289.79 373.90 341.89 317.81 330.07 342.19 316.62 305.07 340.24 298.74 268.39 308.77 263.14 321.63 277.84 342.04 360.96 342.61 351.74 354.56 359.93 329.23 353.39 279.07 294.55 305.89 303.78 288.98 318.49 273.43 283.26 337.48 282.26 387.32 354.23 298.15 306.11 300.49 343.82 310.65 244.51 317.33 374.47
330.11 330.43 327.90 334.46 302.35 305.67 390.92 318.67 326.34 246.49 300.38 354.06 227.08 324.33 313.98 318.53 319.71 279.65 347.04 317.32 265.10 312.19 340.50 332.40 274.29 348.42 320.08 368.42 277.49 351.42 316.59 411.88 381.73 309.10 365.05 313.92 332.07 312.17 302.51 332.47 308.81 369.97 297.24 282.81 239.81 256.15 317.42 300.96 287.06 286.61
228.68 308.97 298.57 344.96 325.84 378.35 327.45 359.42 262.39 275.47 313.32 351.20 336.52 291.99 350.90 355.83 343.99 313.65 295.21 278.41 265.72 308.30 312.83 355.14 346.47 313.46 319.76 354.28 346.02 348.64 331.30 360.47 335.73 323.87 258.09 258.03 330.70 367.97 297.13 246.63 317.65 324.59 340.43 334.73 378.72 330.06 331.26 312.62 320.82 264.17
423.74 301.25 327.47 374.15 342.03 266.55 324.92 289.68 282.41 361.75 372.73 331.08 331.79 302.83 284.00 298.85 308.61 358.25 313.81 316.26 350.90 341.90 318.11 312.54 271.78 395.04 330.61 300.02 361.98 334.79 353.95 272.42 297.36 249.16 289.79 329.26 334.11 270.54 323.46 325.52 225.51 311.70 237.52 220.25 230.03 286.59 229.32 258.39 299.27 319.15
251.94 370.08 247.66 311.46 307.12 350.37 341.23 278.65 333.02 342.60 236.09 365.64 364.31 326.48 342.00 349.98 349.30 318.71 345.66 286.30 336.61 320.40 332.50 343.35 355.90 364.58 324.54 342.53 330.63 359.87 323.90 367.03 314.19 284.61 218.25 307.49 362.63 364.87 353.81 375.40 286.92 283.80 313.28 329.04 346.16 366.59 347.04 332.55 349.86 345.89
308.72 265.31 410.99 311.25 262.38 297.35 285.32 283.00 307.24 397.92 343.92 307.91 322.40 309.02 338.48 336.26 281.18 376.95 325.30 295.48 339.91 359.27 276.04 366.34 360.02 347.88 294.49 281.53 328.04 330.96 299.27 299.55 306.07 336.36 309.96 299.96 283.94 336.39 324.91 294.61 315.13 232.70 268.57 290.85 279.80 256.19 338.29 344.62 295.58 323.53
246.95 346.47 275.98 303.31 362.61 355.82 363.87 263.85 373.48 298.89 372.72 363.46 303.09 292.40 367.43 374.72 377.18 293.54 392.85 337.36 326.50 359.85 339.94 327.50 338.52 328.96 300.82 241.40 254.51 259.69 268.97 373.17 383.92 334.73 338.92 404.36 281.68 265.92 354.39 323.10 346.98 337.19 311.64 400.94 371.08 314.83 372.30 356.50 365.13 409.54
277.46 333.86 256.87 371.63 299.64 316.41 245.68 328.38 300.30 307.06 270.08 229.17 308.91 355.98 345.02 311.03 295.74 335.31 351.91 321.95 264.51 267.54 289.84 308.74 347.94 274.28 300.98 315.96 327.00 369.87 357.65 371.17 343.48 306.80 314.27 284.49 319.24 321.27 319.77 248.18 322.08 333.22 382.39 374.35 336.72 312.91 299.05 279.48 301.26 348.26
