0.150
6.959
6.762
6.525
5.787
6.260
6.593
6.652
5.899
5.824
6.386
5.680
6.434
6.614
6.488
6.976
6.531
7.248
6.567
6.995
6.243
6.711
6.584
5.994
7.239
6.730
6.426
7.157
7.018
6.945
6.591
5.896
6.579
6.836
7.017
6.943
7.103
6.963
6.868
6.738
7.025
6.129
6.944
6.197
6.857
6.470
6.918
6.516
6.285
6.380
7.399
6.773
6.297
6.822
6.962
6.754
6.605
6.621
6.304
6.851
5.792
7.241
6.821
6.239
6.325
6.357
6.484
6.324
6.554
6.797
6.380
5.531
7.294
6.514
6.435
7.518
6.631
6.583
6.358
7.014
6.626
7.062
6.733
6.813
7.055
6.631
6.183
7.149
6.690
7.007
7.134
6.709
6.869
5.759
7.145
6.520
6.799
7.214
7.000
6.368
6.711
6.509
6.513
6.694
6.920
7.003
6.535
7.329
6.165
6.642
6.547
7.273
6.639
7.290
7.148
6.628
6.308
6.876
7.284
6.803
6.876
6.016
7.195
7.179
6.320
6.464
6.976
6.268
6.573
6.166
6.666
6.789
6.269
6.704
6.456
6.727
6.819
7.013
7.215
6.975
6.865
7.411
6.684
5.837
6.701
7.198
6.037
6.843
6.233
6.492
6.557
6.332
6.691
7.053
6.683
6.149
6.749
6.347
6.370
6.581
6.913
5.777
6.905
6.831
6.569
6.712
6.792
6.803
6.636
6.487
6.508
6.373
6.640
6.051
6.730
6.201
6.943
7.112
7.069
6.764
6.469
6.712
6.479
7.113
6.231
6.658
7.407
6.491
6.962
7.310
7.080
5.924
7.305
6.199
5.939
6.372
6.212
6.627
5.678
6.676
6.174
5.875
6.417
6.708
6.535
6.548
6.583
6.676
6.819
7.283
6.856
6.492
7.450
6.698
6.473
6.650
7.419
6.332
6.053
6.096
6.179
6.235
6.325
6.448
6.362
7.356
6.941
6.442
7.238
7.226
6.065
6.905
6.437
6.717
6.724
6.318
7.121
6.887
5.915
6.999
6.498
6.816
7.200
7.552
6.206
6.875
5.838
6.995
7.134
6.214
6.799
6.228
6.181
7.055
6.427
7.212
6.806
6.916
6.131
6.284
6.322
6.634
7.149
7.367
6.995
6.917
6.259
6.641
7.422
6.707
6.857
6.718
6.671
6.715
6.313
6.650
6.444
7.029
6.805
7.234
7.335
7.471
6.720
6.458
6.927
6.670
6.830
6.515
6.898
7.090
6.711
6.838
7.283
6.650
6.699
6.877
7.185
6.639
6.493
6.698
5.962
6.852
6.910
6.453
6.555
6.397
7.506
6.438
6.515
6.407
6.643
6.429
6.838
7.032
6.699
6.525
6.956
5.762
6.413
6.061
7.308
6.612
7.249
6.469
5.749
6.410
6.271
6.595
7.074
7.390
6.822
6.625
6.704
6.693
6.876
6.089
6.343
6.276
5.536
7.024
6.523
6.036
6.981
6.507
5.782
6.896
6.319
6.510
6.421
6.731
6.497
6.021
6.280
6.352
7.263
6.735
6.121
6.597
6.311
6.416
6.556
6.977
6.890
6.225
5.923
6.761
6.896
6.829
6.322
6.889
6.714
6.436
6.287
6.522
6.343
7.085
6.925
6.503
6.166
6.712
6.287
7.336
6.520
6.408
6.536
6.651
6.672
6.408
7.030
6.384
6.484
6.218
6.329
7.541
6.411
6.741
6.277
6.581
6.501
6.752
6.422
6.261
7.016
6.929
6.410
6.307
6.259
6.297
6.697
6.576
6.338
6.996
6.629
5.976
6.167
6.237
7.437
6.766
6.886
6.865
6.276
6.806
6.475
7.000
6.690
7.006
6.494
6.558
6.310
6.710
6.840
6.440
6.547
6.623
6.772
6.100
6.999
6.849
6.532
6.303
7.154
6.200
6.449
6.893
5.819
6.770
5.604
6.592
6.755
6.199
6.403
6.804
6.332
6.649
6.594
5.720
6.266
6.960
6.824
7.363
6.408
6.468
6.729
6.873
7.050
6.833
6.558
6.459
6.985
6.677
7.150
6.917
7.137
6.295
6.728
7.008
6.073
6.804
7.289
6.243
6.679
6.420
7.279
6.209
6.036
6.788
6.562
6.534
6.579
6.535
6.219
6.807
6.422
6.875
7.126
6.761
6.232
6.817
6.912
6.445
6.874
7.164
6.965
6.167
6.722
5.956
6.304
7.143
6.574
6.753
7.122
6.741
6.364
6.537
6.750
6.714
6.424
6.218
6.868
6.302
6.067
6.692
6.728
6.332
6.359
6.734
6.944
6.941
6.064
6.748
7.163
6.879
6.658
6.616
7.014
7.287
6.314
6.344
6.432
6.823
6.589
6.986
6.868
6.934
6.274
6.701
6.373
5.994
5.926
6.833
7.212
6.275
6.571
6.773
6.708
6.451
6.719
5.951
6.192
6.979
7.360
5.847
6.431
6.673
6.515
7.056
6.588
6.885
6.206
6.732
6.274
6.249
6.271
7.326
6.910
6.289
6.097
7.258
6.260
6.584
6.344
6.769
6.977
6.555
6.853
6.903
6.429
7.141
6.937
7.024
6.049
6.103
6.893
6.572
7.050
7.069
5.767
7.114
7.116
5.941
6.527
6.520
6.883
6.393
6.510
6.814
6.890
7.288
6.472
6.617
6.839
6.821
6.779
7.255
7.157
6.681
6.957
6.466
7.595
6.819
6.643
6.535
6.176
6.215
6.389
6.476
6.921
6.052
6.737
6.660
6.341
6.414
7.364
6.618
6.677
6.705
6.745
6.835
6.583
7.192
6.836
7.079
6.895
6.794
6.495
6.574
7.010
6.406
6.950
5.970
6.075
6.528
6.748
6.849
6.316
6.808
6.400
6.881
6.210
7.011
6.867
6.851
6.578
6.345
5.397
6.492
7.069
6.382
6.163
6.845
6.285
5.692
6.010
6.509
6.892
7.168
6.775
7.226
6.533
6.712
6.790
7.003
6.864
6.712
6.187
6.218
6.980
6.454
6.531
6.163
5.936
6.372
6.612
6.420
6.489
6.358
7.258
6.300
6.433
7.497
6.914
6.610
6.784
6.637
5.863
7.235
6.423
6.837
6.109
6.620
6.315
6.427
6.629
6.710
6.740
6.439
6.694
6.359
6.327
6.907
6.753
6.362
6.675
6.821
6.485
6.348
6.468
6.163
6.448
7.031
6.033
6.701
7.055
6.797
6.672
6.334
6.899
6.339
7.713
6.907
5.962
6.488
6.031
6.430
6.381
6.861
6.655
6.247
6.818
6.450
6.117
6.451
6.251
6.667
7.343
6.343
7.689
6.864
7.612
6.830
5.446
6.634
6.835
6.390
7.029
6.254
7.173
6.721
7.212
6.266
6.664
5.731
5.621
6.957
6.572
6.325
7.098
6.466
6.182
6.494
6.519
6.791
7.122
6.475
6.183
6.328
6.946
6.410
6.590
6.748
6.724
7.401
6.977
6.270
6.832
7.376
6.468
5.788
6.584
6.842
6.426
6.706
7.302
6.341
6.266
6.680
6.425
7.066
6.748
7.303
7.254
6.658
6.411
6.781
6.454
6.979
6.435
6.937
6.403
6.820
6.749
6.567
6.501
6.983
6.471
6.349
6.213
6.161
6.261
6.676
7.027
7.127
7.413
6.025
6.091
6.399
6.492
5.670
6.655
6.488
6.638
6.904
6.542
6.436
7.079
7.360
6.017
7.145
6.706
6.084
6.275
6.170
6.263
7.363
7.130
6.340
6.651
7.148
6.343
6.860
6.407
5.928
6.369
6.942
7.837
7.117
6.048
6.389
7.316
6.733
6.547
6.426
6.472
6.363
6.431
6.566
6.710
6.393
6.195
7.251
6.004
7.077
6.553
6.462
5.959
6.785
6.149
6.666
6.889
7.366
6.533
6.161
6.660
7.151
6.693
6.547
6.905
6.820
6.699
6.220
6.678
7.099
7.213
6.935
6.896
5.918
6.964
6.804
6.725
6.001
6.767
5.987
6.385
6.354
6.288
6.928
6.883
6.545
6.410
6.773
6.511
6.566
6.417
6.340
5.751
6.999
6.603
6.805
7.710
6.571
7.108
6.978
7.033
6.566
6.863
6.690
6.719
6.550
6.353
7.397
6.802
7.190
6.420
7.352
6.697
5.874
6.511
6.738
6.306
6.446
6.525
6.317
6.910
6.559
6.468
6.725
6.655
6.574
7.104
6.534
6.426
7.445
7.106
6.542
7.138
6.774
6.670
6.452
6.289
6.280
6.797
6.516
6.457
6.659
6.330
6.172
6.888
7.201
6.751
6.455
6.550
6.958
6.502
6.548
6.672
6.340
6.185
6.552
6.579
6.738
6.669
6.450
6.891
6.743
7.576
7.038
7.267
6.831
6.710
6.798
6.659
6.846
6.839
6.722
6.401
6.660
6.448
6.133
6.839
6.265
6.390
6.867
6.331
6.581
5.957
6.982
6.676
7.211
6.927
7.143
6.600
6.728
6.555
6.876
7.266
5.968
7.049
6.241
6.571
6.798
6.608
7.033
6.137
6.656
6.381
7.038
6.449
6.506
6.148
7.370
6.370
7.043
6.379
6.815
6.856
6.767
7.455
6.131
6.266
6.878
6.415
7.480
6.329
6.202
6.207
6.570
6.894
7.506
6.773
7.426
6.430
6.640
6.563
6.663
6.521
6.961
6.689
6.447
6.679
6.996
6.376
6.950
6.320
6.313
7.266
6.823
6.867
6.429
7.059
6.500
7.244
6.440
7.073
6.309
6.354
5.744
6.083
6.540
6.448
7.135
7.126
6.473
7.110
6.328
6.926
6.106
6.757
6.590
7.028
6.516
6.895
7.067
6.448
6.268
6.455
6.599
6.763
6.214
6.748
6.720
6.995
7.290
7.256
6.127
6.888
6.706
6.304
7.133
6.926
6.568
6.459
7.188
7.223
6.597
6.353
6.722
6.321
6.458
6.338
6.542
6.010
7.507
6.331
7.206
6.868
7.076
7.348
6.444
6.884
6.222
7.163
6.410
6.053
6.920
7.092
7.176
7.177
6.838
6.237
6.666
6.887
7.363
6.423
6.848
6.391
6.178
6.558
5.598
6.679
6.056
7.152
6.375
7.404
6.561
5.587
6.450
7.093
6.343
7.589
7.105
6.606
6.781
6.867
6.066
6.891
6.215
6.561
6.816
7.037
6.698
6.975
6.361
6.557
6.373
6.257
7.283
6.811
6.461
7.126
6.421
6.375
6.563
6.800
6.506
6.563
6.762
7.007
6.008
6.755
7.091
6.906
6.368
6.564
6.600
6.385
6.534
6.536
6.845
6.345
6.384
6.278
6.959
6.351
6.093
7.262
6.161
6.085
6.228
6.689
5.953
6.942
6.118
7.300
5.817
7.112
6.965
6.817
6.774
7.030
6.473
7.153
6.232
6.698
6.972
6.307
6.652
5.969
6.992
6.681
6.855
6.733
7.162
6.396
7.609
6.394
6.493
7.022
6.973
6.500
6.560
6.114
6.533
6.102
6.678
7.227
7.226
6.358
6.262
6.880
6.569
6.899
6.233
6.705
6.778
6.396
6.440
6.537
6.836
6.402
6.388
6.249
6.573
6.104
7.384
7.137
6.877
5.927
6.488
6.859
5.962
6.990
6.756
6.783
6.310
6.106
7.043
7.358
6.273
6.121
7.150
7.118
6.338
6.993
7.266
7.145
6.896
6.677
6.415
6.932
6.151
6.219
6.811
6.404
6.264
6.573
6.226
7.280
6.367
6.848
7.517
6.377
6.527
5.736
6.813
7.041
6.560
6.753
7.404
6.953
6.665
6.480
6.615
7.170
7.000
6.600
6.804
6.311
6.748
6.202
6.741
6.129
6.938
5.958
6.669
6.961
7.201
6.949
6.723
6.552
6.986
7.139
6.742
7.393
6.125
6.652
6.665
7.005
6.643
6.431
6.870
6.211
7.099
6.501
5.965
6.435
6.890
6.555
6.791
6.407
6.507
6.595
6.788
6.312
6.550
6.135
7.301
6.305
6.008
6.941
6.825
7.205
7.104
7.142
7.067
6.800
6.266
6.967
6.564
6.823
6.299
6.249
6.759
6.870
6.114
6.665
6.968
7.014
6.037
6.137
6.662
6.289
6.815
6.624
7.045
6.673
6.664
6.890
6.512
6.658
6.748
6.612
6.657
7.152
6.847
6.760
7.059
6.485
6.739
7.204
6.268
6.005
6.344
6.151
7.532
6.823
6.170
6.798
6.366
7.043
6.488
6.512
6.637
7.194
6.340
6.242
5.963
6.523
6.897
6.738
7.022
6.170
6.672
7.104
7.033
6.846
6.557
6.931
6.813
6.965
6.790
6.582
6.949
6.191
7.698
6.281
6.173
6.639
6.639
6.819
6.476
7.154
6.714
6.322
6.862
6.046
5.882
6.597
5.750
6.809
7.280
5.857
6.215
6.844
6.263
6.225
6.117
7.129
6.732
5.832
6.468
6.302
6.838
6.313
6.131
7.188
6.826
6.544
6.903
5.976
7.333
7.184
6.890
6.932
6.466
6.824
5.780
6.347
7.087
6.642
6.349
6.407
6.453
6.809
6.764
7.166
6.807
7.287
5.933
6.385
6.548
6.863
6.448
6.018
6.891
6.997
6.641
6.709
6.837
6.270
6.583
6.216
6.948
6.439
6.524
6.495
6.723
6.196
5.876
6.844
6.579
6.358
6.736
7.179
6.071
6.695
7.056
6.994
6.748
7.293
6.316
7.017
6.594
6.628
6.816
7.095
6.822
7.077
6.519
7.233
6.744
6.557
7.095
6.861
6.867
6.273
6.677
6.362
6.118
7.341
6.372
7.283
7.065
6.035
7.174
6.673
6.931
6.388
6.193
6.388
6.666
6.696
6.206
6.982
6.670
7.324
6.548
6.957
6.161
7.125
6.923
7.174
6.439
6.194
5.236
7.011
6.535
6.939
6.516
6.948
6.641
6.736
6.963
6.285
7.061
7.306
6.875
6.180
6.715
6.946
6.685
6.664
6.297
6.374
6.319
6.577
6.404
6.283
6.853
6.468
6.886
6.428
7.065
6.281
6.344
6.273
6.962
6.513
6.819
6.672
6.257
7.035
6.794
6.608
6.868
7.530
6.559
6.503
6.542
7.037
6.863
7.015
7.487
6.308
6.658
6.736
6.776
6.845
6.986
6.739
6.765
6.862
6.200
6.870
6.199
6.525
6.354
6.154
7.096
6.640
6.464
6.923
5.996
6.546
6.796
6.677
6.220
6.318
6.133
6.661
6.097
6.103
6.748
6.817
6.955
6.913
6.833
6.656
6.187
6.764
6.371
6.775
6.241
6.960
6.561
7.422
6.830
7.017
6.734
6.725
6.707
6.387
5.763
6.172
6.293
6.490
6.456
6.661
6.489
6.692
7.150
6.895
7.581
7.156
6.716
6.591
5.928
6.618
6.904
6.800
6.648
6.847
6.543
6.712
6.536
6.851
6.388
5.799
6.724
5.852
6.923
6.502
7.284
6.309
6.484
6.388
6.907
6.870
7.159
6.344
6.891
6.811
7.159
7.121
6.741
6.622
6.733
7.254
6.749
6.763
6.552
5.872
6.024
6.288
6.307
7.140
6.561
6.869
7.366
6.578
6.784
6.195
6.509
6.587
6.587
6.213
6.727
7.205
7.172
6.633
6.618
6.758
6.882
6.543
6.631
6.291
5.924
6.274
6.648
7.241
7.250
6.850
6.400
6.686
7.120
6.898
6.696
6.352
6.937
6.245
6.190
6.601
6.852
6.546
7.033
7.200
6.861
6.459
6.701
7.182
7.274
6.372
6.288
6.440
6.670
6.720
6.481
6.868
6.284
6.281
6.223
6.669
6.390
7.284
6.740
6.061
6.317
6.279
6.998
7.359
6.681
6.480
6.176
6.723
6.450
6.325
6.884
6.345
6.660
7.051
6.965
7.035
6.724
6.760
7.081
7.653
6.597
6.560
6.508
6.984
7.548
6.033
6.399
7.205
6.743
6.436
6.485
6.993
6.672
6.696
6.801
6.929
6.756
5.797
7.455
6.915
6.512
6.340
7.616
7.102
6.494
6.912
6.852
6.482
6.725
6.776
6.222
6.198
6.226
6.514
6.732
6.539
6.524
6.111
6.713
6.260
6.812
7.013
6.732
6.057
6.620
6.385
6.626
7.201
6.445
6.846
6.695
6.537
6.517
6.276
6.925
6.441
6.648
6.983
6.955
6.176
5.935
6.781
6.573
6.679
6.212
6.800
5.986
6.686
6.318
6.337
7.072
5.888
7.116
6.961
6.416
6.369
6.683
6.548
6.853
6.357
6.242
6.117
7.318
7.027
6.623
6.877
6.684
6.965
6.908
5.838
6.755
6.730
6.600
6.562
6.761
6.946
6.608
6.715
6.799
7.401
6.565
5.984
7.419
6.982
6.774
7.046
6.697
6.461
6.017
7.318
6.628
7.043
6.683
6.523
6.841
6.139
6.660
6.840
6.223
6.756
6.928
7.201
6.439
6.315
6.902
6.845
6.771
6.707
6.448
6.771
6.847
6.183
6.787
5.556
6.797
6.624
6.788
6.893
6.942
5.985
6.365
6.808
6.881
6.170
6.433
6.597
5.896
6.491
6.668
6.691
6.261
6.758
6.394
6.327
7.260
6.529
6.510
5.811
6.910
6.723
6.364
6.712
6.679
6.734
7.501
6.474
6.799
6.575
6.861
7.395
6.142
6.869
6.558
6.174
5.511
6.425
7.380
6.287
7.086
6.782
6.388
6.612
7.247
6.705
7.101
6.060
6.875
6.212
6.645
7.054
6.731
6.189
6.464
6.623
7.076
6.886
7.274
6.408
6.566
6.680
7.255
6.927
6.535
6.068
6.356
6.253
6.658
6.365
6.520
6.951
7.006
7.235
6.547
6.830
6.403
7.183
6.487
6.850
6.919
6.207
6.147
6.746
6.152
6.849
6.301
6.341
6.800
6.929
6.324
7.313
6.882
6.971
6.240
6.897
6.174
6.466
6.611
6.903
6.234
6.736
7.532
6.521
6.501
7.036
6.211
6.512
6.676
6.222
6.015
6.031
6.913
6.815
6.299
6.422
7.361
7.127
6.400
6.519
6.977
6.307
5.985
5.914
6.188
6.417
6.733
6.602
6.535
6.726
6.605
6.425
6.316
7.235
6.568
6.735
6.740
6.571
6.148
6.225
7.149
6.591
7.022
6.922
6.889
6.696
5.944
7.158
7.181
6.121
6.366
6.862
5.578
6.292
7.161
6.602
6.239
6.056
6.498
6.643
6.437
5.896
6.303
6.591
6.943
6.227
6.792
7.189
6.859
6.680
6.798
6.446
6.619
6.013
6.304
6.768
6.460
6.036
6.532
6.290
6.325
7.244
6.764
6.881
7.017
6.994
7.145
6.480
6.626
6.943
6.373
6.422
6.551
6.265
7.184
6.520
7.338
6.559
6.464
7.037
6.229
6.034
6.428
6.533
6.186
6.452
6.546
7.278
6.719
6.971
7.160
6.368
6.933
6.629
6.999
6.616
6.833
6.333
6.756
6.235
6.040
6.579
6.771
6.476
6.620
7.166
7.450
6.519
6.875
6.926
7.132
7.073
6.857
6.362
6.813
6.960
6.670
6.783
6.259
6.608
6.988
6.448
6.131
7.354
6.127
6.997
7.093
6.668
6.446
6.581
6.003
6.252
6.353
7.164
6.292
7.071
6.967
6.888
7.126
6.162
6.274
6.799
6.900
6.105
6.885
6.770
7.025
5.931
6.069
6.699
6.828
6.471
5.858
6.432
7.153
5.923
6.283
6.687
6.999
6.386
7.256
6.769
6.728
6.769
6.284
6.547
6.747
7.105
5.798
6.799
7.083
6.600
6.691
6.606
6.611
5.907
7.048
6.663
6.513
6.994
7.123
6.364
6.890
6.560
6.838
6.103
6.380
6.734
6.948
6.523
6.854
6.206
6.593
6.809
6.642
6.658
6.268
6.616
6.551
7.081
6.390
7.061
6.683
7.130
6.499
6.785
6.722
7.387
6.754
6.836
6.328
6.828
6.879
6.850
6.714
6.241
6.066
6.404
7.234
5.616
7.721
5.842
7.234
6.828
6.782
6.056
5.752
6.712
6.151
6.775
6.031
6.517
6.050
6.489
7.482
7.070
6.774
7.194
6.660
6.456
6.550
6.434
6.345
6.545
6.478
6.494
6.683
6.846
6.877
6.606
6.774
6.655
6.482
6.625
6.406
6.500
5.879
6.267
6.696
7.094
6.729
6.942
7.147
6.891
6.180
6.717
6.513
7.066
7.027
6.984
6.438
6.934
7.227
7.187
6.911
7.001
6.537
6.746
6.810
6.448
7.730
6.337
7.187
5.921
6.780
7.026
6.745
6.653
6.966
6.442
6.965
6.511
6.843
6.709
7.037
6.608
7.402
6.832
6.363
6.748
6.209
6.495
6.816
7.188
6.403
6.059
6.369
6.838
6.765
6.850
7.388
6.454
6.233
6.419
6.896
6.518
6.546
6.791
6.041
7.104
6.415
6.806
6.651
7.091
6.483
7.066
6.830
6.722
6.719
7.313
6.413
6.796
7.015
6.109
6.698
6.427
6.882
7.384
6.821
7.428
6.904
6.678
6.527
6.634
6.719
6.731
6.277
7.154
6.768
6.861
6.476
6.750
5.846
6.528
6.517
6.853
7.099
6.971
5.784
6.315
5.970
6.051
6.513
6.772
6.563
6.724
6.682
6.873
6.506
6.326
7.295
6.779
6.454
7.175
6.685
6.484
7.187
6.143
5.991
6.818
6.669
6.405
6.370
6.315
7.191
6.840
6.745
6.424
5.923
6.997
7.154
6.280
7.460
6.440
6.381
6.616
7.489
7.009
6.506
7.223
7.123
6.523
6.353
6.116
6.741
6.706
7.565
6.453
7.014
7.302
6.663
6.692
6.765
6.746
7.079
6.773
6.178
6.737
6.051
7.442
6.729
6.575
6.438
6.886
7.181
7.062
6.422
6.027
6.643
6.251
6.766
6.454
6.783
6.922
7.219
7.053
6.396
6.607
6.657
6.187
6.677
6.536
6.416
7.167
6.410
6.815
6.518
6.303
6.952
6.902
6.579
7.256
7.323
7.036
7.248
6.846
6.647
7.262
6.461
6.915
7.386
6.967
6.318
7.029
6.470
6.851
6.820
6.588
6.269
7.126
6.307
6.929
6.590
7.371
6.807
6.611
6.104
6.806
6.879
6.442
6.273
6.574
7.485
7.081
7.272
6.691
6.943
6.611
6.351
6.814
6.918
6.197
6.460
6.980
6.250
6.375
6.455
7.526
6.952
6.243
6.598
6.588
6.589
6.513
7.433
6.990
6.792
7.056
6.188
6.749
7.026
6.900
6.026
6.305
6.981
6.674
6.968
6.363
6.561
7.070
6.731
6.265
7.059
6.362
6.747
6.059
6.719
6.611
6.054
6.990
6.137
7.362
7.124
7.292
6.615
6.179
6.975
7.553
6.298
6.373
6.611
6.586
6.859
6.634
6.596
6.706
6.371
6.035
6.223
6.348
6.813
6.471
6.606
7.483
6.228
7.199
5.600
6.971
6.841
6.465
6.032
6.531
6.515
5.803
6.753
6.745
6.935
6.713
7.265
6.547
6.750
6.576
7.261
7.242
6.506
6.618
6.231
6.685
6.595
7.301
6.334
7.023
6.668
6.574
7.689
6.848
6.504
6.893
7.406
6.471
6.302
6.446
7.123
6.113
6.690
6.698
6.608
6.579
7.345
6.999
7.096
5.902
6.833
6.644
6.722
7.310
6.145
6.615
6.393
6.087
6.842
7.575
6.077
7.132
6.435
6.841
6.421
6.774
6.551
5.953
6.759
6.443
6.960
6.121
6.680
7.011
6.451
7.158
6.113
6.331
6.582
6.461
6.085
6.903
6.894
6.749
7.114
5.995
6.558
7.226
6.325
6.536
6.075
6.532
6.531
7.247
6.590
6.474
6.724
7.322
6.520
6.523
6.440
7.177
6.858
6.584
6.368
6.520
5.941
6.997
7.074
6.660
6.950
5.521
6.317
6.204
6.775
6.614
6.745
6.168
7.107
6.669
6.763
6.916
6.943
6.349
6.713
6.663
7.085
6.405
6.140
6.746
6.090
6.532
6.801
6.066
6.512
6.436
6.791
6.235
6.897
6.834
6.693
5.977
6.994
6.524
7.170
6.592
7.521
6.364
6.453
6.840
6.964
6.356
6.552
6.507
6.820
6.793
6.958
6.132
6.686
6.442
6.606
6.895
6.105
6.608
6.048
6.547
6.142
7.075
6.508
6.820
6.631
6.459
6.768
6.112
6.886
6.508
6.855
6.394
6.837
7.026
6.771
6.887
6.928
6.748
6.120
6.677
6.882
6.751
6.984
5.918
6.153
6.510
6.502
6.480
6.017
6.843
6.796
6.168
6.393
6.641
6.207
6.733
7.792
6.431
5.917
6.814
6.375
6.574
7.065
6.703
6.437
6.726
7.006
7.450
6.901
6.559
5.924
6.571
5.773
6.321
6.284
7.168
7.143
6.733
7.459
6.032
6.727
6.254
7.198
7.123
6.607
6.072
6.610
6.672
6.011
6.420
6.685
6.998
7.025
7.020
5.997
6.093
6.572
6.982
6.513
5.954
6.680
6.372
6.962
6.751
6.329
6.218
6.860
6.647
6.336
6.799
6.714
6.145
7.291
6.288
6.382
6.976
6.888
6.557
6.235
6.691
6.459
6.687
6.543
6.766
7.426
6.832
6.216
6.997
6.748
6.475
6.775
6.773
7.150
6.903
6.421
6.406
6.439
6.798
6.577
6.584
6.667
6.865
6.184
6.353
6.639
6.667
6.950
6.650
6.631
6.835
7.289
6.940
6.159
6.859
6.764
5.970
6.175
7.039
7.207
6.479
6.850
6.450
6.718
7.154
7.065
6.045
6.918
6.813
6.000
6.617
6.291
7.352
6.548
7.523
6.613
6.822
6.510
7.190
6.611
7.152
6.841
6.703
7.028
6.463
6.523
6.845
6.177
6.490
7.146
6.732
6.627
7.266
6.592
6.093
6.678
7.097
6.795
7.011
6.658
6.702
6.803
6.306
6.437
6.615
6.841
6.637
7.324
6.699
6.626
7.108
6.140
6.815
6.738
7.017
7.435
6.567
7.080
6.632
7.206
6.256
7.169
6.311
7.145
5.950
6.552
6.043
6.747
6.306
6.396
6.735
7.249
6.609
6.750
6.709
6.064
6.296
6.815
6.937
6.760
6.334
6.535
6.984
7.449
6.791
7.186
6.208
6.627
6.582
6.490
6.759
6.494
6.482
6.813
7.750
6.178
7.022
6.765
7.307
5.718
6.352
6.612
7.370
6.373
5.850
6.710
6.631
6.780
7.054
6.315
7.207
6.493
6.670
6.622
6.269
6.311
7.045
7.274
6.422
6.345
6.744
6.174
6.696
7.042
6.696
6.120
6.999
6.527
6.793
6.309
6.601
6.297
7.476
7.156
6.331
7.031
6.255
6.295
6.630
7.146
6.551
6.515
5.763
6.106
6.102
6.992
6.814
6.365
7.660
6.335
6.999
6.223
6.623
6.971
7.030
6.589
6.200
6.577
6.267
5.953
6.402
5.574
6.343
6.749
6.676
6.314
6.817
6.327
6.350
6.405
7.370
7.152
6.596
6.563
6.824
6.801
6.857
6.925
6.592
6.165
7.202
6.353
6.211
7.002
6.793
6.789
6.285
6.644
6.347
7.131
6.644
7.025
6.231
6.271
6.814
7.216
7.098
6.832
6.098
6.925
5.953
6.019
6.520
5.943
6.904
7.093
6.615
6.764
6.659
6.284
6.015
7.142
6.539
6.811
6.100
6.553
6.528
7.289
6.525
6.449
5.896
6.783
5.811
6.331
6.929
6.787
7.389
6.300
6.809
6.565
6.374
5.884
6.722
6.214
6.799
6.264
6.121
5.746
6.465
6.583
7.060
6.401
6.517
5.725
5.680
6.941
6.146
6.850
6.336
6.464
6.876
6.053
6.863
6.881
6.721
6.469
7.000
6.962
6.197
5.961
6.247
6.844
7.146
6.678
6.859
6.580
6.183
7.293
6.643
6.557
5.672
6.498
7.076
6.613
6.765
6.221
6.289
7.730
6.985
6.782
6.803
6.485
6.169
6.168
7.405
6.917
6.453
6.570
6.566
6.777
6.530
7.222
6.413
6.603
6.402
6.593
6.761
5.933
5.976
6.538
6.385
6.455
6.672
6.223
6.669
6.427
6.792
6.723
7.117
6.932
6.787
5.835
6.103
6.391
6.082
6.367
6.480
6.926
6.957
6.552
7.043
6.399
6.561
6.596
6.744
7.164
6.667
6.606
7.113
6.360
7.280
6.821
7.013
6.592
6.330
6.714
6.709
6.335
6.679
6.647
6.215
6.648
7.096
6.231
7.073
5.936
7.152
6.416
7.032
6.692
6.883
6.830
7.560
6.031
6.796
6.368
6.776
6.436
5.700
6.249
6.254
6.413
6.019
6.526
6.142
6.751
6.567
5.945
7.411
6.343
6.920
6.323
6.586
6.628
6.322
7.010
6.043
6.697
6.573
6.480
6.839
6.355
6.404
7.039
6.520
7.204
7.366
6.910
7.090
6.433
6.616
7.087
5.960
6.549
6.239
6.937
7.012
6.132
6.161
6.548
6.340
7.045
7.062
6.223
6.931
5.994
7.021
7.151
6.292
6.556
6.193
6.764
6.401
6.607
6.383
6.713
5.887
7.097
6.964
6.054
7.281
6.645
6.789
6.519
6.388
6.400
6.325
7.040
7.208
6.689
6.190
7.063
7.025
6.617
6.319
6.237
7.098
7.383
7.546
6.408
6.263
6.140
6.115
6.655
7.319
6.849
6.673
7.208
6.361
6.641
6.717
6.682
6.967
6.983
6.843
6.274
6.495
6.254
7.337
5.888
6.538
6.721
6.229
6.556
6.585
6.240
6.179
6.878
6.407
6.822
6.031
6.383
7.359
7.317
7.173
6.718
6.265
6.357
6.335
6.202
7.229
5.919
6.162
7.157
6.854
6.954
5.951
6.556
6.525
6.368
6.636
6.779
6.607
6.941
6.626
7.288
6.804
7.296
6.782
6.729
6.275
6.634
6.669
6.595
6.473
5.889
6.688
6.176
6.534
7.214
6.541
6.393
6.201
6.730
6.547
6.609
6.295
6.458
6.873
6.196
6.084
6.749
6.174
5.975
6.479
6.347
6.255
6.251
6.338
5.966
6.932
6.117
6.405
7.341
7.718
6.830
7.099
7.443
6.868
7.179
6.256
6.716
6.540
6.474
5.681
7.041
6.406
7.410
6.379
6.505
6.479
6.821
5.083
6.937
5.805
6.899
5.858
6.611
6.577
6.581
6.854
6.459
6.203
5.513
7.163
6.989
5.983
6.419
6.667
6.258
6.189
7.093
6.425
6.150
6.479
6.682
6.721
6.088
6.669
7.288
6.769
6.423
6.243
6.824
6.956
7.037
6.732
6.911
6.430
6.911
6.018
6.681
6.533
7.263
6.166
6.934
6.389
6.654
6.408
6.568
5.705
6.136
6.329
7.113
6.615
6.719
5.828
6.423
6.040
6.877
6.349
6.612
6.508
7.129
7.297
5.758
6.399
6.210
6.383
6.122
6.271
6.456
6.603
6.815
6.769
6.667
6.562
7.263
6.254
6.269
6.812
7.006
5.543
7.557
6.250
6.860
6.711
6.504
6.523
6.673
7.478
6.592
6.639
7.149
6.797
6.718
6.809
6.937
6.816
7.224
6.950
6.587
6.167
5.702
6.103
6.768
7.105
6.532
5.569
5.886
6.626
6.419
6.305
6.985
6.255
6.444
6.390
6.406
7.002
7.045
6.893
6.010
6.211
6.059
6.881
6.706
6.827
6.355
6.842
7.095
6.996
6.581
6.506
6.248
6.792
6.762
6.766
7.420
7.053
6.130
6.754
6.087
7.098
6.411
6.370
6.913
6.309
7.405
6.770
7.088
7.309
6.777
6.440
6.430
6.062
7.073
6.478
6.278
6.826
6.466
6.525
6.887
6.763
7.167
7.072
6.249
6.218
7.061
6.450
7.101
6.340
6.954
6.689
6.744
7.351
6.343
7.005
6.406
5.923
6.873
6.334
6.691
6.206
6.600
6.828
5.900
6.477
6.425
6.827
6.550
6.433
7.373
6.679
6.859
6.144
6.912
6.657
6.829
7.016
6.909
6.647
6.700
7.080
6.164
6.199
6.379
6.705
6.455
6.770
6.641
6.744
6.436
6.174
6.087
6.059
7.361
7.115
6.898
6.666
7.306
6.474
6.468
7.423
6.922
6.753
6.495
5.765
6.280
6.753
6.128
6.720
6.934
6.147
6.743
6.572
8.099
7.210
6.873
7.365
6.994
6.193
6.980
6.587
6.393
6.683
6.569
6.489
6.669
7.484
6.789
6.102
6.658
6.472
6.437
6.601
6.838
6.747
6.843
6.752
6.329
6.760
6.644
6.867
6.180
6.471
6.373
6.896
6.714
5.959
7.022
6.556
6.075
7.402
6.780
6.877
6.363
6.407
6.868
6.605
6.791
6.798
6.087
6.571
7.012
7.158
6.895
7.017
6.627
6.658
6.860
6.770
6.670
6.799
5.773
6.475
7.186
6.066
6.720
6.733
7.095
6.039
6.187
6.938
6.742
6.395
6.600
6.470
6.437
6.719
6.385
6.593
6.562
6.901
6.880
6.480
6.604
6.299
6.483
6.633
6.502
6.803
7.273
6.666
6.379
5.621
6.575
6.955
5.682
6.440
7.050
6.875
5.602
7.117
7.297
6.293
6.846
6.748
7.206
6.437
6.881
6.176
6.659
5.706
6.584
6.852
6.946
7.155
6.849
6.450
6.636
6.578
7.148
6.714
7.030
6.327
6.457
6.156
5.579
6.907
5.951
6.505
6.350
6.199
6.419
7.174
7.100
6.621
7.003
7.438
6.590
6.380
6.496
6.194
6.509
6.985
6.833
6.233
7.152
6.184
6.268
6.896
6.852
7.183
6.544
7.201
6.275
6.405
7.300
7.720
6.620
6.291
5.846
6.943
6.719
7.243
6.626
7.025
7.819
6.216
5.907
6.542
6.079
6.564
6.534
6.452
6.623
6.352
6.784
6.338
6.293
6.232
6.920
6.276
7.051
6.628
6.400
6.550
7.295
6.169
6.688
6.560
6.748
6.535
6.880
6.513
7.356
6.590
6.671
6.237
6.373
7.018
6.006
7.101
6.611
6.529
6.890
6.742
7.583
6.335
6.414
6.754
6.712
6.793
6.259
6.713
6.319
6.566
7.258
7.399
6.835
6.220
7.004
6.516
6.557
6.859
6.672
6.380
5.938
6.197
6.158
6.542
7.007
6.862
6.378
6.742
6.220
6.158
6.098
6.930
6.083
6.939
6.793
6.693
7.062
5.655
6.479
5.662
6.478
6.264
6.792
6.416
6.947
6.543
6.433
6.347
6.475
6.420
7.277
6.874
7.163
7.162
6.748
6.963
6.803
6.926
7.145
6.665
6.995
6.955
6.569
6.524
6.712
6.784
6.776
6.717
7.248
6.603
6.895
6.319
6.492
7.110
6.002
6.554
6.395
6.458
6.921
7.120
6.857
6.384
6.755
6.960
6.302
6.438
6.995
7.052
6.063
6.966
7.031
6.621
6.637
6.504
6.284
7.472
6.748
6.789
6.684
6.649
7.467
5.846
6.498
7.132
6.482
6.020
6.585
7.066
6.591
6.258
6.655
6.017
6.939
5.856
6.401
7.332
6.174
6.126
6.440
6.786
6.466
7.160
6.377
6.451
6.826
6.195
6.713
6.634
6.236
5.618
6.968
7.554
7.186
6.526
6.445
7.289
6.763
6.599
5.963
7.746
6.533
7.060
5.951
6.473
6.877
6.660
6.399
6.803
5.831
6.370
7.556
6.615
6.377
6.871
6.153
6.435
6.466
6.665
6.307
6.111
6.901
6.714
6.724
6.990
7.130
6.430
6.811
6.429
6.333
7.357
6.066
5.866
6.501
6.556
6.878
6.304
6.453
6.463
7.333
6.959
6.763
7.025
6.457
6.491
5.951
6.474
6.772
6.754
6.612
7.229
7.096
6.346
6.870
6.437
6.963
6.515
6.885
6.442
6.262
6.712
6.582
6.315
6.858
5.896
6.394
6.436
6.722
5.537
7.103
6.975
6.906
7.055
6.516
7.510
6.021
6.490
6.651
6.731
6.706
6.527
6.527
7.250
7.001
6.768
6.831
7.545
6.549
6.406
6.592
6.966
6.918
6.582
6.266
6.993
6.107
5.968
6.950
7.002
6.677
6.039
6.684
6.741
7.095
6.676
6.640
6.980
6.812
6.694
7.244
7.306
6.900
6.616
7.006
5.338
6.589
6.666
5.909
6.842
7.089
6.329
7.290
6.571
6.840
6.284
6.942
7.007
5.834
6.459
6.583
7.075
6.176
6.356
6.880
6.943
6.977
6.172
6.772
6.457
7.575
6.504
6.602
6.584
6.874
6.444
6.342
6.748
6.281
6.889
6.607
6.338
6.669
6.810
6.007
6.696
6.473
7.107
7.287
6.613
6.163
6.214
6.077
6.790
6.960
6.705
6.648
6.913
6.845
6.442
6.810
6.615
7.016
7.294
6.825
6.765
6.303
6.784
6.051
6.388
7.064
6.868
7.173
6.546
6.250
7.473
6.599
5.938
6.821
6.656
7.380
6.202
6.417
6.953
6.385
6.372
6.719
6.584
6.581
6.604
5.710
6.554
7.126
6.267
6.685
6.640
6.367
6.582
6.211
6.424
6.095
6.495
5.877
6.973
6.847
6.677
6.548
7.334
6.515
6.313
7.122
6.557
6.799
6.856
6.491
6.861
6.853
6.446
6.461
6.613
6.727
6.460
6.298
6.692
7.120
6.406
6.076
6.879
6.661
6.447
6.673
6.836
5.341
6.735
7.079
6.514
7.266
6.573
6.974
6.694
7.265
6.832
6.277
6.396
6.910
6.426
6.189
6.528
6.432
7.175
6.613
7.129
6.857
6.326
6.511
6.921
6.741
6.366
7.064
5.893
5.887
6.216
7.114
6.547
6.642
6.236
6.019
6.267
6.579
7.464
6.628
6.769
6.562
6.927
7.167
6.244
6.220
6.628
6.535
6.347
6.644
7.816
7.059
5.963
6.990
6.440
6.186
7.013
6.836
6.464
5.616
6.608
6.050
6.564
6.454
6.628
6.623
6.826
6.974
6.583
6.493
7.030
7.125
6.806
7.036
7.101
7.216
6.681
6.434
6.712
6.696
6.792
7.191
6.830
6.554
6.554
6.809
6.643
6.823
6.875
7.059
7.165
6.826
7.048
6.623
6.846
6.197
7.166
5.859
6.977
6.608
6.745
6.656
6.313
6.539
6.951
6.445
7.237
7.164
6.754
6.300
6.890
6.515
6.395
6.087
6.180
6.522
7.351
6.126
6.394
7.277
6.866
5.921
6.427
6.377
5.629
6.336
7.065
6.955
7.565
6.095
6.364
6.385
6.885
6.684
6.739
6.937
6.602
6.822
6.384
7.002
6.977
6.674
6.485
6.308
6.708
6.853
6.652
6.199
6.164
6.504
7.203
6.450
6.783
6.802
6.906
6.792
6.379
6.675
6.578
6.668
7.075
6.340
6.354
7.302
6.906
7.515
7.338
6.497
7.450
7.629
7.144
6.894
7.021
6.273
6.789
6.910
6.499
5.985
6.807
6.755
6.792
6.490
6.752
6.866
6.710
7.057
7.180
7.639
6.829
6.879
6.410
6.503
6.932
6.926
6.004
6.794
6.610
6.818
6.748
7.089
7.219
6.368
7.594
7.264
6.397
7.004
6.376
6.736
6.798
6.084
7.257
6.237
6.400
6.261
6.813
6.648
7.560
6.590
6.158
6.477
6.616
6.161
6.319
6.436
6.356
6.290
6.355
7.158
6.720
6.385
6.831
6.491
7.526
6.231
6.710
7.160
6.625
6.436
5.793
7.078
7.185
7.044
6.429
7.156
6.405
7.387
7.090
6.031
6.687
6.905
6.209
6.545
6.379
6.362
6.439
6.906
6.721
6.382
6.849
6.616
5.854
6.915
6.581
6.663
6.474
6.353
6.836
6.214
6.335
6.567
6.845
6.680
6.338
6.492
6.642
7.250
6.676
6.724
6.592
6.602
7.029
6.491
7.098
6.488
6.448
6.057
6.892
6.659
6.736
6.125
6.847
6.633
6.679
6.694
6.633
6.814
6.707
6.037
6.453
6.129
7.112
6.742
6.228
6.857
5.809
7.171
6.493
7.723
6.744
5.934
6.639
7.386
6.220
6.883
6.270
6.940
6.076
7.128
6.746
6.177
7.017
6.597
6.485
6.669
6.271
6.996
7.004
6.679
6.234
6.322
6.810
6.902
7.075
6.862
7.617
6.642
6.605
6.544
7.584
6.814
6.882
7.045
6.852
6.522
6.408
6.898
6.725
6.782
6.367
7.055
6.799
6.809
6.466
7.078
6.714
6.937
6.312
6.394
6.700
6.611
6.433
6.696
6.932
6.680
6.528
6.122
6.814
7.265
6.522
6.783
6.892
6.862
6.241
6.358
6.533
6.843
6.542
6.710
6.299
6.031
7.282
6.670
5.895
6.612
6.122
6.387
6.236
6.786
6.415
6.298
6.636
6.719
6.258
6.305
6.881
6.930
6.344
6.490
6.983
7.222
6.895
7.134
7.134
6.034
6.844
5.970
6.718
6.329
6.523
6.500
6.727
6.546
6.082
6.382
6.810
6.170
6.588
6.563
6.612
6.675
6.598
6.178
6.873
6.627
7.144
6.711
7.076
7.100
6.443
5.961
6.273
6.785
6.251
6.536
6.035
6.785
6.801
6.776
6.488
6.452
7.261
6.724
6.884
6.167
6.662
6.812
6.558
6.753
6.158
6.225
7.149
6.433
6.412
6.716
6.554
7.208
6.384
7.048
6.542
6.055
6.378
6.456
6.662
6.819
6.209
6.462
7.196
7.046
6.934
7.013
6.643
6.538
6.483
7.033
6.143
6.654
6.856
6.429
5.713
6.343
6.924
6.975
6.703
6.374
6.939
6.129
7.594
6.285
6.604
7.169
6.564
7.491
6.905
7.271
6.648
6.275
6.136
7.216
6.366
6.978
6.493
6.690
6.476
6.646
6.657
6.597
6.630
6.610
6.987
7.946
6.520
6.428
6.543
6.779
6.461
6.187
6.097
6.577
6.140
6.275
6.547
6.362
6.714
6.217
7.414
6.714
5.889
6.781
6.763
7.039
6.525
6.397
6.062
6.835
7.000
7.144
6.708
7.113
6.927
5.903
6.805
6.595
7.653
6.484
7.135
6.929
6.641
6.583
6.539
7.021
6.788
6.191
6.005
7.155
6.966
7.364
7.119
6.875
6.968
6.452
6.542
6.333
7.009
6.981
7.101
7.175
6.506
6.059
6.766
6.707
7.176
6.916
6.801
6.796
6.466
6.805
6.640
6.871
5.918
6.834
6.660
6.335
7.276
6.371
6.782
6.487
6.398
6.942
6.241
7.178
7.003
6.574
6.971
6.349
7.065
6.512
6.558
6.743
6.846
7.253
6.432
6.506
6.643
6.168
6.719
6.188
6.859
7.055
6.256
7.050
7.074
6.880
6.357
6.862
6.443
6.465
7.012
6.760
6.490
6.151
6.703
6.435
6.491
6.797
6.071
6.781
6.583
6.363
6.296
5.917
5.660
6.239
6.444
7.155
6.790
6.780
6.195
6.685
6.726
6.537
6.865
6.698
6.325
6.633
6.219
6.868
6.875
6.316
6.568
6.141
6.442
6.543
6.184
5.960
6.555
6.712
6.448
7.296
6.419
6.493
6.847
6.284
6.480
6.055
6.910
6.492
5.916
5.974
7.408
6.108
6.963
6.406
6.519
6.686
7.253
6.662
7.727
6.946
6.867
6.976
6.474
7.508
6.381
6.584
6.637
7.426
7.283
6.693
7.358
7.131
6.375
7.225
6.928
6.781
6.433
6.990
6.854
6.853
6.372
6.781
6.709
6.407
6.634
6.131
6.950
6.055
6.676
6.664
6.156
6.880
6.460
6.815
6.518
6.213
