94.58 98.87 61.86 41.11 7.50 32.25 94.32 107.34 101.48 75.50 9.02 88.29 40.10 28.42 65.80 50.14 103.62 63.49 63.90 90.00 97.47 18.45 61.18 19.74 29.95 9.54 54.42 92.47 42.07 117.73 79.71 31.03 30.14 98.86 71.65 95.88 29.12 29.74 61.37 51.42 38.99 18.24 65.05 93.02 29.84 57.39 29.72 7.15 39.97 29.20
29.86 99.49 65.55 19.12 97.84 49.94 61.21 91.46 30.44 74.08 62.97 9.82 111.40 29.44 62.39 61.08 41.16 9.40 9.42 41.01 106.06 6.88 30.42 20.15 46.30 89.14 84.26 89.30 90.86 107.08 60.36 96.74 62.76 98.35 97.80 102.19 32.89 106.15 90.51 89.36 97.40 19.36 65.63 41.45 19.58 57.70 9.09 55.90 51.08 65.72
101.90 61.58 40.51 98.84 58.43 85.84 106.66 41.05 8.90 60.88 30.10 7.71 10.04 113.52 20.90 31.65 30.67 89.17 85.97 102.03 65.86 7.81 8.12 7.26 50.76 8.24 85.83 50.19 62.64 65.22 65.26 49.98 106.33 49.84 57.96 61.84 106.23 20.26 49.93 108.10 59.67 8.41 74.37 49.53 96.81 8.71 93.84 83.47 53.39 69.62
32.91 37.88 30.78 61.77 51.02 42.74 94.51 93.09 74.22 97.81 28.89 8.68 20.49 62.54 82.89 53.74 52.10 84.52 110.75 74.35 8.64 106.48 19.38 97.01 70.54 8.99 98.57 76.60 80.71 91.61 99.15 92.04 9.47 90.46 88.50 29.64 63.37 43.09 65.54 85.24 52.20 96.05 92.59 29.88 88.06 18.84 40.10 48.01 92.70 104.46
9.38 19.51 79.49 41.94 55.60 39.32 74.49 43.96 64.92 40.99 73.40 30.53 36.35 40.86 73.99 109.93 68.10 100.69 76.15 9.23 38.95 51.64 87.33 65.47 76.81 18.91 29.21 104.72 7.41 98.30 8.69 111.55 78.01 54.31 9.17 20.53 74.77 75.13 83.60 71.78 84.49 19.18 8.81 55.84 9.95 21.16 10.18 31.22 18.72 95.14
9.15 62.01 51.90 63.07 75.18 80.18 109.52 62.30 9.64 84.92 74.24 91.37 21.45 19.30 55.67 21.22 8.34 44.37 74.15 7.83 113.95 8.19 30.48 90.18 70.43 30.50 70.44 18.66 8.27 98.29 51.34 63.15 100.93 103.33 101.32 38.94 63.39 18.72 50.13 7.48 60.47 101.91 77.34 29.85 50.97 85.68 61.08 40.53 8.24 109.59
74.63 72.44 53.94 61.17 30.77 63.42 48.65 77.90 68.26 30.60 61.72 78.01 89.26 89.89 97.57 35.97 6.41 6.94 69.10 53.71 75.83 88.87 8.40 48.79 71.36 79.64 8.08 60.14 40.95 30.82 96.39 95.58 76.82 69.15 18.74 9.42 106.22 86.27 19.40 101.93 63.67 51.82 71.78 98.15 48.48 30.16 41.40 30.68 41.49 84.71
105.65 30.95 93.37 71.18 6.95 50.90 85.84 41.21 72.87 8.73 18.77 85.81 62.73 89.11 73.32 62.15 18.82 91.58 52.81 66.48 98.01 113.55 64.63 18.53 83.39 98.66 91.07 110.41 42.48 98.08 70.23 66.10 31.05 108.72 97.08 52.53 100.51 75.79 9.24 17.64 62.40 50.75 64.57 62.81 32.94 9.81 40.21 83.36 100.10 100.94
63.00 72.73 88.33 39.02 17.43 40.47 49.81 8.51 101.71 9.96 86.79 20.16 50.44 106.25 48.09 95.14 30.36 19.77 63.49 106.00 82.74 38.03 29.05 7.33 8.15 79.68 41.58 49.17 65.00 53.18 30.27 32.03 75.37 40.39 31.08 76.12 40.04 80.13 57.65 101.35 94.24 18.55 6.90 65.36 41.36 84.42 77.94 43.20 41.38 41.92
69.56 31.73 41.05 71.56 87.92 78.20 108.38 16.95 30.38 72.63 88.74 97.89 68.78 116.55 91.38 71.82 97.12 19.02 77.50 30.75 76.37 40.64 72.08 31.20 104.45 65.80 87.58 96.70 38.75 51.86 100.29 88.61 78.71 40.08 61.87 19.32 76.65 65.39 98.77 94.79 95.90 48.72 17.89 105.74 73.95 40.05 72.86 51.10 18.75 105.75
