-959.91 -994.01 -630.98 -421.30 -83.83 -333.78 -952.28 -1084.97 -1025.89 -767.34 -101.59 -891.84 -413.88 -296.28 -666.54 -515.81 -1046.15 -640.66 -647.97 -906.98 -986.80 -197.27 -623.45 -207.24 -308.28 -107.88 -557.02 -934.73 -429.07 -1182.81 -808.20 -322.90 -312.33 -999.60 -727.42 -967.29 -302.49 -303.71 -624.33 -526.99 -399.21 -191.66 -661.13 -940.70 -308.79 -580.67 -307.39 -76.23 -411.86 -305.37
-307.92 -1008.02 -669.15 -201.73 -986.30 -508.61 -621.99 -926.18 -316.65 -757.76 -638.18 -109.99 -1123.50 -300.68 -631.64 -617.76 -419.11 -106.78 -105.89 -419.53 -1072.29 -74.92 -314.77 -212.27 -472.01 -901.92 -853.83 -903.78 -919.59 -1080.19 -616.44 -979.87 -636.56 -993.78 -986.51 -1035.28 -341.57 -1074.13 -918.86 -903.95 -985.74 -203.71 -668.38 -425.11 -207.57 -587.52 -101.36 -565.94 -520.63 -665.07
-1030.03 -626.88 -415.88 -1000.76 -593.25 -869.99 -1073.68 -416.90 -100.86 -621.43 -310.32 -85.10 -106.52 -1144.51 -217.79 -326.40 -318.26 -901.25 -871.95 -1032.12 -670.96 -87.82 -89.63 -80.35 -515.21 -90.81 -868.50 -511.94 -637.47 -662.55 -664.48 -511.55 -1075.19 -509.23 -588.05 -627.48 -1074.24 -212.72 -513.92 -1092.62 -605.63 -93.33 -753.73 -505.75 -979.50 -98.47 -945.25 -842.56 -546.73 -709.16
-341.98 -387.87 -319.05 -626.29 -524.29 -441.06 -955.33 -941.12 -751.65 -987.88 -299.76 -97.25 -212.30 -635.84 -839.76 -549.29 -532.98 -856.71 -1120.42 -752.24 -97.86 -1077.93 -205.28 -980.87 -716.06 -101.49 -998.27 -776.29 -821.62 -926.97 -1000.25 -928.21 -107.71 -917.94 -896.70 -305.78 -644.31 -442.11 -665.55 -862.79 -533.00 -969.90 -936.05 -310.62 -891.97 -198.07 -409.31 -486.14 -936.40 -1051.38
-108.16 -204.98 -800.90 -430.24 -567.83 -404.14 -754.90 -451.94 -658.05 -420.40 -749.00 -316.83 -374.87 -419.10 -752.05 -1109.32 -690.50 -1017.75 -771.46 -103.43 -401.52 -527.02 -882.64 -662.43 -780.01 -198.41 -302.88 -1057.84 -83.85 -995.47 -97.41 -1131.23 -790.40 -556.03 -99.43 -221.22 -763.06 -763.96 -845.10 -724.71 -852.50 -201.23 -98.06 -570.65 -112.55 -222.32 -114.32 -320.77 -196.17 -962.13
-103.09 -632.78 -528.57 -640.21 -760.11 -810.42 -1105.08 -633.04 -109.96 -858.00 -751.15 -920.47 -225.14 -203.40 -569.65 -221.06 -93.60 -456.20 -754.78 -86.32 -1144.09 -90.36 -317.18 -913.87 -715.44 -315.19 -714.75 -200.39 -94.30 -994.73 -521.94 -645.49 -1019.24 -1043.86 -1024.01 -399.19 -642.66 -195.82 -508.19 -82.68 -612.82 -1028.64 -779.19 -309.38 -520.98 -865.88 -617.54 -415.74 -91.69 -1107.63
-756.46 -731.54 -550.71 -617.97 -315.64 -647.72 -497.27 -788.29 -692.33 -317.80 -629.01 -792.06 -903.35 -906.46 -984.30 -368.05 -69.81 -75.24 -701.72 -544.95 -767.41 -897.16 -96.51 -498.53 -722.92 -808.07 -92.28 -612.19 -421.20 -321.25 -974.27 -968.05 -779.48 -701.53 -197.48 -108.29 -1075.59 -875.05 -206.00 -1031.82 -643.88 -527.72 -725.45 -990.03 -497.35 -313.79 -423.33 -317.98 -425.70 -859.84
-1068.60 -321.39 -945.76 -720.34 -75.73 -519.95 -869.18 -425.84 -741.79 -97.99 -198.05 -868.58 -641.65 -899.40 -744.18 -634.18 -196.53 -921.98 -538.39 -673.98 -987.67 -1149.42 -658.73 -193.82 -847.37 -995.98 -920.48 -1114.23 -435.24 -992.38 -715.05 -669.75 -324.83 -1100.84 -982.19 -536.80 -1015.65 -770.60 -103.16 -185.17 -634.11 -513.93 -653.69 -638.75 -338.83 -110.46 -412.41 -846.91 -1015.20 -1025.97
-641.73 -736.96 -896.06 -403.84 -186.83 -420.05 -509.14 -96.28 -1026.48 -112.41 -876.96 -209.36 -516.20 -1076.24 -487.08 -962.40 -317.42 -212.34 -644.48 -1070.89 -839.22 -388.67 -299.85 -79.81 -91.12 -804.17 -430.14 -501.94 -661.05 -546.43 -317.27 -327.53 -761.84 -412.56 -318.00 -770.37 -411.24 -814.50 -587.07 -1023.86 -956.82 -196.08 -77.84 -664.57 -425.91 -851.57 -790.32 -444.25 -425.89 -432.64
-704.71 -327.39 -422.04 -730.48 -892.53 -793.44 -1091.49 -179.65 -314.91 -736.08 -901.40 -989.38 -697.08 -1175.02 -925.20 -729.80 -983.94 -197.51 -785.25 -320.84 -780.32 -419.15 -731.48 -324.09 -1057.44 -670.54 -886.92 -977.33 -396.31 -530.00 -1015.44 -900.33 -801.38 -409.27 -630.89 -204.79 -779.30 -665.70 -1000.61 -959.44 -968.54 -499.60 -192.04 -1067.19 -752.33 -408.97 -737.68 -518.41 -199.17 -1068.67
