1.679
7.090
7.147
7.274
7.423
8.619
7.026
8.227
7.965
7.025
7.452
7.956
8.168
7.807
7.592
7.198
7.350
7.600
7.494
6.930
7.680
8.072
7.935
7.634
7.277
7.031
7.576
8.052
7.872
7.522
7.421
7.988
6.837
7.992
7.963
7.586
7.728
7.943
7.514
7.744
7.318
7.368
6.982
7.026
7.642
7.294
7.094
8.071
7.739
7.775
7.146
7.117
7.365
7.560
7.231
7.546
7.291
6.825
7.189
7.104
7.283
8.035
7.428
7.281
7.406
7.565
7.204
7.554
7.197
6.722
7.225
7.462
7.083
6.444
7.359
6.974
7.255
6.827
7.310
6.544
7.547
7.046
7.140
7.642
7.190
6.538
6.901
7.277
6.515
7.423
6.595
6.543
6.890
7.166
7.925
6.459
7.898
6.541
6.775
6.683
6.457
6.914
7.201
7.592
7.341
6.819
6.547
6.551
6.511
7.045
6.018
6.409
6.721
7.085
6.352
6.996
6.018
6.845
6.481
6.241
6.741
6.698
5.899
6.535
6.541
6.688
6.713
6.679
6.157
6.042
5.969
6.312
6.041
6.224
6.075
6.703
6.730
5.884
6.318
5.997
5.983
6.073
5.630
5.751
6.076
6.162
5.944
6.232
5.501
6.382
5.567
6.551
5.954
6.000
5.510
5.803
7.040
6.021
5.929
5.603
6.166
5.264
6.266
5.471
5.958
6.421
5.876
6.645
5.979
5.817
5.125
6.396
5.228
5.652
4.999
5.034
6.177
5.845
5.114
5.072
6.182
5.807
5.257
5.001
5.853
4.718
6.440
5.225
5.025
6.116
5.952
5.182
6.065
5.372
5.856
5.631
5.453
5.805
5.273
5.397
5.171
5.522
5.339
5.674
4.970
4.993
5.511
5.221
4.879
5.061
5.449
5.419
5.352
4.788
4.836
5.441
5.364
5.303
4.981
5.037
4.389
4.944
4.692
4.985
4.808
4.382
4.674
4.186
5.425
4.608
4.928
4.542
4.538
4.207
4.703
4.768
4.991
4.577
4.805
4.038
4.059
4.710
4.178
4.453
4.580
4.306
4.376
4.293
3.785
4.516
4.808
4.074
3.736
3.639
4.077
4.214
4.017
4.536
3.968
3.790
4.327
4.524
4.039
4.243
3.388
3.585
4.201
3.753
4.165
4.033
3.904
3.476
4.035
3.940
4.036
4.402
3.983
3.989
3.693
4.035
3.925
3.453
3.667
4.192
3.425
4.049
3.385
3.855
4.134
3.545
4.036
3.570
3.635
3.956
3.994
3.600
3.558
3.682
3.283
3.908
3.505
3.532
3.405
2.880
3.494
3.053
3.290
3.151
3.419
3.680
3.313
3.476
3.102
3.062
2.829
2.802
3.065
3.103
3.059
3.052
2.682
2.909
2.700
3.241
2.618
2.937
2.909
3.174
2.403
2.900
2.876
3.376
3.092
2.734
2.793
2.521
2.407
2.614
2.751
2.669
2.712
2.638
3.227
2.953
3.138
2.982
2.911
2.674
2.637
2.389
2.548
2.423
2.767
2.475
2.680
2.623
2.799
2.595
2.804
2.408
2.927
2.738
2.842
3.035
2.860
2.897
2.787
2.679
2.780
2.493
2.845
2.618
2.628
2.451
2.932
3.096
2.819
2.914
3.130
2.750
2.672
3.012
2.793
2.818
2.809
2.725
2.713
2.636
2.855
2.665
2.586
2.832
2.894
2.553
2.910
2.596
2.422
2.596
2.508
2.560
2.951
2.542
2.909
2.776
2.810
2.676
2.603
2.918
2.471
2.869
2.498
2.966
2.475
2.625
2.388
2.577
2.659
2.425
2.666
2.846
2.430
2.419
2.718
2.849
2.507
2.911
2.767
2.854
2.555
2.917
2.932
2.612
2.719
2.552
2.437
2.871
2.792
2.743
2.918
3.106
2.643
2.678
2.654
2.722
2.745
2.661
2.822
2.343
2.871
2.725
2.627
2.744
2.644
2.571
2.541
2.299
2.871
2.593
2.348
2.929
2.551
2.594
3.012
2.608
2.543
2.819
2.454
2.758
2.174
2.445
2.318
2.772
2.547
2.456
2.217
2.655
2.661
2.883
2.983
2.619
2.460
2.489
2.702
3.026
2.842
2.657
2.379
2.636
2.341
2.984
2.630
2.466
2.638
2.376
2.364
2.647
2.560
2.352
2.475
2.409
2.373
2.806
2.459
2.411
2.629
2.607
2.993
2.351
2.920
2.654
2.476
2.815
2.852
2.633
2.499
3.019
2.859
2.993
2.548
2.886
2.760
2.623
2.482
2.411
2.443
2.870
2.394
2.775
2.413
2.516
2.366
2.457
2.435
2.738
2.498
2.312
2.609
2.321
2.346
2.814
2.611
2.613
2.509
2.547
2.774
2.855
2.481
2.514
2.737
2.733
2.782
2.190
2.815
2.518
2.698
3.045
2.667
2.953
2.664
2.463
2.546
2.498
2.721
2.940
2.635
2.817
2.251
2.448
2.566
2.777
2.711
2.539
2.636
2.530
2.770
2.444
2.623
2.716
2.488
3.006
2.605
2.611
2.568
2.441
2.827
2.484
2.480
2.627
2.723
2.549
2.975
2.797
2.969
2.929
2.593
2.375
2.502
2.652
2.607
2.351
2.756
2.606
3.046
2.958
2.611
2.522
2.661
2.317
2.405
2.802
2.637
3.021
2.748
2.933
2.723
2.613
3.083
2.755
2.988
2.441
2.914
2.933
2.706
2.514
2.876
2.765
2.548
2.594
2.874
2.676
2.680
2.346
2.437
2.270
2.358
2.726
3.059
2.811
3.499
2.532
2.609
2.610
2.597
2.794
2.671
2.861
2.809
2.518
2.618
2.806
2.665
2.602
2.426
2.290
2.216
2.105
2.558
2.344
2.562
2.394
2.909
2.473
2.703
2.571
2.436
2.456
2.930
2.553
2.865
2.412
2.900
2.842
2.710
2.876
3.000
2.892
3.086
2.467
2.458
2.462
2.502
2.561
2.714
2.347
2.697
2.539
2.668
2.809
3.131
2.953
3.032
2.369
2.768
2.502
2.709
2.795
2.734
2.842
2.833
2.525
2.862
2.852
2.761
2.651
2.660
3.164
2.839
2.523
2.480
2.391
2.666
2.741
2.447
2.696
2.092
2.666
2.420
2.308
3.347
2.427
2.992
2.479
2.651
2.535
2.634
2.501
2.583
2.547
2.939
2.844
2.566
2.492
2.844
2.587
2.760
2.831
2.468
2.713
2.887
2.625
2.664
2.508
2.494
2.542
2.398
3.022
2.470
2.532
2.856
2.565
2.781
2.554
2.695
2.793
3.148
2.557
2.677
2.572
2.448
2.873
2.509
2.627
2.552
2.382
2.809
2.544
2.782
2.535
2.900
2.554
3.448
2.513
3.448
2.453
2.880
2.620
2.675
2.639
2.785
2.509
2.480
2.608
2.568
2.354
2.495
2.890
2.691
2.491
2.823
2.419
2.892
2.609
2.594
2.486
2.574
2.715
2.537
2.351
2.747
2.447
2.469
2.866
2.372
2.918
2.557
2.592
2.465
2.691
2.941
2.836
3.078
2.462
2.774
3.003
2.241
2.358
2.880
2.484
2.631
2.547
3.234
2.334
2.457
2.466
2.311
2.418
2.469
2.602
2.845
2.425
2.695
2.490
2.375
2.491
2.346
2.621
2.520
2.636
2.437
2.917
2.618
2.585
2.363
2.656
2.667
2.791
2.448
2.587
2.294
2.879
2.379
2.831
2.355
2.605
2.582
2.663
2.424
2.975
2.402
2.859
2.593
2.383
2.652
2.704
2.652
2.486
2.820
2.795
2.682
2.999
2.536
2.522
2.503
2.411
2.628
2.638
2.588
2.824
2.572
2.849
2.440
2.776
2.342
2.751
2.563
2.743
2.701
2.417
2.604
2.544
2.439
2.438
2.721
2.829
2.587
2.567
2.439
2.785
2.596
2.538
2.641
2.627
2.409
2.352
2.576
2.575
2.217
2.673
2.926
2.321
2.821
2.618
2.701
2.675
2.520
2.649
2.539
2.605
2.380
2.831
2.978
2.714
2.700
2.722
2.732
2.801
2.597
2.840
2.862
3.114
2.526
2.729
2.542
2.518
2.977
2.706
2.136
2.693
2.176
2.640
2.399
3.200
2.168
2.545
2.339
2.591
2.528
2.704
2.967
2.421
2.688
2.563
2.769
2.639
2.648
2.586
2.378
2.290
2.419
2.611
2.473
2.321
2.397
2.527
2.184
2.629
2.689
2.399
2.210
2.868
2.468
2.709
2.638
2.905
2.624
3.104
3.030
2.756
2.892
2.952
2.426
3.136
2.138
2.603
2.903
2.634
2.350
2.811
2.269
2.786
2.517
2.873
2.307
2.602
2.654
2.375
2.123
2.916
2.565
2.735
2.743
2.630
2.952
2.841
2.389
2.360
2.535
2.494
2.743
2.575
2.438
2.385
2.388
2.694
2.359
2.157
2.775
2.286
2.305
2.302
2.270
2.713
2.305
2.539
2.621
2.855
2.377
2.561
2.304
2.959
2.367
2.443
2.236
2.641
3.123
2.656
2.433
2.370
2.538
2.329
2.313
2.463
2.208
2.266
2.460
2.670
2.608
2.838
2.616
2.439
2.465
2.703
2.597
2.498
2.867
2.675
2.784
2.758
2.721
2.377
2.910
2.348
3.240
2.358
3.042
2.379
2.699
2.446
2.355
2.417
2.611
2.033
2.630
2.216
2.629
2.307
2.442
2.841
2.747
2.289
2.790
2.388
2.765
2.640
2.398
2.463
2.949
2.388
2.624
2.452
2.234
2.350
2.740
2.299
2.640
2.771
2.588
2.448
2.263
2.391
2.404
2.616
2.786
2.385
2.668
2.393
2.507
2.273
2.802
2.414
2.632
2.846
2.729
2.900
2.720
2.905
2.391
2.236
3.213
2.422
2.961
2.944
2.738
2.703
2.968
2.015
2.499
2.344
2.596
2.920
2.685
2.568
2.684
2.527
3.058
2.641
2.388
2.528
2.302
2.634
2.819
2.436
2.744
2.654
2.514
2.332
2.897
2.774
2.960
2.527
2.498
2.840
2.225
2.942
2.510
2.602
2.390
2.917
2.629
3.173
2.515
2.755
2.531
2.793
2.624
2.555
2.510
2.510
2.578
2.241
2.491
2.887
2.364
2.495
2.506
2.838
2.770
3.103
2.489
2.814
2.587
2.446
2.837
2.236
2.612
2.371
2.268
2.792
2.365
2.838
3.001
3.143
2.838
2.684
2.847
2.352
3.030
2.692
2.536
2.703
2.884
2.514
2.736
2.774
2.461
2.598
2.424
2.171
2.153
2.328
2.058
2.667
2.554
2.330
2.639
2.232
2.142
2.191
2.207
2.694
2.524
2.417
2.252
2.883
2.541
2.869
2.597
2.727
2.617
2.605
2.685
2.534
2.848
2.641
2.568
2.669
2.631
2.565
2.792
2.549
2.639
2.908
2.528
2.640
2.678
2.447
2.417
2.522
3.036
2.363
3.023
2.713
2.647
2.670
2.347
2.607
2.473
2.553
2.843
2.193
2.531
2.712
2.844
2.507
2.920
2.545
2.392
2.661
2.278
2.770
3.083
2.682
2.455
2.391
2.732
2.280
2.762
2.517
2.352
2.325
2.584
2.418
2.819
2.362
2.428
2.534
2.558
2.804
2.391
2.655
2.499
2.792
2.788
2.481
2.847
2.477
2.422
2.323
2.512
2.487
2.620
2.478
2.732
2.347
2.491
2.450
2.519
2.556
2.669
2.689
2.800
2.859
2.880
2.422
2.419
2.359
2.366
2.352
2.500
2.651
2.442
2.597
2.400
2.903
2.290
2.606
3.154
2.426
2.710
3.037
2.542
2.462
2.831
2.828
2.884
2.378
2.467
2.580
2.661
2.825
2.475
2.417
2.658
2.248
2.700
2.211
2.413
2.480
2.758
2.367
2.197
2.743
2.477
2.374
2.331
2.476
2.556
2.543
2.399
2.826
2.174
2.701
2.557
2.370
2.472
2.243
2.915
2.535
2.672
2.669
2.676
2.493
2.432
2.328
2.782
2.792
2.879
2.350
2.522
2.886
2.517
2.528
2.633
2.542
2.046
2.871
2.502
2.792
2.634
2.618
2.697
2.366
2.752
3.119
2.310
2.546
2.446
2.463
2.427
2.828
2.766
2.518
2.730
2.518
2.567
2.526
2.380
2.343
2.170
2.662
2.230
2.304
2.669
2.512
2.529
2.206
2.586
2.359
2.837
2.108
2.284
2.400
2.496
2.443
2.278
2.329
2.628
2.383
2.648
2.876
2.500
2.460
2.594
2.195
2.475
2.195
2.407
2.385
2.544
2.281
2.318
2.615
2.410
2.507
2.353
2.544
2.238
2.521
2.651
2.769
2.363
2.582
2.833
2.456
2.597
2.746
2.851
2.418
2.291
2.630
2.727
2.634
2.532
2.374
2.833
2.528
2.679
2.474
2.656
2.498
2.595
2.280
2.531
2.419
2.746
2.572
2.320
2.580
2.659
2.321
2.623
2.879
2.230
2.706
2.361
2.423
2.751
2.445
2.428
2.879
2.506
2.411
2.236
2.518
2.131
2.754
2.584
2.450
2.510
2.495
2.336
2.639
2.583
2.688
2.858
2.514
2.424
2.487
2.284
2.499
2.613
2.732
2.429
2.495
2.567
2.739
2.380
2.394
2.195
2.281
2.283
2.358
2.359
2.204
2.103
2.356
2.338
2.807
2.204
2.582
2.449
2.611
2.715
2.819
2.281
3.026
2.581
3.116
2.464
2.581
2.383
2.486
2.633
2.591
2.683
2.590
2.100
2.713
2.240
2.722
2.519
2.740
2.351
2.684
2.273
2.724
2.734
2.567
2.624
2.545
2.431
2.633
2.456
3.043
2.134
2.677
2.461
2.887
2.388
2.766
2.658
2.464
1.995
2.816
2.355
2.624
2.292
2.937
2.642
2.742
2.082
2.342
2.389
2.547
2.395
2.157
2.430
2.497
2.469
2.521
2.096
2.706
2.698
2.342
2.349
2.253
2.111
2.398
2.166
2.365
2.037
2.676
2.245
2.541
2.207
2.824
2.422
2.267
2.428
2.092
2.508
2.254
2.071
2.509
2.661
2.288
2.328
2.455
2.414
2.348
2.514
2.277
2.319
2.509
2.247
2.616
2.611
2.507
2.875
2.243
2.213
2.190
2.403
2.473
2.209
2.445
2.423
2.511
2.604
2.730
2.879
2.655
2.362
2.244
2.484
2.742
2.160
2.690
2.542
2.875
2.568
2.408
2.655
2.790
2.266
2.577
2.341
2.545
2.262
2.714
2.604
2.819
2.719
2.485
2.390
2.505
2.448
2.619
2.468
2.315
2.681
2.481
2.704
2.463
2.588
2.374
2.153
2.276
2.539
2.466
2.413
2.220
2.358
2.273
2.574
2.268
2.419
2.342
2.280
2.722
2.556
2.172
2.296
2.653
2.534
2.485
2.113
2.465
2.272
2.177
2.330
2.145
2.289
2.156
2.461
2.435
2.149
2.573
2.292
2.238
2.625
2.856
2.273
2.467
2.451
2.801
2.514
2.340
2.448
2.345
2.248
2.368
2.834
2.546
2.489
2.456
2.043
2.861
2.373
2.531
2.393
2.441
2.798
2.554
2.765
2.346
2.582
2.350
2.167
2.674
2.157
2.718
2.651
2.296
2.553
2.404
2.774
2.141
2.815
2.305
2.651
2.335
2.809
2.438
2.724
2.537
2.819
2.158
2.897
2.400
2.618
2.538
2.573
2.292
2.622
2.293
2.263
2.679
2.857
2.346
2.479
3.280
2.783
2.948
2.746
2.146
2.472
2.835
2.178
2.144
2.210
2.545
2.522
2.514
2.379
2.363
2.333
3.005
2.534
2.795
2.288
2.161
2.200
2.134
2.384
2.192
2.377
2.530
2.772
2.200
2.262
2.435
2.403
2.511
2.457
2.451
2.324
2.878
2.531
2.445
2.401
2.527
2.352
2.348
2.668
2.738
2.858
2.467
2.587
2.965
2.776
2.658
2.804
2.642
2.480
2.130
2.482
2.714
2.459
2.405
2.076
2.408
2.651
2.352
2.373
2.146
2.579
2.134
2.764
2.431
2.635
2.238
2.744
2.200
2.600
2.750
2.541
2.623
2.611
2.532
2.403
2.328
2.340
2.283
2.456
2.761
2.405
2.336
3.007
2.765
2.465
2.580
2.535
2.600
2.220
2.931
2.422
3.370
2.787
2.422
2.716
2.681
2.514
2.684
3.229
2.905
2.321
2.506
2.618
2.848
2.420
2.528
2.347
2.949
2.795
2.616
2.645
2.598
2.320
3.054
2.969
2.562
2.400
2.939
2.557
2.696
2.594
2.432
2.146
2.651
2.384
2.646
2.541
2.308
2.658
2.432
2.241
2.118
2.468
2.420
2.368
2.443
2.141
2.636
2.127
2.650
2.685
2.719
2.490
2.475
2.324
2.516
2.630
2.802
2.278
2.491
2.274
2.658
2.622
2.589
2.675
2.415
2.482
2.739
2.242
2.397
2.620
2.994
2.308
2.749
2.473
2.494
2.622
2.363
2.259
2.730
2.193
2.592
2.526
2.522
2.486
3.047
2.097
2.196
2.327
2.596
2.417
2.857
2.442
2.632
2.279
2.596
2.651
2.452
2.119
2.631
2.181
2.850
2.366
3.104
2.757
2.715
2.312
2.671
2.291
2.442
2.650
2.304
2.256
2.187
2.327
2.285
2.535
2.209
2.397
2.214
2.424
2.201
2.365
2.541
2.343
2.544
2.303
2.737
2.538
2.182
2.607
1.910
2.785
2.439
2.528
2.415
2.573
3.086
2.530
2.757
2.895
2.258
2.598
2.515
2.748
2.333
2.068
2.332
2.351
2.498
2.229
2.743
2.422
2.821
2.226
2.923
2.773
2.317
2.569
2.278
2.401
2.677
2.158
2.719
1.994
2.517
2.437
2.699
2.657
2.535
2.430
2.501
2.339
2.678
2.548
2.340
2.477
2.739
2.870
2.538
2.700
2.743
2.230
2.402
2.217
2.914
2.589
2.829
2.326
2.871
2.424
2.436
2.277
2.444
2.647
2.483
2.308
2.439
2.923
2.401
2.131
2.444
2.388
2.629
2.476
2.727
2.317
2.725
2.650
2.270
2.136
2.622
2.660
2.529
2.171
2.637
2.052
2.412
2.195
2.398
2.224
2.612
2.045
2.780
2.230
2.457
2.255
2.522
2.203
2.443
2.265
2.413
2.228
2.462
2.289
2.151
2.438
2.326
2.171
2.073
2.576
2.259
2.579
2.635
2.824
2.642
2.759
2.513
2.738
2.201
3.371
2.527
2.401
2.482
2.414
2.436
2.676
2.202
2.949
2.935
2.750
2.881
2.429
2.645
2.539
2.579
2.408
2.694
2.240
2.484
2.382
2.741
2.676
2.347
2.279
2.264
2.391
2.553
2.659
2.622
2.650
2.638
2.372
2.622
2.671
2.377
2.913
2.615
2.549
2.580
2.511
2.541
2.544
2.730
2.404
2.747
2.255
2.591
2.405
3.004
2.591
2.428
2.588
2.641
2.770
2.416
2.375
2.770
2.513
2.387
2.561
3.040
2.544
2.586
2.238
2.595
2.250
2.557
2.214
2.209
2.201
2.182
2.121
2.675
2.475
2.687
1.976
2.483
2.192
2.399
2.675
2.438
2.804
2.336
2.618
2.353
2.469
2.101
2.183
2.275
2.655
2.541
2.285
2.755
2.163
2.351
2.363
2.305
2.181
2.502
2.480
2.571
2.239
2.623
2.499
2.441
2.377
2.630
2.246
2.545
2.829
2.681
2.680
2.298
2.582
2.658
2.575
2.586
2.477
2.792
2.549
2.365
2.497
2.765
2.312
2.536
2.451
2.456
2.490
2.381
2.188
2.207
2.630
2.620
2.543
2.612
2.409
2.020
2.700
2.298
3.039
2.615
2.227
2.427
2.582
2.866
2.467
2.591
2.792
2.581
2.459
2.997
2.370
2.365
2.530
2.785
2.578
2.319
2.377
2.449
2.197
2.333
2.524
2.050
2.403
2.464
2.116
2.285
2.680
2.406
2.566
2.723
2.318
2.480
2.583
2.210
2.613
2.456
2.389
2.122
2.530
2.535
2.438
2.316
2.242
2.650
2.475
2.497
2.299
2.608
2.770
2.349
2.364
2.263
2.710
2.482
2.772
2.140
2.782
2.396
2.349
2.761
2.460
2.491
2.060
2.838
2.365
2.950
2.303
2.607
2.537
2.430
2.919
2.403
2.588
2.166
2.394
2.372
2.700
2.439
2.508
2.456
2.286
2.676
2.359
2.541
2.744
2.501
2.310
2.830
2.566
2.233
2.421
2.064
2.325
2.982
2.340
2.491
2.461
2.471
2.729
2.158
2.561
2.505
2.771
2.456
2.559
2.526
2.947
2.552
2.347
2.224
2.353
2.624
2.294
2.889
2.610
2.352
2.250
2.263
2.497
2.176
2.669
2.684
2.451
2.241
2.416
2.332
2.237
2.187
2.380
2.458
2.501
2.418
2.422
2.264
2.618
3.166
2.526
2.278
2.516
2.203
2.355
2.273
2.564
2.077
2.422
2.464
2.203
2.238
2.516
2.239
2.695
2.263
2.429
2.604
2.311
2.293
2.352
2.165
2.747
2.277
2.277
2.281
2.123
2.375
2.417
2.407
2.966
2.346
2.463
2.670
2.439
2.631
2.608
1.900
2.292
2.655
2.378
2.335
2.352
2.486
2.273
2.564
2.398
2.633
2.582
2.341
2.460
2.287
2.073
2.559
2.097
2.140
2.552
2.556
2.784
2.398
2.348
2.672
2.339
2.297
2.221
2.597
2.350
2.576
2.122
2.422
2.246
2.348
2.311
2.630
2.359
2.579
2.090
2.567
2.571
2.253
2.718
2.605
2.271
2.540
2.961
2.356
2.550
2.275
2.222
2.092
2.553
2.132
2.798
2.023
2.536
2.343
2.397
2.454
2.893
2.463
2.364
2.137
2.208
2.401
2.420
2.282
2.598
2.442
2.648
1.909
2.555
2.350
2.510
2.192
2.301
2.431
3.034
2.272
2.816
2.088
2.548
2.675
2.547
2.254
2.598
2.967
2.543
2.765
2.577
2.727
2.589
2.326
2.106
2.490
2.271
2.694
2.694
3.082
2.523
2.541
2.605
2.578
2.246
2.570
2.550
2.676
2.473
2.950
2.310
2.956
2.590
2.619
2.834
2.477
2.678
2.517
2.566
2.832
2.367
2.591
2.458
2.572
2.350
2.455
2.392
2.325
2.438
2.163
2.136
1.938
2.539
2.222
2.740
2.616
2.517
2.441
2.396
2.558
2.355
2.630
2.431
2.142
2.557
2.049
2.458
2.357
2.234
2.323
2.415
2.388
2.667
2.373
2.482
2.592
2.568
2.651
3.133
2.292
2.560
2.447
2.304
2.488
2.130
2.619
2.328
2.398
2.249
2.573
1.952
2.499
2.496
2.278
2.286
2.178
2.228
2.499
2.665
2.559
2.386
2.026
2.068
2.197
2.344
2.267
2.409
2.238
2.075
2.354
2.402
2.494
2.466
2.353
3.086
2.248
2.728
2.300
2.377
2.401
2.530
2.233
2.814
2.263
2.088
2.634
2.254
2.292
2.577
2.332
2.475
2.431
2.359
2.430
2.271
2.498
2.461
2.079
2.397
2.475
2.431
2.446
2.379
2.503
2.351
2.496
2.324
2.371
2.395
2.479
2.401
2.973
2.572
2.562
2.606
2.438
2.254
2.367
2.090
2.580
2.520
2.764
2.614
2.487
2.387
2.364
2.458
2.718
2.593
2.727
2.635
2.548
2.719
2.871
2.504
2.469
2.365
2.406
2.653
2.452
2.693
2.440
2.721
2.169
2.578
2.501
2.442
2.248
2.655
2.356
2.911
2.118
3.059
2.424
2.215
2.279
2.586
2.290
2.501
2.274
2.717
2.291
2.436
2.469
2.425
2.442
2.431
2.456
2.716
2.326
2.419
2.234
2.197
2.372
2.768
2.400
2.512
2.396
2.371
2.247
2.196
2.568
2.625
2.484
2.642
2.247
2.180
2.117
2.441
2.527
2.481
2.389
2.283
2.045
2.307
2.865
2.460
2.408
2.430
2.391
2.137
2.548
2.459
2.381
2.666
2.452
2.278
2.392
2.424
2.356
2.340
2.326
2.709
2.576
2.153
2.275
2.162
2.879
2.381
2.929
2.091
2.802
2.282
2.166
2.397
2.490
2.427
2.408
2.221
2.635
2.382
2.235
2.235
2.190
2.148
2.407
2.482
2.619
2.221
2.432
2.218
2.252
2.361
2.185
2.272
2.189
2.480
2.223
2.912
2.711
2.609
2.469
2.565
2.443
2.851
2.542
2.574
2.178
2.731
2.516
2.803
2.796
2.501
2.142
2.677
2.091
2.721
2.230
2.411
2.314
2.076
2.299
2.728
2.175
2.528
2.189
2.423
2.220
2.578
2.190
2.646
2.286
2.705
2.168
2.946
2.440
2.839
2.294
2.678
2.771
2.991
2.194
2.344
2.633
2.857
2.689
2.449
2.493
2.201
2.175
2.846
2.392
2.307
2.588
3.017
2.667
2.506
2.517
2.679
2.494
2.736
2.305
2.712
2.196
2.556
2.632
2.580
2.427
2.575
2.498
2.489
2.635
2.648
2.886
2.537
2.725
2.668
2.480
2.471
2.151
2.297
2.169
2.413
2.083
2.391
2.740
2.327
2.474
2.518
2.204
2.351
2.319
2.792
2.350
2.535
2.576
2.244
2.802
2.349
2.422
2.655
2.081
2.670
2.597
2.748
2.178
2.333
2.754
2.846
2.546
2.450
2.159
2.868
2.415
2.603
2.518
2.614
2.784
2.423
2.303
2.589
2.528
2.431
3.041
2.376
2.665
2.467
3.057
2.557
2.795
2.491
3.024
2.576
2.736
2.446
2.936
2.681
2.538
2.656
2.609
2.574
2.898
3.060
2.544
2.816
2.513
2.652
2.740
2.504
2.394
2.673
2.341
2.226
2.752
2.358
2.571
2.890
2.263
2.349
2.644
2.436
2.548
2.101
2.235
2.200
2.420
2.130
2.696
2.154
2.863
2.091
2.362
2.341
2.027
2.419
2.415
2.302
2.617
2.378
2.140
2.532
2.178
2.894
2.545
2.418
2.295
2.897
2.267
2.602
2.457
2.869
2.152
2.572
2.340
2.260
2.561
2.182
2.626
2.145
2.488
2.542
2.372
2.475
1.978
2.292
2.220
2.360
2.203
2.535
2.601
2.672
2.426
3.156
2.802
2.814
2.493
2.713
2.224
2.976
2.492
2.383
2.546
2.604
2.328
2.174
2.356
2.534
2.323
2.278
2.569
2.653
2.537
2.237
2.568
2.250
2.300
2.475
2.931
2.436
2.348
2.409
2.112
2.127
2.586
1.984
2.149
3.023
2.554
2.647
2.090
2.833
2.110
2.547
2.152
2.171
2.511
2.567
2.469
2.455
2.363
2.339
2.382
2.490
2.203
2.795
2.591
2.392
2.813
2.243
2.290
2.505
2.787
2.381
2.482
2.430
2.521
2.217
2.777
2.215
2.250
2.583
2.463
2.188
2.036
2.538
2.300
2.588
2.322
2.686
2.393
2.366
2.103
2.570
2.522
2.369
2.238
2.587
2.192
2.411
2.255
2.586
2.312
2.656
2.394
2.823
2.573
2.580
2.209
2.673
2.646
2.645
2.471
2.822
2.300
2.061
2.300
2.047
2.613
2.313
2.456
2.588
2.491
2.179
2.205
1.989
2.783
1.972
2.320
2.557
2.686
2.516
2.445
2.537
2.658
2.356
2.779
2.853
2.465
2.507
2.642
2.534
2.441
2.734
2.748
2.518
2.415
2.416
2.164
2.206
2.738
2.710
2.678
2.117
2.796
2.584
2.331
2.569
2.231
2.413
2.446
2.426
2.179
2.701
2.539
2.440
2.375
2.378
2.479
2.244
2.321
2.176
2.779
2.174
2.547
2.412
2.328
2.388
2.832
2.270
2.434
2.194
2.516
2.359
2.447
2.696
2.629
2.245
2.856
2.293
2.300
2.244
2.643
2.192
2.502
2.587
2.724
2.121
2.151
2.472
2.524
2.431
2.311
2.133
2.966
2.161
2.548
2.225
2.538
2.082
2.341
2.128
2.430
2.293
2.462
2.736
2.495
2.856
2.583
2.076
2.212
2.307
2.453
2.178
2.838
2.465
2.141
2.172
2.483
2.439
2.606
2.524
2.329
2.517
2.454
2.276
2.421
2.470
2.375
2.514
2.468
2.613
2.592
2.425
2.470
2.379
2.171
2.466
2.563
2.027
2.500
2.471
2.765
2.498
2.099
2.347
2.340
2.252
2.401
2.781
2.640
2.252
2.524
2.345
2.421
2.920
2.481
2.912
2.122
2.711
2.265
2.351
2.353
2.359
2.242
2.085
2.474
2.282
2.571
2.350
2.426
2.761
2.233
2.510
2.388
2.273
2.683
2.715
2.511
2.295
2.894
2.405
2.617
2.375
2.635
2.146
2.502
2.349
2.329
2.708
2.269
2.884
2.236
2.657
2.381
2.132
2.409
2.169
2.625
2.388
2.103
2.355
2.186
2.261
2.481
2.350
2.240
2.509
2.256
2.559
2.102
2.589
2.436
2.624
2.394
2.795
2.165
2.418
2.208
2.547
2.509
2.597
2.262
2.430
2.573
2.312
2.740
2.361
2.569
2.828
2.564
2.572
2.994
2.493
2.414
2.658
2.197
2.515
2.711
2.540
2.424
2.465
2.256
2.477
2.197
2.579
2.657
2.651
2.415
2.472
2.391
2.669
2.487
2.600
2.512
2.696
2.472
2.603
2.741
2.784
2.151
2.691
2.346
2.742
2.069
2.703
2.567
2.360
2.983
2.538
2.203
2.692
2.298
2.694
2.330
2.277
2.643
2.822
2.273
2.609
2.302
2.854
2.538
2.547
2.507
2.919
2.514
2.630
2.609
2.569
2.686
2.736
2.199
2.891
2.626
2.395
2.762
2.486
2.493
2.545
2.787
2.627
2.344
2.697
2.739
2.538
2.745
2.691
2.586
2.631
2.449
2.375
2.585
2.280
2.829
2.486
2.544
2.497
2.036
2.447
2.373
2.216
2.650
2.574
2.483
2.274
2.317
2.075
2.475
2.422
2.062
2.255
2.398
2.517
2.324
2.422
2.574
2.443
2.751
2.165
2.237
2.454
2.539
2.240
2.169
2.280
2.063
2.504
2.168
2.733
2.296
2.322
2.103
2.611
2.113
2.506
2.240
2.422
2.590
2.397
2.139
2.139
2.100
2.215
2.223
2.073
2.566
2.720
2.540
2.192
1.979
2.311
2.728
2.384
2.186
2.643
2.381
2.875
2.650
2.758
2.518
2.216
2.067
2.558
2.539
2.427
2.306
2.758
2.354
2.757
2.362
2.386
2.115
2.427
2.598
2.337
2.530
2.261
2.462
2.686
2.186
2.561
1.973
2.351
2.552
2.505
2.460
2.574
2.335
2.259
2.296
2.725
2.480
2.451
2.499
3.095
2.717
2.248
2.851
2.520
2.037
2.426
2.253
2.595
2.235
2.504
2.539
2.287
2.086
2.184
2.507
2.549
2.196
2.160
2.144
2.430
2.191
2.672
2.398
2.525
2.570
2.044
2.400
2.457
2.301
2.601
2.409
2.227
2.334
2.246
2.258
2.336
2.651
2.320
2.268
2.092
3.003
2.954
2.521
2.170
2.233
2.405
2.624
2.306
2.007
2.358
2.272
2.497
2.121
2.510
2.261
2.463
2.662
2.232
2.334
2.596
2.149
2.381
2.571
2.204
2.154
2.071
2.341
2.218
2.353
2.282
2.425
2.776
2.404
2.415
2.398
2.559
2.444
2.458
2.424
2.514
2.445
2.556
2.491
2.002
2.358
2.603
2.546
2.248
2.318
2.228
2.595
2.332
2.941
2.613
2.510
2.100
2.350
2.245
2.576
2.222
2.281
3.017
2.611
2.843
2.542
2.052
2.862
2.174
2.649
1.932
2.853
2.344
2.468
2.382
2.766
2.518
2.756
2.132
2.375
2.306
2.374
2.368
2.451
2.319
2.001
2.442
2.471
2.389
2.300
2.786
2.373
2.172
2.327
2.498
2.299
2.499
2.896
2.697
2.230
2.819
2.010
2.985
2.422
2.156
2.101
2.026
2.395
2.446
2.173
2.498
2.248
2.354
2.266
2.357
2.341
2.096
2.043
2.482
2.535
2.520
2.279
2.327
2.462
2.049
1.950
2.320
2.398
2.352
2.274
2.220
2.765
2.747
2.490
2.296
2.433
2.521
1.944
2.307
2.244
2.529
2.215
2.541
2.521
2.575
2.633
2.315
2.316
2.531
2.212
2.589
2.308
3.070
2.319
2.288
2.840
2.680
2.674
2.401
2.609
2.383
2.530
2.511
2.664
2.405
2.291
2.707
2.257
2.449
2.379
2.861
2.199
2.251
2.378
2.378
2.501
2.545
2.370
2.285
2.377
2.430
2.344
2.519
2.216
2.581
2.353
2.428
2.390
2.660
2.404
2.316
2.180
2.594
2.216
2.706
2.502
2.273
2.527
2.531
2.636
2.898
2.436
2.499
2.495
2.516
2.854
2.506
2.350
2.901
2.362
2.776
2.555
2.689
2.857
2.445
2.634
2.337
2.243
2.422
2.732
2.604
2.374
2.487
2.744
2.332
2.463
2.982
2.583
2.766
2.290
2.395
2.348
2.461
2.175
2.365
2.137
2.385
2.240
2.470
2.139
2.453
2.833
2.245
2.518
2.345
2.374
2.295
2.040
2.361
2.301
2.472
2.243
2.338
2.355
2.547
2.259
2.611
2.240
2.486
2.309
2.662
2.412
2.180
2.449
2.586
2.102
2.125
2.113
2.656
2.492
2.466
2.650
2.711
2.419
2.538
2.288
2.580
2.339
2.718
2.249
2.820
2.763
2.574
2.357
2.353
2.269
2.696
2.162
2.682
2.606
2.453
2.186
2.767
2.374
2.550
2.762
2.888
2.708
2.363
2.207
2.520
2.234
2.399
2.468
2.074
2.332
2.270
2.168
2.020
2.069
2.463
2.114
2.455
2.201
2.618
2.045
2.252
1.894
2.284
2.256
2.656
2.813
2.334
2.300
2.109
2.400
2.449
2.365
2.278
2.614
2.115
2.197
2.489
2.613
2.522
2.734
1.986
2.533
2.136
2.485
2.595
2.498
2.332
2.534
2.675
3.169
2.703
3.133
2.501
2.500
2.179
2.689
2.477
2.582
2.424
2.795
2.393
2.364
2.443
2.410
2.176
2.513
2.295
2.364
2.409
1.994
2.369
2.262
2.778
2.480
2.496
2.401
2.627
2.828
2.614
2.159
2.230
2.378
2.389
2.375
1.957
2.059
2.437
2.097
2.588
2.497
2.356
2.727
2.211
2.303
2.224
2.707
2.164
2.192
2.622
2.410
2.177
2.430
2.357
2.119
2.476
2.006
1.977
2.342
2.331
2.569
2.363
2.356
2.352
2.261
1.954
2.334
2.661
2.347
2.471
2.286
2.794
2.923
2.669
2.371
2.596
2.374
2.379
2.562
2.674
2.561
2.637
2.167
2.398
2.787
2.223
2.589
2.464
2.642
2.508
2.620
2.483
2.445
2.767
2.264
2.470
2.670
2.629
2.622
2.607
2.207
2.386
2.237
2.985
2.524
2.628
2.019
2.238
2.233
2.451
2.291
2.356
2.691
2.479
2.375
2.514
2.583
2.810
2.411
2.398
2.345
2.186
2.420
2.841
2.045
2.501
2.165
2.285
2.096
3.036
2.480
2.853
2.315
2.794
2.383
2.500
2.033
2.716
2.484
2.359
2.775
2.142
2.326
2.496
2.302
2.749
2.489
2.534
2.690
2.611
2.361
2.485
2.751
2.387
2.322
2.216
2.110
2.710
2.284
2.606
2.051
2.625
2.077
2.239
2.256
2.307
2.154
2.088
2.418
2.198
2.061
2.151
2.168
2.127
2.430
2.332
2.237
2.400
2.586
2.426
2.399
2.447
2.513
2.731
2.207
2.368
2.190
2.433
2.359
2.267
2.335
2.506
1.882
2.572
2.103
2.551
2.033
2.342
2.179
2.472
2.747
2.175
2.190
2.430
1.943
2.467
2.381
2.287
2.855
2.574
2.412
2.347
1.933
2.545
2.491
2.255
2.381
2.403
2.183
2.453
2.258
2.501
2.122
2.059
2.610
2.197
2.585
2.535
2.656
2.289
2.462
2.816
2.556
2.108
2.168
2.491
2.216
2.521
2.690
2.783
2.234
2.604
2.661
2.811
2.644
2.656
1.903
2.472
2.216
2.447
2.346
1.983
2.137
2.289
2.428
2.731
2.255
2.252
2.583
2.227
2.147
2.228
1.978
2.337
2.235
2.730
2.406
2.888
2.249
2.830
2.443
2.680
2.178
2.559
2.574
2.730
1.970
2.295
2.534
2.446
2.635
2.088
2.215
2.088
2.432
2.237
2.294
2.773
2.146
2.823
2.457
2.658
2.297
2.770
2.248
2.348
2.674
2.462
2.655
2.260
3.000
2.598
2.272
2.390
2.638
2.361
2.928
2.636
2.803
2.299
2.863
2.640
2.855
2.732
2.744
2.515
2.628
2.636
2.446
2.505
2.540
2.500
2.258
2.517
2.381
2.491
2.462
2.403
2.459
2.196
2.559
2.364
2.293
2.169
2.395
2.534
2.486
2.832
2.579
2.408
2.596
2.269
2.375
2.447
2.507
2.123
2.790
2.177
2.364
2.572
2.382
2.455
2.662
2.450
2.475
2.444
2.738
2.440
2.273
2.608
2.397
2.492
2.160
2.546
2.268
2.627
2.684
2.341
2.480
2.846
2.592
2.032
2.085
2.414
2.310
2.051
2.359
2.284
2.343
2.064
2.404
2.243
2.511
2.204
2.427
2.296
2.168
2.471
2.200
2.100
2.590
2.390
2.308
2.338
2.555
2.423
2.659
2.250
2.630
2.152
2.133
2.406
2.865
2.551
2.351
2.264
2.497
2.513
2.727
2.344
2.493
1.949
2.319
2.238
2.546
2.075
2.473
2.155
2.228
2.325
2.401
2.089
2.420
2.457
2.197
2.646
2.441
2.122
2.387
2.269
2.579
2.237
2.675
2.555
2.621
2.309
2.337
2.739
2.716
2.348
2.269
2.258
2.422
2.681
2.496
2.638
2.429
2.068
2.478
2.377
2.542
2.290
2.655
2.266
2.445
2.198
2.243
2.224
2.649
2.482
2.585
1.985
2.656
2.307
2.250
2.116
2.352
2.402
2.275
2.536
2.421
2.404
2.766
2.499
2.096
2.367
2.264
2.679
2.271
2.641
2.617
2.592
2.540
2.456
2.006
2.468
2.002
2.661
2.050
2.923
2.251
2.157
2.333
2.889
2.581
2.684
2.448
2.271
2.423
2.717
2.081
2.883
2.478
2.434
2.421
2.343
2.540
2.449
2.481
2.363
2.193
2.255
1.877
2.164
2.246
2.637
2.359
2.341
2.253
2.470
2.689
2.340
2.319
2.736
2.225
2.659
2.274
2.530
2.309
2.584
2.590
2.655
2.653
2.482
2.531
2.112
2.303
2.775
2.462
2.309
1.981
2.587
2.221
2.606
2.358
2.428
2.237
2.414
2.303
2.669
2.214
2.339
2.407
2.366
2.267
2.195
2.397
2.374
2.400
2.729
2.447
2.681
2.662
2.729
2.833
2.442
2.527
2.896
2.181
2.533
2.142
2.475
2.036
2.308
2.515
2.506
2.429
2.569
2.192
2.496
2.366
2.674
2.540
2.706
2.649
2.211
2.192
2.250
1.953
2.213
2.384
2.506
2.620
2.283
2.504
2.526
2.368
2.259
2.123
2.150
2.332
2.181
2.609
2.377
2.592
2.438
2.551
2.283
2.617
2.887
2.563
2.079
2.449
2.307
2.128
2.148
2.297
2.255
2.373
2.339
2.058
2.365
2.334
2.423
2.515
2.566
2.396
2.514
2.505
2.259
2.437
2.171
2.479
2.288
2.030
2.476
2.209
2.258
2.469
2.158
2.427
2.502
2.412
2.426
2.404
2.690
2.351
2.469
2.466
2.499
2.565
2.261
2.429
2.046
2.359
2.444
2.351
2.236
2.713
2.405
2.602
2.608
2.346
2.325
2.296
2.586
2.518
2.369
2.678
2.803
2.103
2.514
2.368
2.047
2.875
2.649
2.544
2.145
2.317
2.079
2.796
2.702
2.146
2.193
2.286
2.300
2.555
2.175
2.658
2.112
2.422
2.809
2.430
3.028
2.360
2.383
2.803
2.252
2.522
2.064
3.257
2.218
2.696
2.229
2.130
2.179
2.643
2.073
2.414
2.334
2.463
2.521
2.761
2.187
2.405
2.777
2.576
2.242
2.596
2.403
2.470
2.436
2.870
2.191
2.457
2.043
2.479
2.217
2.503
2.221
2.575
3.032
3.074
2.421
2.469
2.306
2.674
2.520
2.630
2.415
2.922
2.241
2.271
2.575
2.413
2.521
2.698
2.303
2.521
2.134
2.461
2.154
2.847
2.333
2.534
2.529
2.611
2.645
2.640
2.542
2.438
2.335
2.381
2.810
2.943
2.357
2.607
2.600
2.258
2.203
2.384
2.903
2.497
2.613
2.290
2.692
2.180
2.060
2.278
2.170
2.530
2.336
2.414
2.485
2.310
2.226
2.058
2.292
2.588
2.289
2.565
2.551
2.449
2.478
2.440
2.197
2.913
2.598
2.431
2.700
2.354
2.793
2.423
2.331
2.389
2.351
2.288
2.595
2.543
2.432
2.506
2.309
2.231
2.468
2.232
2.348
2.234
2.377
2.368
2.112
2.319
2.036
2.344
2.410
2.374
2.308
2.481
2.472
2.389
2.290
2.446
2.212
2.342
2.744
2.813
2.243
2.419
2.203
2.681
2.495
2.737
2.732
2.427
2.270
2.834
2.404
2.462
2.820
2.426
2.413
2.679
2.206
2.898
2.596
2.807
2.319
2.710
2.525
2.718
2.898
2.620
2.157
2.437
2.278
2.517
2.230
2.662
2.129
2.508
2.715
2.478
2.570
2.687
2.400
2.562
2.637
2.569
2.545
2.701
2.373
2.760
2.067
2.526
2.256
2.712
2.403
2.713
2.041
2.680
2.792
2.594
2.389
2.472
2.293
2.472
2.314
2.184
2.433
2.169
2.507
2.608
2.844
2.462
2.593
2.088
2.131
2.048
2.304
2.503
2.373
2.643
2.307
2.228
2.437
2.599
2.211
2.149
2.351
2.581
2.288
2.341
2.246
2.468
2.546
2.454
2.372
2.394
2.563
2.337
2.828
2.174
2.476
2.683
2.467
2.200
2.200
2.407
2.714
2.625
2.096
2.528
2.297
2.099
2.820
2.211
2.810
2.600
2.476
2.352
2.530
2.322
2.509
2.714
2.106
2.675
2.276
2.508
2.266
2.449
2.333
2.048
2.773
2.318
2.481
2.617
2.703
2.624
2.800
2.226
2.623
2.109
2.360
2.461
2.285
2.224
2.321
2.104
2.646
2.486
2.657
2.082
2.638
2.145
2.334
1.858
2.346
2.250
2.048
2.551
2.107
2.732
2.524
2.187
2.430
2.747
2.574
2.756
2.259
2.574
2.177
2.390
2.258
2.464
2.605
2.431
2.647
2.493
2.611
2.491
2.609
2.496
2.052
2.576
2.294
2.545
2.276
2.350
2.567
2.425
2.518
2.917
2.116
2.617
2.818
2.734
2.133
2.241
1.989
2.237
2.350
2.384
2.928
2.730
2.483
2.753
2.451
2.902
2.696
2.797
2.646
2.601
2.442
2.661
2.048
2.529
1.919
2.236
2.493
2.338
2.132
2.556
2.637
2.643
2.297
2.423
2.505
2.182
2.372
2.580
2.081
2.320
2.115
2.160
2.481
2.335
2.566
2.190
2.105
2.277
2.094
2.102
2.470
2.344
2.575
2.319
2.452
2.213
2.336
2.681
2.380
2.576
2.546
2.293
2.392
2.507
2.511
2.604
2.624
2.408
