33.63 12.35 37.77 25.78 52.04 18.31 45.11 48.06 17.73 33.40 21.49 44.62 18.74 42.35 45.67 45.25 30.14 10.06 9.96 42.06 21.87 53.99 22.66 39.32 16.45 23.87 28.50 11.83 17.88 34.84 12.48 27.65 29.20 44.74 16.43 15.46 22.07 38.69 9.77 16.50 27.09 23.17 46.17 43.39 44.21 22.87 36.93 29.04 30.81 40.04
37.46 16.95 14.13 24.34 9.32 43.23 22.08 53.85 38.84 36.93 40.23 50.88 38.42 49.12 16.60 12.58 14.49 30.58 40.40 47.29 39.27 27.16 40.81 44.74 37.42 15.20 11.23 15.16 25.31 43.76 50.81 30.06 40.58 30.88 30.46 37.02 17.49 34.51 23.81 27.77 32.11 43.61 39.53 43.63 13.56 17.85 27.11 11.13 18.96 51.53
20.73 35.60 36.92 37.39 47.25 28.38 41.71 26.39 37.90 10.76 27.62 31.23 49.87 28.76 47.15 31.33 47.93 9.57 16.30 39.74 35.56 26.60 34.96 12.39 16.79 29.45 37.57 26.32 10.55 46.04 42.11 32.52 18.53 39.42 31.37 45.59 37.29 19.31 19.14 38.13 34.38 36.26 39.53 44.60 21.47 36.31 27.98 49.60 38.83 14.83
36.54 42.50 22.52 24.58 43.23 46.42 42.52 33.73 17.12 33.64 9.22 31.30 15.03 37.58 32.68 24.90 41.86 37.04 29.28 35.29 49.89 10.42 20.18 47.23 10.43 47.23 18.96 35.14 24.69 43.62 48.36 47.31 20.34 30.48 32.29 40.92 25.61 42.53 23.21 29.17 39.76 30.81 12.01 31.31 31.71 17.00 24.88 32.77 17.22 35.56
47.23 29.67 34.49 43.96 41.72 13.06 51.08 17.39 39.54 47.52 38.76 15.82 48.15 21.21 49.02 42.83 47.93 39.08 39.83 30.77 34.95 19.29 11.26 11.47 9.14 44.58 47.96 32.05 40.75 10.86 20.44 41.37 34.31 24.86 30.57 18.89 44.78 31.23 49.75 20.40 28.65 42.82 11.34 41.01 22.03 37.54 34.28 24.49 20.42 40.33
21.58 13.77 41.27 15.22 28.33 31.35 14.00 36.60 32.65 19.80 47.32 42.54 34.95 38.92 24.93 22.31 41.81 45.66 20.57 30.47 33.85 35.08 42.41 17.18 32.07 31.91 15.73 48.36 15.37 32.03 46.49 45.13 33.63 38.01 37.94 22.29 44.61 29.34 30.33 16.38 16.68 28.55 10.20 24.03 29.19 50.13 49.80 50.79 12.16 37.49
34.73 9.23 28.44 48.27 13.28 33.88 34.56 34.16 31.34 38.75 25.13 52.00 15.56 53.65 21.58 38.92 46.57 20.77 41.00 38.40 26.29 36.75 20.68 18.89 37.53 42.09 24.76 46.53 47.10 25.32 43.67 19.20 21.51 29.46 31.54 20.73 33.83 46.31 44.51 42.74 22.45 39.01 17.25 48.10 35.38 46.30 32.66 11.08 47.11 16.08
24.76 37.67 51.02 41.04 26.12 27.25 19.67 19.50 50.07 21.99 16.64 24.30 49.02 34.61 36.89 32.06 41.82 45.67 25.89 24.27 21.99 19.43 42.93 19.30 32.62 22.61 23.52 41.59 24.74 36.43 40.44 17.66 27.95 28.99 26.86 26.72 33.04 48.02 41.24 38.93 37.13 50.01 23.98 18.89 43.34 23.74 16.14 41.87 30.36 49.00
18.99 30.68 43.94 45.38 33.85 19.44 17.11 47.14 45.65 31.92 16.90 35.07 26.64 14.15 21.55 12.62 16.53 42.08 24.26 40.28 11.82 32.34 31.40 25.87 16.49 33.19 36.78 31.59 20.37 27.02 28.49 29.41 38.24 39.58 16.33 45.61 34.36 17.14 24.08 30.84 47.32 43.70 33.46 48.07 42.23 39.42 10.60 17.63 41.82 21.40
45.42 20.05 23.34 27.37 49.05 40.37 25.45 41.35 22.04 36.09 19.48 32.52 16.97 37.88 44.62 16.57 15.74 12.17 46.20 20.61 44.58 43.80 48.04 27.78 17.42 24.01 50.84 51.06 43.77 44.44 52.09 29.55 13.04 36.87 39.70 11.24 14.74 14.06 48.16 12.21 33.95 11.08 37.39 45.23 10.65 48.21 45.26 37.95 42.57 10.94
