-2102.49 -642.06 -2186.28 -1321.48 -2949.23 -924.52 -2021.85 -2627.79 -978.74 -1764.22 -1132.83 -2721.26 -987.88 -2280.80 -2876.72 -2389.85 -1626.40 -523.08 -519.19 -2550.91 -1043.48 -2849.75 -1133.16 -2210.18 -856.79 -1330.46 -1537.41 -646.51 -1105.50 -2042.46 -633.64 -1549.01 -1442.07 -2615.56 -843.50 -869.62 -1294.43 -2436.06 -525.04 -980.23 -1472.07 -1278.68 -2572.44 -2466.49 -2403.10 -1257.76 -2138.93 -1643.49 -1608.97 -2320.07
-2109.88 -818.98 -748.72 -1272.40 -509.02 -2365.01 -1119.78 -2899.09 -2115.29 -1973.14 -2239.17 -2792.81 -2070.65 -2752.48 -835.94 -644.70 -725.08 -1734.77 -2533.69 -2846.45 -2079.85 -1519.57 -2245.01 -2729.53 -2157.70 -746.45 -537.24 -852.85 -1350.55 -2743.98 -2789.21 -1642.29 -2246.57 -1723.95 -1654.18 -2394.00 -1422.79 -2048.41 -1259.41 -1708.33 -1874.35 -2500.71 -2116.53 -2496.73 -716.10 -981.46 -1498.90 -504.21 -976.08 -2891.56
-1146.62 -1861.43 -2244.08 -2363.63 -2543.18 -1600.18 -2407.77 -1463.39 -2238.31 -521.78 -1517.16 -1593.27 -2746.44 -1562.62 -2844.28 -1760.19 -2534.05 -530.72 -839.60 -2208.51 -1924.68 -1422.61 -1880.54 -639.63 -966.42 -1764.51 -2196.93 -1522.10 -515.01 -2477.06 -2235.42 -2045.24 -1100.90 -2253.30 -1759.25 -2731.92 -2171.46 -1069.67 -981.82 -1980.25 -1986.77 -1959.65 -2171.13 -2811.35 -1193.34 -1845.62 -1476.21 -2491.80 -2178.78 -769.41
-2170.87 -2355.48 -1151.37 -1588.22 -2384.79 -2592.75 -2365.49 -1830.48 -964.95 -2080.66 -543.29 -1897.09 -848.86 -1932.09 -2019.20 -1386.47 -2279.56 -2138.70 -1633.27 -2147.66 -2909.26 -478.34 -1103.12 -2677.07 -534.31 -2696.64 -1106.48 -1946.27 -1398.42 -2549.00 -2789.13 -2876.29 -1146.56 -1698.54 -2132.01 -2084.70 -1441.97 -2387.20 -1194.12 -1700.70 -2132.96 -1838.03 -595.55 -1644.22 -1809.51 -857.08 -1451.73 -1792.81 -971.21 -1970.87
-2446.15 -1717.09 -1959.56 -2550.85 -2472.65 -742.64 -2848.10 -979.00 -2394.09 -2966.70 -2314.79 -869.99 -2827.17 -1214.68 -2946.09 -2697.29 -2700.49 -2353.24 -2323.78 -1679.67 -2103.23 -1102.00 -511.03 -603.31 -510.44 -2713.18 -2589.26 -1872.01 -2319.41 -511.85 -2546.47 -2503.16 -1929.14 -1354.98 -1589.92 -1109.54 -2687.51 -1698.19 -2735.01 -1100.14 -1432.16 -2657.73 -532.18 -2433.91 -1184.35 -2028.07 -2100.97 -1341.70 -1024.41 -2392.16
-1176.72 -731.82 -2380.94 -800.84 -1527.39 -1742.62 -747.27 -1995.73 -1630.09 -1112.99 -2543.89 -2411.21 -2363.63 -2030.49 -1427.03 -1184.02 -2437.78 -2724.24 -1053.23 -1585.28 -1924.33 -1868.50 -2504.65 -840.43 -1923.55 -1816.67 -852.89 -2797.21 -749.89 -1656.28 -2672.52 -2507.89 -1871.05 -2114.30 -2404.56 -1328.34 -2771.26 -1690.83 -1614.16 -870.74 -838.65 -1592.65 -510.33 -1372.65 -1807.68 -3007.13 -2917.70 -2804.38 -634.36 -2046.36
-2032.58 -538.59 -1577.39 -2876.69 -705.45 -1926.22 -1870.24 -2106.83 -1791.37 -2511.81 -1336.04 -2993.98 -881.21 -2851.92 -1141.97 -2310.94 -2877.83 -1150.41 -2232.66 -2371.60 -1370.34 -2251.64 -1184.00 -877.99 -2130.63 -2421.11 -1227.28 -2782.57 -2502.28 -1409.87 -2460.86 -1049.62 -1216.98 -1600.92 -1622.05 -1175.67 -1931.23 -2764.18 -2471.39 -2397.85 -1304.95 -2067.50 -866.25 -2589.75 -1963.47 -2700.19 -1960.82 -527.51 -2702.31 -863.05
-1405.76 -2325.07 -2849.33 -2287.23 -1509.62 -1614.29 -1124.81 -1100.68 -2962.26 -1163.00 -859.44 -1466.68 -2456.15 -1965.49 -2170.72 -1910.66 -2022.43 -2651.74 -1361.12 -1400.44 -1354.05 -1108.26 -2698.00 -1153.93 -1716.06 -1343.47 -1363.26 -2508.86 -1387.68 -1991.86 -2300.84 -953.75 -1617.46 -1597.47 -1663.13 -1554.72 -2123.45 -2587.35 -2435.01 -2317.18 -2287.86 -2750.43 -1372.05 -1107.50 -2540.27 -1248.59 -878.58 -2573.84 -1538.93 -3003.18
-1087.19 -1684.39 -2593.94 -2745.29 -1892.60 -1006.05 -970.40 -2537.61 -2897.62 -1826.09 -976.42 -1826.38 -1557.37 -745.30 -1154.67 -640.66 -820.00 -2629.24 -1243.34 -2346.97 -637.86 -1744.82 -1878.36 -1571.15 -976.40 -1785.91 -2140.88 -1776.99 -1102.43 -1466.62 -1600.20 -1675.46 -2072.03 -2111.65 -855.43 -2565.72 -1906.17 -886.91 -1170.47 -1813.47 -2964.38 -2536.89 -1821.10 -537.70 -2379.39 -2095.53 -518.92 -977.99 -2400.66 -1156.33
-2801.58 -1088.28 -1301.81 -1570.07 -2860.59 -2538.30 -1394.81 -2483.39 -1215.43 -2181.89 -1016.99 -1876.17 -962.17 -2400.59 -2528.41 -978.43 -808.27 -630.18 -2624.36 -1082.76 -2636.82 -2657.15 -2858.11 -1493.48 -984.63 -1334.46 -2948.46 -2747.07 -2661.88 -2506.41 -2739.30 -1569.40 -725.28 -1926.65 -2173.99 -524.17 -858.94 -752.01 -2891.70 -641.73 -1943.18 -631.05 -2108.72 -2544.51 -523.85 -2737.88 -2574.46 -2237.11 -2589.43 -525.49
