36.87 12.42 38.15 23.49 50.94 16.66 34.86 45.42 18.17 30.93 20.42 47.10 18.43 39.52 49.82 41.18 28.53 10.47 10.27 44.34 18.69 49.15 20.24 38.71 15.95 24.37 27.58 12.92 20.67 35.72 12.22 27.74 25.56 45.35 15.72 16.38 23.34 42.56 10.45 18.24 26.15 23.00 44.60 43.00 41.78 22.50 37.67 29.41 28.08 40.62
36.75 15.07 14.33 22.84 9.92 41.13 20.09 50.04 36.81 34.84 39.04 48.18 36.27 47.33 15.60 12.85 13.59 30.64 43.83 49.02 36.22 27.05 39.05 47.30 37.61 14.35 11.38 15.93 24.20 47.90 48.00 29.24 39.15 30.55 29.61 42.33 25.62 36.54 22.59 30.80 33.15 43.50 36.58 43.38 13.44 18.24 26.70 10.03 18.29 50.54
20.74 32.38 39.62 41.06 43.82 28.39 41.90 26.92 39.36 10.37 26.99 27.96 47.38 27.67 49.27 31.29 43.74 10.99 15.61 38.42 33.78 25.14 33.33 12.74 17.84 31.47 39.43 27.17 10.17 42.87 38.70 36.36 20.26 39.36 30.77 47.43 38.01 19.56 18.24 34.51 35.09 34.50 37.90 49.00 21.71 32.53 26.29 43.03 38.05 15.20
38.01 40.91 20.78 29.04 41.58 44.74 41.12 31.96 17.91 36.39 10.52 33.58 16.02 33.66 35.80 24.80 39.55 37.68 29.07 37.51 50.17 9.31 20.41 46.16 10.97 47.07 20.45 34.36 25.14 44.37 47.97 49.86 20.73 30.82 37.75 36.28 25.52 41.64 21.60 30.01 37.04 32.43 11.29 28.92 32.32 16.23 26.58 31.52 18.09 34.36
42.10 30.35 34.43 44.10 43.47 14.04 49.08 18.19 41.66 51.59 40.22 16.23 48.88 22.25 50.90 47.15 47.16 41.33 40.58 29.61 36.96 20.52 10.02 11.60 10.13 47.11 44.64 33.03 40.55 9.98 44.37 43.63 33.61 24.20 27.90 20.58 46.46 29.95 47.37 20.41 25.32 46.24 11.06 42.11 21.39 35.53 36.85 24.76 18.57 41.65
21.41 13.85 41.22 14.83 26.75 30.81 14.24 34.83 28.56 20.70 43.88 41.94 41.60 35.26 25.65 21.57 42.51 47.31 19.17 28.09 33.76 32.59 44.26 15.63 33.68 32.01 15.86 48.19 14.25 29.13 46.28 43.54 33.21 36.82 41.85 24.30 48.12 30.48 28.60 16.30 15.59 29.07 9.99 24.51 32.47 52.03 50.81 48.27 12.18 35.55
35.62 11.34 27.85 49.84 13.23 33.83 32.72 37.14 32.04 43.62 23.78 51.84 16.78 49.09 20.57 40.13 49.85 20.77 38.68 41.61 24.41 39.57 21.55 15.94 37.19 42.83 22.07 48.38 43.10 25.22 43.15 19.07 22.50 28.37 28.47 21.23 34.46 47.91 42.87 41.70 23.67 35.99 16.37 44.68 34.53 47.05 34.45 10.75 47.08 16.17
25.23 40.74 49.13 39.63 26.89 28.63 20.18 20.47 51.10 21.07 16.11 26.57 42.31 34.59 38.01 33.89 34.91 46.08 24.28 25.19 24.86 20.91 47.10 20.81 30.09 24.85 24.35 44.00 24.85 35.15 39.72 17.60 28.59 28.34 29.62 28.14 37.58 44.65 42.45 41.57 39.97 47.47 24.41 20.98 44.94 22.43 16.68 45.03 27.18 51.94
19.91 29.64 44.81 47.99 33.13 18.22 17.97 43.81 50.20 31.91 18.14 31.88 28.01 14.12 20.86 12.60 15.15 45.55 22.25 40.82 12.36 30.93 33.28 27.79 18.17 31.39 37.38 31.24 20.41 26.08 28.29 29.96 36.22 36.74 16.19 44.38 33.97 16.89 20.79 31.94 51.82 43.90 32.04 10.78 41.20 36.54 10.37 18.31 41.86 20.87
48.27 20.06 23.50 28.53 49.26 44.80 24.97 43.14 21.70 38.23 18.50 33.23 17.64 41.77 43.71 18.14 14.99 12.18 45.54 19.89 45.56 46.31 49.84 26.27 18.14 24.32 50.97 47.33 46.43 43.58 47.29 27.48 13.62 33.79 38.02 10.48 16.11 14.28 49.94 12.79 34.03 12.22 36.68 44.33 10.53 47.19 44.66 39.36 45.23 10.68
