-5993.21 -4057.69 -5252.40 -4297.38 -5705.21 -5151.52 -5469.60 -5661.82 -4247.84 -4705.31 -4743.83 -6670.97 -3412.83 -5694.63 -6712.94 -6146.09 -4921.79 -4369.27 -4562.35 -6080.13 -4337.58 -5105.06 -5017.04 -4953.94 -3696.62 -4310.90 -4065.23 -4449.78 -5412.75 -5656.40 -3791.82 -4388.80 -3606.46 -6035.17 -3857.79 -4508.27 -5226.20 -6405.03 -4661.04 -5156.40 -4717.21 -4580.66 -5723.16 -4975.91 -4598.49 -4789.02 -4965.26 -4765.58 -5650.25 -5570.94
-5426.01 -3260.93 -4018.55 -3963.17 -5103.30 -5136.12 -4054.24 -5308.67 -5109.35 -4328.18 -5262.28 -5584.52 -4327.85 -6476.38 -3503.98 -3748.24 -3642.78 -5119.85 -6890.70 -6746.72 -5334.64 -4621.18 -5275.27 -6358.80 -5602.78 -2710.21 -2665.59 -4845.74 -4557.89 -6231.23 -6163.50 -4233.84 -5281.11 -4963.42 -3938.20 -6241.52 -4372.44 -5050.51 -4317.51 -5384.25 -5155.13 -5572.20 -6224.49 -5723.15 -4519.89 -4289.39 -4765.70 -2996.32 -3200.52 -4769.74
-4886.57 -5456.38 -5591.50 -6419.33 -6039.18 -5027.03 -5734.24 -3982.10 -5505.28 -3605.96 -4428.50 -4742.39 -5978.01 -5017.79 -6621.67 -4840.45 -5903.82 -4837.46 -3833.81 -5632.44 -4657.87 -4900.57 -4094.68 -3890.08 -4929.34 -5521.97 -4864.54 -5015.52 -3938.81 -5745.77 -5370.46 -5955.41 -5065.64 -5530.78 -5390.78 -6358.78 -5723.65 -4684.31 -3080.98 -4500.67 -5239.76 -4479.58 -4977.75 -6564.57 -4565.94 -4374.29 -4367.44 -4529.11 -5269.68 -3473.77
-6012.49 -5267.11 -3895.04 -5767.54 -5076.51 -5989.56 -5472.52 -5373.63 -4671.40 -6029.05 -5352.49 -5575.03 -4864.11 -4857.98 -5694.26 -4836.17 -5659.79 -4813.20 -4963.32 -6321.34 -6362.46 -3961.48 -3984.48 -6584.38 -4060.78 -5147.15 -4688.35 -4917.67 -5001.57 -5747.97 -6572.74 -6416.69 -5160.66 -4064.80 -6492.05 -4273.72 -5272.21 -5465.69 -3336.68 -5503.46 -5692.79 -5683.52 -4226.36 -4703.78 -4456.39 -3240.33 -4759.38 -5016.57 -4665.02 -5450.54
-5923.03 -5381.97 -5147.11 -6055.59 -5505.64 -5018.89 -6023.02 -4673.98 -6043.47 -6273.50 -6455.55 -4208.96 -6239.17 -4775.52 -6663.06 -6446.69 -5341.15 -5777.77 -5588.17 -5044.45 -5684.68 -4706.43 -2868.56 -4672.68 -5313.09 -6624.31 -5793.59 -5281.42 -4973.97 -3343.91 -3811.51 -6101.75 -6001.99 -4883.70 -5229.20 -4694.79 -6393.30 -4728.60 -5311.39 -3915.98 -3769.56 -6489.55 -2504.73 -6502.37 -3914.29 -4843.55 -5957.77 -3673.26 -3745.51 -5844.33
-4339.91 -4439.32 -6299.74 -4792.43 -5859.07 -4600.75 -4081.82 -5111.15 -4025.70 -4146.99 -5785.12 -5329.17 -6720.20 -5091.87 -4785.97 -3830.17 -5748.38 -6204.45 -3608.93 -4192.02 -5172.04 -4852.07 -5545.96 -2837.46 -5860.62 -5263.35 -4393.84 -6686.96 -2697.38 -4285.55 -6005.04 -5380.14 -4663.27 -5455.95 -6537.38 -4946.50 -6603.18 -4565.43 -4111.50 -3766.44 -3607.63 -3982.52 -4389.62 -5138.98 -5444.49 -6209.82 -5946.66 -6369.33 -4097.41 -5528.01
-5855.78 -5235.50 -4880.49 -6114.01 -4794.86 -5387.57 -5036.57 -6036.52 -4800.19 -6918.29 -4723.96 -5734.82 -4453.10 -5646.05 -4390.23 -6234.30 -6398.73 -4734.70 -5771.33 -6076.03 -3946.88 -5573.64 -4935.81 -3434.31 -5495.81 -4951.46 -3777.71 -6163.70 -6123.59 -4559.57 -4903.00 -4778.20 -4549.09 -4532.33 -4547.67 -4882.42 -4526.14 -6142.58 -5354.03 -5170.84 -5144.82 -4927.27 -3021.09 -5792.41 -4607.77 -5516.64 -5806.08 -3034.16 -5327.84 -4034.75
-4808.02 -6027.65 -6150.40 -5870.76 -5190.00 -5463.97 -5289.07 -4622.86 -6187.68 -4188.70 -3621.65 -5101.61 -5431.91 -4974.20 -5702.55 -5171.98 -5595.59 -5750.66 -4149.62 -5235.68 -5260.46 -4547.30 -6393.69 -5581.98 -5031.17 -4961.64 -5516.26 -5681.65 -4796.10 -4456.32 -6353.37 -4362.66 -5247.95 -4816.51 -5633.84 -4880.32 -6164.53 -5812.43 -5597.46 -5154.32 -6111.93 -5814.40 -5158.98 -4952.09 -5051.51 -4306.33 -3953.54 -5543.36 -4271.11 -6706.17
-4784.01 -5026.04 -6648.54 -5965.27 -5433.53 -4542.69 -4737.02 -5996.82 -6655.49 -5963.77 -5046.39 -4928.74 -4832.08 -4002.31 -4353.58 -3694.58 -3706.66 -6504.39 -4033.46 -5980.89 -4426.85 -4347.08 -5502.23 -5807.66 -5149.85 -4675.81 -5723.38 -5214.81 -3868.03 -4860.57 -4877.62 -4517.01 -4565.45 -4832.09 -3977.47 -5674.69 -4242.63 -2960.27 -3946.40 -5615.29 -6325.42 -6214.37 -4501.82 -5821.15 -5904.29 -4959.36 -3796.72 -4385.76 -5564.57 -4488.21
-7152.27 -4053.15 -4612.44 -4844.25 -6514.47 -5789.84 -4613.87 -6267.89 -5128.85 -5927.90 -4513.19 -5021.66 -4723.03 -6467.56 -6070.14 -5188.93 -4302.71 -4178.11 -5599.25 -3807.19 -6523.01 -6211.14 -5647.95 -5300.58 -4479.66 -4125.41 -6346.61 -5299.20 -6208.69 -5336.44 -4981.43 -5453.38 -5012.34 -4332.97 -4746.48 -3026.27 -5098.53 -4059.06 -6739.26 -3931.36 -5291.67 -4984.14 -5577.33 -5179.43 -3690.81 -6155.42 -5973.37 -5556.85 -6162.12 -3237.53
