363.58 319.58 297.13 281.76 270.38 368.77 282.67 283.72 310.66 278.19 328.76 364.83 250.79 308.84 363.20 327.37 306.25 349.55 362.89 335.51 300.24 222.44 342.14 271.63 279.01 290.33 255.48 347.49 388.05 336.43 301.22 280.35 221.80 321.68 289.82 337.32 358.75 370.80 370.30 376.49 304.61 310.98 295.34 256.46 227.87 326.43 281.68 299.81 351.95 309.46
310.33 248.00 310.07 265.18 401.49 267.94 280.28 236.74 283.59 239.11 287.95 267.20 233.02 333.73 265.73 297.78 283.39 317.66 396.51 359.15 297.18 297.81 286.58 343.49 322.29 218.41 231.31 360.95 301.03 338.88 306.30 260.32 288.27 305.66 239.18 366.63 320.23 297.03 291.07 346.52 313.58 295.48 355.27 305.44 345.56 313.09 307.71 253.45 235.87 210.18
341.47 319.86 323.33 376.82 312.01 320.17 313.92 258.01 314.15 295.56 283.13 289.79 297.60 318.12 351.48 295.70 300.49 383.06 288.95 315.23 266.89 318.80 231.45 308.07 360.16 349.06 272.40 327.30 318.59 297.58 287.56 365.46 361.88 309.22 332.49 339.95 331.01 333.62 227.33 246.04 310.25 252.04 272.02 357.84 317.06 244.79 277.83 201.77 294.31 270.55
353.40 279.67 268.30 384.87 264.00 312.17 293.13 321.94 341.69 365.94 418.77 345.14 362.57 271.93 347.25 321.14 308.15 271.08 312.32 378.79 323.30 321.07 283.27 348.59 327.59 252.41 335.36 285.64 333.24 307.10 342.98 337.08 361.28 247.49 402.24 219.48 347.65 292.58 227.91 348.66 319.15 354.17 332.42 286.79 268.89 246.39 316.16 301.57 340.73 319.74
304.47 338.56 303.57 326.14 298.68 380.76 295.47 340.80 343.20 326.37 373.74 315.80 321.91 331.97 346.67 357.15 262.64 327.52 311.78 311.60 337.65 335.20 244.40 364.35 416.21 361.92 293.01 322.26 266.96 277.99 270.80 339.68 361.33 324.48 325.01 336.22 345.49 288.84 253.59 277.97 235.00 360.04 220.05 368.22 271.29 271.20 358.55 245.08 266.57 326.76
301.49 339.32 353.38 357.46 376.07 279.72 314.65 292.31 235.88 295.70 294.84 283.51 406.68 281.99 317.66 264.64 314.29 329.36 256.60 255.97 307.87 281.57 298.66 218.60 360.77 321.86 328.22 350.53 216.56 255.84 312.74 276.61 274.98 310.26 382.63 339.00 360.35 285.63 251.43 284.03 272.18 249.67 350.27 344.80 344.60 311.79 295.91 320.06 323.03 316.93
350.29 410.80 310.07 312.93 365.02 321.97 295.84 364.43 293.01 404.92 313.03 272.55 333.11 260.20 304.82 358.25 338.72 331.15 319.29 350.07 256.26 323.08 344.52 251.79 314.62 260.06 251.08 323.05 318.47 301.10 250.00 340.48 315.74 282.79 275.14 341.19 264.74 322.91 277.14 271.92 351.79 270.55 230.74 292.19 263.68 280.98 354.74 256.44 265.09 303.18
320.10 349.88 304.26 325.58 340.00 353.96 372.50 328.96 310.71 289.68 273.34 341.44 264.39 291.41 330.84 314.97 304.11 298.84 271.31 350.51 361.53 323.89 353.08 393.47 303.34 338.78 372.02 311.11 319.41 249.55 360.39 318.61 336.43 303.50 366.66 316.79 377.34 294.00 306.40 286.09 357.40 285.99 346.47 353.21 261.73 290.72 297.44 300.39 261.84 349.61
341.57 310.87 365.87 314.65 325.24 323.55 346.10 309.85 359.50 368.42 367.39 286.72 314.07 308.85 302.54 294.31 279.61 363.96 270.30 336.06 346.29 258.91 339.75 382.24 375.66 277.39 332.86 319.62 274.90 314.44 309.61 282.03 249.76 262.04 298.33 294.11 243.81 227.35 265.03 349.52 330.93 338.12 264.39 294.28 322.92 271.49 309.11 320.35 302.07 311.88
393.72 288.54 312.66 312.15 336.66 322.89 304.56 350.83 352.46 349.26 321.38 303.31 345.54 378.37 324.58 378.23 322.48 328.31 287.05 269.58 355.23 337.38 282.90 340.91 327.28 277.23 318.27 247.25 337.38 276.40 221.70 343.99 380.46 239.76 255.77 254.82 379.37 313.14 355.15 311.79 315.24 386.61 320.79 262.73 301.82 316.03 315.89 317.29 339.34 270.74
