300.73 307.84 311.97 361.92 304.73 437.27 456.34 341.26 299.03 344.00 350.35 319.38 286.49 353.35 300.13 395.46 370.03 316.40 336.66 299.43 416.59 327.19 413.07 296.68 327.31 255.52 284.52 261.45 257.23 317.36 316.55 281.70 355.79 312.64 329.22 290.11 314.78 281.80 318.82 290.33 334.93 321.76 317.31 300.72 312.75 350.14 271.06 280.68 403.92 285.86
337.20 363.58 294.58 337.26 363.71 312.54 367.93 316.42 336.95 294.43 325.64 330.05 308.04 360.29 325.05 268.81 349.60 319.41 335.25 343.20 337.14 316.38 336.16 300.81 317.97 297.29 234.25 312.14 334.87 257.21 362.68 283.26 321.47 314.83 269.69 228.58 295.83 231.10 335.87 234.37 290.59 307.01 398.11 318.05 357.48 291.89 313.47 345.44 275.06 244.73
337.91 388.10 251.70 322.91 370.98 319.17 300.23 220.25 276.45 325.94 321.70 380.11 333.16 346.68 290.45 286.11 365.45 262.67 330.86 339.02 321.75 370.75 275.94 273.29 303.99 268.47 209.35 300.99 341.91 349.54 370.11 248.05 283.49 300.30 364.47 286.58 307.59 308.09 293.74 342.62 280.26 297.73 325.54 261.18 298.15 311.57 316.74 351.80 313.18 240.84
306.21 331.89 341.49 223.74 309.57 350.10 316.18 365.24 301.78 306.89 331.37 289.00 300.44 363.94 257.57 321.20 345.01 267.91 293.62 312.88 313.15 403.37 277.05 365.54 266.33 266.04 276.77 293.62 307.51 291.98 369.09 293.66 339.17 220.43 250.80 335.29 363.54 303.49 316.52 335.30 360.22 312.58 386.66 362.73 263.17 292.14 241.29 326.02 296.76 348.95
396.64 310.30 307.83 322.18 244.88 322.95 333.62 296.31 315.18 266.13 334.15 305.33 320.42 281.06 305.55 256.07 258.05 267.09 299.14 336.61 288.26 259.74 355.66 358.14 340.26 301.15 361.20 306.54 295.01 356.66 287.71 290.19 365.78 341.84 384.33 264.10 320.02 342.43 301.91 261.68 354.48 286.19 255.88 338.73 334.30 321.46 301.82 236.97 361.71 311.67
314.28 326.04 350.70 368.12 414.04 305.62 308.32 347.01 374.14 264.00 358.38 302.37 249.42 377.34 297.47 301.94 292.57 291.41 328.50 341.23 323.44 360.37 223.65 329.03 336.28 316.64 323.60 343.96 312.22 350.19 322.64 314.70 275.96 334.16 303.17 260.31 287.27 247.42 310.46 295.72 332.36 226.82 359.82 324.29 242.69 281.95 262.63 344.48 324.84 355.11
313.92 236.12 343.03 297.81 363.45 315.50 339.69 267.26 252.96 308.44 358.86 286.70 263.52 341.63 341.79 340.24 299.24 340.15 369.21 259.92 337.11 269.61 305.35 401.96 335.08 229.37 344.17 269.49 373.07 315.87 269.10 339.32 251.54 323.68 374.01 328.33 245.75 306.95 321.01 317.08 280.60 352.43 288.28 354.77 299.57 273.39 308.44 290.92 273.61 313.86
307.12 277.92 328.77 345.52 321.59 306.02 361.38 265.21 303.63 329.23 306.37 264.35 377.88 294.11 304.68 266.96 436.80 299.05 343.69 304.03 241.76 233.59 262.29 340.23 370.58 229.84 334.06 258.67 315.42 280.43 378.57 319.36 318.61 322.50 281.95 253.52 258.82 353.50 297.42 198.20 298.19 325.02 342.02 225.35 217.71 343.62 271.33 269.98 361.77 288.15
298.92 341.56 338.81 248.89 340.72 374.00 302.79 360.73 278.97 363.95 299.45 371.68 273.73 315.72 332.42 291.25 363.62 305.91 345.83 330.48 314.62 291.58 277.50 340.85 294.98 334.48 322.27 344.79 276.68 336.47 335.29 272.97 318.81 343.78 296.13 345.49 251.05 266.50 410.11 323.82 235.83 327.57 321.55 293.47 350.55 344.92 319.80 286.72 294.47 332.87
337.78 290.44 301.45 242.53 328.10 228.96 308.42 299.38 371.84 290.69 360.32 283.02 331.04 309.10 346.05 292.88 367.88 325.67 300.43 295.78 335.63 275.19 255.77 386.39 302.19 266.59 299.54 343.57 267.35 306.30 334.17 393.71 342.69 324.29 308.86 319.15 305.20 300.77 319.24 270.69 315.40 318.84 348.50 288.83 307.35 348.99 312.41 274.17 267.43 293.01
