-72.56 -56.00 17.12 -59.45 29.44 -44.11 41.13 -45.46 -9.98 -75.97 -16.45 7.47 -30.88 -35.97 -3.97 -42.87 -25.46 -30.99 -16.53 -18.88 -11.41 -16.73 49.13 23.89 -4.00 -15.45 -63.14 -2.88 -54.75 -1.71 -18.73 -26.00 -58.99 -22.46 -62.80 -58.26 1.65 -30.37 -87.19 -34.87 1.25 -36.56 -26.69 -52.28 -29.46 -53.46 -24.00 -75.45 -38.17 23.89
-3.57 -22.88 -41.46 -54.80 -6.35 -18.87 -2.37 -61.46 -90.11 11.08 -8.00 -23.98 -6.45 -70.18 -43.45 -10.88 21.13 -2.88 -5.46 -6.28 19.10 -3.57 -33.71 -7.97 -23.10 8.94 -35.52 0.55 -40.45 -14.00 -62.80 -9.46 -0.90 26.29 -39.10 -10.45 -34.45 -0.50 -26.37 15.47 -40.93 -23.52 -22.18 -6.45 -67.19 4.00 5.09 -32.92 -79.19 -64.00
-9.71 -34.69 -28.00 -14.87 34.04 15.72 -44.53 -74.17 -66.75 -36.56 -86.18 -28.50 -24.93 -6.50 7.10 -19.14 -32.28 -30.26 13.13 -4.12 -20.50 -22.87 -58.02 -42.69 -31.41 -13.10 11.08 -17.10 2.29 -62.91 17.98 -29.41 5.83 -29.96 -38.35 1.50 -48.90 -6.22 -26.39 9.13 30.29 -4.93 -48.56 -37.52 -33.41 -30.02 -18.02 -10.37 -22.87 37.12
29.13 -52.12 -4.73 -70.17 -16.93 11.72 -22.50 -10.69 -22.45 -66.01 -49.46 -17.71 -54.33 15.89 -16.11 -38.45 -29.46 -15.45 -26.80 0.43 8.03 -30.01 -58.37 -38.73 -2.02 17.12 -32.53 1.13 -47.97 -14.50 -26.88 -63.97 21.14 21.98 -90.11 1.31 -31.98 -38.02 -21.46 -7.57 8.94 -70.17 -18.01 -14.69 21.13 -24.69 -5.96 -79.14 -24.28 -16.28
1.99 -9.71 -5.10 -34.18 -27.19 -21.41 -27.19 -23.98 -8.93 -34.26 -30.75 -31.41 37.12 -46.01 -9.10 -26.91 -35.52 -38.45 -58.18 -11.41 21.09 -48.90 -35.57 -36.28 -52.28 1.14 -2.73 -16.28 -30.45 -15.10 -38.18 22.04 1.14 48.02 -14.87 -82.46 -8.90 -54.80 -18.00 -32.93 -6.86 -36.12 -30.69 -14.35 -16.73 -52.12 -38.33 -44.28 -44.90 13.12
-34.73 -35.19 -82.00 -4.73 -4.73 13.14 -15.14 3.88 -34.18 -36.92 -35.45 -11.97 9.09 -5.46 -33.52 -22.02 0.43 -25.52 -35.57 -40.73 -67.45 -22.56 -32.90 -14.91 -26.80 -50.11 -17.98 -46.11 -34.39 -18.86 -40.56 -23.52 5.14 -54.02 -38.91 -0.12 -22.56 -38.46 -16.00 -57.71 -42.37 -26.28 30.04 -38.88 -3.97 -56.00 9.61 -59.19 33.65 -10.28
2.29 -22.37 -9.96 8.94 27.08 25.55 -36.90 -6.87 -7.97 -4.73 46.04 -78.00 -29.10 -66.11 19.07 -2.87 -30.26 -42.75 41.50 -48.92 8.94 11.88 25.14 -33.10 -62.02 13.14 1.50 -46.02 -9.52 -26.17 -2.50 20.02 1.14 -26.45 -12.11 -82.17 1.74 29.12 -13.98 5.65 -78.80 5.12 -64.00 -44.90 -38.86 -37.71 11.88 -52.00 -37.10 9.98
-50.26 -26.37 -0.90 -52.00 21.14 -39.14 -32.15 27.08 -18.86 -8.12 12.00 -23.98 -52.28 -5.46 -38.75 5.14 -30.88 -3.98 -75.45 -46.80 -74.80 31.89 -50.87 -54.37 -30.50 -34.02 -20.73 26.29 -35.41 -19.14 -33.52 -28.73 -36.11 -82.46 -18.01 -50.99 -25.96 -34.50 21.44 25.50 -71.97 -54.91 -38.91 -36.93 -42.01 -18.39 -76.56 17.67 -35.45 -46.26
-11.97 33.61 -46.02 -22.22 -38.91 -3.45 22.29 -32.92 -66.46 -4.90 7.85 -5.96 -71.14 -46.39 -28.15 -59.19 4.00 -30.91 45.55 -83.19 -33.52 30.04 -21.71 12.02 -68.56 -58.46 -18.86 -78.17 -48.53 19.08 -2.26 41.50 -2.69 -44.11 -46.86 -62.18 -2.35 18.29 29.65 -82.01 -20.15 -28.90 -3.52 -43.45 -78.00 0.55 21.65 0.00 -45.71 45.12
-22.01 -30.91 -20.93 8.86 45.12 -2.86 -60.56 -28.11 9.65 -32.93 0.86 42.04 -59.57 11.88 0.90 -71.14 -8.92 -60.53 -31.14 21.12 5.55 -18.46 -38.22 -14.86 -54.22 -16.00 -22.99 -34.26 -40.15 -7.19 -6.69 -18.93 11.44 -34.00 -41.41 -8.56 -38.35 -32.12 -0.15 -12.11 -32.93 -15.57 -68.15 -31.10 4.00 21.98 -36.53 -36.50 -58.11 -6.87
