53.64 46.69 19.64 39.96 29.00 56.01 16.36 39.25 22.01 54.41 28.36 22.01 44.01 34.41 20.36 48.36 29.25 35.25 33.25 37.64 23.00 28.84 12.69 22.69 18.41 17.96 46.84 29.64 48.84 27.25 -0.01 23.96 49.25 21.96 41.96 52.69 30.69 25.96 57.00 54.69 22.36 34.41 37.96 56.36 31.25 42.41 28.41 47.96 32.41 22.69
24.01 53.00 36.41 37.96 34.69 46.36 12.84 46.41 53.96 27.00 22.69 -0.01 -0.01 48.01 31.96 34.01 15.25 43.00 19.25 25.25 11.64 24.01 44.69 20.41 -0.01 -0.01 47.64 10.41 -0.01 17.96 44.69 20.41 21.64 14.69 51.25 22.36 46.36 12.41 23.96 17.25 -0.01 35.64 21.96 -0.01 47.00 16.69 21.64 47.64 49.96 50.69
32.69 45.96 30.41 33.25 18.01 22.36 47.25 50.41 54.84 34.41 56.01 -0.01 39.25 18.41 16.84 24.41 46.36 36.84 30.36 18.41 -0.01 37.25 53.00 53.96 -0.01 -0.01 25.64 29.25 26.69 55.64 15.00 -0.01 10.41 51.00 49.64 -0.01 44.84 20.84 44.01 22.36 12.69 16.69 41.64 49.64 45.00 39.00 33.00 15.96 37.25 22.69
12.36 42.41 16.84 48.41 -0.01 24.36 -0.01 -0.01 46.36 45.25 40.41 35.25 53.64 26.69 42.01 50.36 31.25 18.41 23.96 22.01 12.41 27.25 40.84 50.84 25.00 32.69 41.25 26.36 40.41 -0.01 55.00 50.36 22.36 10.84 53.96 -0.01 54.36 40.84 26.41 24.84 -0.01 48.41 21.25 -0.01 26.69 35.96 39.00 54.41 41.64 38.36
9.96 31.25 17.25 27.96 23.96 33.00 23.96 -0.01 -0.01 40.69 36.84 43.00 22.69 35.25 21.25 37.64 -0.01 50.36 42.01 -0.01 13.25 45.64 38.84 47.64 56.36 32.36 14.84 38.36 -0.01 27.25 32.01 25.00 32.36 14.36 34.36 51.96 25.64 40.69 21.64 45.00 36.36 34.41 41.96 38.69 -0.01 42.41 45.64 52.36 43.64 35.00
-0.01 31.00 53.64 16.84 -0.01 26.01 22.41 14.41 27.96 49.64 27.96 24.36 19.64 19.25 45.64 32.84 22.01 37.64 40.01 52.84 44.41 55.00 36.84 31.64 26.69 33.96 30.01 31.96 48.01 42.01 36.41 -0.01 30.01 48.84 43.25 16.41 55.00 32.36 24.41 56.69 32.84 35.25 20.01 48.01 20.36 44.41 26.01 43.00 13.64 27.25
26.69 22.84 40.01 -0.01 17.64 22.36 38.84 29.25 22.36 -0.01 13.00 49.96 41.25 41.96 17.25 27.25 36.84 42.84 18.69 57.00 -0.01 10.41 20.36 45.25 55.00 26.01 10.41 47.00 -0.01 26.41 40.69 28.36 32.36 -0.01 40.69 54.41 20.84 14.01 26.01 27.64 49.96 39.00 50.69 43.64 52.01 46.69 12.01 42.41 -0.01 16.84
48.69 24.84 20.84 42.41 22.01 34.41 32.41 19.00 42.01 20.41 12.69 51.00 55.64 19.25 40.84 30.01 56.69 16.01 48.41 36.69 50.69 18.01 51.25 38.84 54.69 41.00 -0.01 13.25 -0.01 24.84 -0.01 40.84 52.69 54.36 19.96 45.25 49.00 46.41 33.00 26.69 54.36 51.64 43.64 45.25 33.25 40.01 55.64 17.64 27.96 44.84
22.41 14.01 44.84 28.84 43.25 12.41 15.25 47.64 46.36 23.64 12.41 38.01 50.84 54.01 33.00 39.96 16.69 39.64 12.36 55.00 -0.01 20.01 38.69 32.36 51.64 42.36 42.36 52.41 49.25 21.64 22.84 18.69 13.96 56.69 56.36 41.96 31.64 18.69 15.64 53.25 29.00 35.64 -0.01 31.96 51.64 9.96 20.69 18.69 49.25 18.69
23.25 39.64 -0.01 10.41 18.69 34.01 47.64 48.01 26.69 45.00 14.41 14.01 52.01 12.01 -0.01 50.41 37.00 56.01 30.84 31.00 32.36 19.96 36.84 40.36 44.84 24.41 30.84 38.84 39.00 13.96 -0.01 -0.01 11.64 29.64 -0.01 20.41 49.64 32.41 16.41 40.01 45.00 28.84 53.00 -0.01 14.41 10.84 44.01 -0.01 37.96 40.36
