52.41 44.41 20.01 40.41 29.00 56.69 16.69 38.41 -0.01 56.36 -0.01 21.25 43.64 36.36 18.41 47.25 28.41 34.84 34.01 38.01 -0.01 -0.01 12.36 22.01 20.69 18.41 46.41 30.01 46.36 28.69 30.84 25.64 48.84 24.36 44.69 50.84 29.64 26.84 53.96 28.36 20.84 35.64 -0.01 55.64 30.41 43.25 30.69 48.41 32.41 22.01
22.84 52.69 37.25 40.69 33.64 46.69 11.96 47.25 53.96 25.64 20.41 36.01 18.36 45.96 32.41 33.64 16.36 42.69 18.41 25.25 10.84 22.84 43.25 22.36 35.25 -0.01 -0.01 9.96 52.36 19.64 41.96 21.25 20.84 13.25 -0.01 -0.01 -0.01 -0.01 24.84 18.01 52.69 -0.01 25.00 34.36 43.96 14.41 21.25 49.00 35.00 48.41
31.25 -0.01 32.69 34.36 19.00 21.64 48.01 50.41 56.36 35.64 53.96 40.41 41.00 -0.01 17.64 24.84 45.64 38.69 30.69 20.01 32.41 38.36 50.84 -0.01 43.00 25.25 27.00 -0.01 25.25 55.25 12.84 41.00 32.41 50.01 50.69 10.41 45.64 20.84 44.01 21.25 11.25 -0.01 40.41 -0.01 -0.01 36.84 31.64 16.84 38.36 23.00
11.25 44.01 -0.01 48.41 28.69 23.64 34.41 21.96 46.36 43.96 41.25 36.69 53.64 26.01 42.69 -0.01 30.41 17.96 26.69 20.84 14.36 25.96 39.96 -0.01 22.84 33.00 42.01 25.25 42.36 26.41 54.69 48.41 22.01 13.00 53.96 9.96 55.00 43.00 27.25 26.01 -0.01 48.41 19.96 25.96 26.36 -0.01 38.01 48.84 42.36 37.64
11.25 32.69 -0.01 30.01 27.00 -0.01 27.00 36.01 20.69 38.84 38.36 -0.01 23.00 33.96 -0.01 37.25 47.64 -0.01 39.96 23.00 13.64 44.84 40.01 48.36 55.64 32.01 -0.01 37.64 42.36 -0.01 29.96 24.01 32.01 15.00 33.25 54.36 24.84 37.96 19.96 43.25 36.01 36.01 -0.01 37.64 28.84 44.01 45.64 51.64 52.84 34.69
46.84 27.96 51.96 -0.01 16.84 26.36 22.84 16.01 30.01 51.00 28.41 22.41 19.25 18.41 -0.01 35.00 20.84 -0.01 38.84 -0.01 43.96 55.00 37.64 31.25 23.96 33.96 -0.01 31.96 48.01 42.36 37.64 55.64 30.36 51.00 43.64 18.01 55.00 29.96 26.69 55.25 31.96 35.25 21.00 47.64 18.41 46.69 26.01 39.96 15.00 27.25
25.25 21.96 41.00 -0.01 19.00 22.36 39.64 30.36 20.41 16.84 12.01 51.64 -0.01 41.96 19.00 28.36 38.69 44.36 18.69 55.64 -0.01 12.01 20.01 -0.01 52.84 26.36 -0.01 44.84 21.64 26.41 36.69 29.00 32.01 38.36 40.01 54.41 22.69 13.64 -0.01 28.69 52.69 38.36 48.41 42.84 52.36 45.25 10.41 44.69 49.25 19.00
46.84 23.96 21.64 44.69 22.36 34.84 35.00 17.64 42.36 22.01 10.41 50.36 56.36 18.41 42.36 30.36 57.00 -0.01 47.96 33.96 47.96 18.69 52.36 37.96 54.69 38.84 32.84 14.69 47.00 24.41 45.64 -0.01 52.01 51.96 21.25 44.84 48.01 -0.01 33.00 26.69 52.41 51.25 43.25 47.00 31.96 40.01 54.41 17.64 28.41 46.69
24.36 14.01 47.00 28.84 43.64 11.96 16.69 49.00 43.96 22.84 15.00 39.00 50.41 54.01 30.41 43.00 14.41 39.25 12.36 51.96 45.64 21.00 37.25 33.00 50.41 39.96 42.01 52.41 50.01 23.00 24.69 18.69 -0.01 56.01 56.01 44.01 32.69 17.25 16.69 51.96 26.41 34.84 15.64 32.41 49.96 10.41 19.64 16.41 50.69 19.00
21.96 39.25 32.69 10.84 19.00 34.36 46.41 48.69 25.64 43.25 14.84 15.00 50.84 10.41 11.25 50.84 35.64 55.25 30.41 30.69 32.36 22.36 36.84 40.01 44.84 26.69 31.25 40.69 36.41 17.00 17.96 30.69 10.41 27.96 53.00 21.64 50.69 34.01 19.00 40.69 53.25 30.01 50.41 13.25 16.69 13.00 53.25 48.41 37.96 40.69
