-16284.17 -15258.67 -8952.91 -27084.89 -5268.20 -7198.65 -6467.60 -17017.09 -46438.24 -15498.07 -46332.31 -10202.40 -9000.91 -15458.07 -15426.07 -9783.83 -16997.09 -13756.84 -10226.40 -8988.91 -46194.75 -47423.02 -6459.60 -7130.65 -15206.67 -27040.89 -18357.74 -8972.91 -11850.25 -9409.55 -47425.02 -23550.00 -13784.84 -22994.01 -22883.13 -11581.51 -8062.96 -25069.50 -22798.77 -6491.60 -11802.25 -16248.17 -51571.01 -8495.12 -17001.09 -17025.09 -15226.67 -27100.89 -20925.68 -7130.65
-12205.59 -5698.18 -17013.09 -22875.13 -8070.96 -6527.60 -25041.50 -17033.09 -32149.02 -7773.54 -15210.67 -46452.24 -46322.31 -23260.64 -27068.89 -8980.91 -9719.83 -5678.18 -16977.09 -11967.41 -12775.19 -12205.59 -9441.55 -15430.07 -46909.05 -65582.04 -46636.46 -27024.89 -46356.31 -23538.00 -22883.13 -16981.09 -12795.19 -9381.55 -46925.05 -46326.31 -46350.31 -46602.46 -25065.50 -10194.40 -46279.57 -46624.46 -22734.77 -46338.31 -22778.77 -15198.67 -10892.59 -7817.54 -22754.77 -15266.67
-9417.55 -51579.01 -15230.67 -9755.83 -6810.04 -8427.12 -10254.40 -20961.68 -11870.25 -16248.17 -23276.64 -48540.50 -9188.10 -48518.50 -12787.19 -18313.74 -8475.12 -11553.51 -6495.60 -15741.28 -48532.50 -9763.83 -11377.04 -51587.01 -46214.75 -46899.05 -7773.54 -46903.05 -9405.55 -10960.59 -11301.04 -46212.75 -20925.68 -6874.04 -8102.96 -48510.50 -12843.19 -15312.51 -8172.15 -9731.83 -9377.55 -46243.57 -16260.17 -46638.46 -65582.04 -11349.04 -7785.54 -25049.50 -9763.83 -5638.18
-9711.83 -15789.28 -47411.02 -20957.68 -46255.57 -8431.12 -48534.50 -51555.01 -6979.25 -24133.58 -17021.09 -9425.55 -9788.34 -7138.65 -7170.65 -46354.31 -17001.09 -27040.89 -22847.13 -12201.59 -15414.07 -24097.58 -25097.50 -47445.02 -11321.04 -5658.18 -10242.40 -9739.83 -15470.07 -48526.50 -5702.18 -15486.07 -7549.64 -11297.04 -32149.02 -51543.01 -6204.17 -11357.04 -16993.09 -12209.59 -65582.04 -20957.68 -24085.58 -22742.77 -6487.60 -51569.01 -6850.04 -18361.74 -8467.12 -8459.12
-24065.58 -9417.55 -46891.05 -23224.64 -22738.77 -46204.75 -22738.77 -46452.24 -46247.57 -11557.51 -11834.25 -46214.75 -5638.18 -24113.58 -46895.05 -10924.59 -46636.46 -46354.31 -23248.64 -46194.75 -10876.59 -12843.19 -12237.59 -8479.12 -8495.12 -7569.64 -47409.02 -8459.12 -46346.31 -46901.05 -23228.64 -6822.04 -7569.64 -6124.17 -9755.83 -23054.01 -12803.19 -22875.13 -23542.00 -9196.10 -7577.64 -15773.28 -51575.01 -8078.96 -47423.02 -15789.28 -9772.34 -8487.12 -12859.19 -5662.18
-47441.02 -22746.77 -23606.00 -47411.02 -47411.02 -7557.64 -18309.74 -15733.28 -23224.64 -7821.54 -27060.89 -15434.07 -10888.59 -16977.09 -46634.46 -11341.04 -12201.59 -46626.46 -12237.59 -47447.02 -27092.89 -5320.20 -12827.19 -10912.59 -22847.13 -32109.02 -46446.24 -32105.02 -8180.15 -7589.64 -16252.17 -46644.46 -7565.64 -11373.04 -10936.59 -15737.28 -5320.20 -23010.01 -15218.67 -9465.55 -22863.13 -11987.41 -6814.04 -9008.91 -15426.07 -15258.67 -8136.15 -22770.77 -7749.54 -11971.41
-9405.55 -25061.50 -6854.04 -65582.04 -7757.54 -6931.25 -12831.19 -9747.83 -15430.07 -47411.02 -6798.04 -23602.00 -46915.05 -32125.02 -9144.10 -9743.83 -11553.51 -11846.25 -5992.56 -7833.54 -65582.04 -15725.28 -7545.64 -46919.05 -11381.04 -7557.64 -48510.50 -11365.04 -46610.46 -20913.68 -6028.56 -6152.17 -7569.64 -46342.31 -7166.65 -20969.68 -11521.51 -8940.91 -46442.24 -8058.96 -22899.13 -6172.17 -15266.67 -12839.19 -7609.64 -9445.55 -15725.28 -15254.67 -46923.05 -11309.04
-11573.51 -25065.50 -12795.19 -15254.67 -7549.64 -18333.74 -15076.07 -7757.54 -7589.64 -15745.28 -15190.67 -6196.17 -8495.12 -16977.09 -11842.25 -7565.64 -5706.18 -46432.24 -27100.89 -22867.13 -22895.13 -7122.65 -9791.83 -25093.50 -6064.56 -11353.04 -47427.02 -9381.55 -46218.75 -18313.74 -46634.46 -47435.02 -7190.65 -23054.01 -24085.58 -13776.84 -6870.04 -48546.50 -5276.20 -6008.56 -15494.07 -10952.59 -10936.59 -9200.10 -24109.58 -8164.15 -16288.17 -46606.46 -27060.89 -5686.18
-15434.07 -8112.15 -11365.04 -15328.51 -10936.59 -27028.89 -9385.55 -7817.54 -23038.01 -12799.19 -15036.07 -6850.04 -18365.74 -8192.15 -15072.07 -22770.77 -15198.67 -10928.59 -6911.25 -22794.77 -46634.46 -6814.04 -9429.55 -6160.17 -16280.17 -23030.01 -7589.64 -20965.68 -10258.40 -7765.54 -11525.51 -5992.56 -51547.01 -7198.65 -7617.64 -23252.64 -8066.96 -9389.55 -8034.96 -24149.58 -15064.07 -12823.19 -46604.46 -27068.89 -23602.00 -27024.89 -8042.96 -15202.67 -9453.55 -5630.18
-24089.58 -10928.59 -46259.57 -18285.74 -5630.18 -7573.64 -16272.17 -7182.65 -8054.96 -9196.10 -18293.74 -6802.04 -12261.59 -15725.28 -46885.05 -18365.74 -7793.54 -10270.40 -18325.74 -5654.18 -6951.25 -22990.01 -15344.51 -7585.64 -15360.51 -15218.67 -13748.84 -11557.51 -15084.07 -22718.77 -51551.01 -46257.57 -16200.17 -23558.00 -46224.75 -16220.17 -8102.96 -15769.28 -15044.07 -7166.65 -9216.10 -12217.59 -15805.28 -46887.05 -15198.67 -11297.04 -10266.40 -48548.50 -32117.02 -6515.60
