21.00 17.00 4.00 15.00 8.00 22.00 2.00 14.00 5.00 22.00 8.00 5.00 16.00 12.00 4.00 18.00 9.00 12.00 11.00 13.00 5.00 9.00 0.00 5.00 4.00 4.00 18.00 9.00 17.00 8.00 10.00 7.00 19.00 6.00 16.00 20.00 9.00 8.00 22.00 8.00 5.00 12.00 14.00 22.00 10.00 16.00 9.00 19.00 11.00 5.00
6.00 20.00 13.00 14.00 11.00 17.00 1.00 18.00 22.00 7.00 5.00 12.00 3.00 18.00 11.00 11.00 2.00 15.00 4.00 7.00 0.00 6.00 16.00 5.00 12.00 3.00 18.00 0.00 20.00 4.00 16.00 5.00 5.00 1.00 20.00 5.00 17.00 1.00 7.00 3.00 20.00 12.00 6.00 11.00 17.00 2.00 5.00 18.00 11.00 19.00
10.00 18.00 10.00 11.00 3.00 5.00 18.00 20.00 22.00 12.00 22.00 15.00 14.00 4.00 3.00 7.00 17.00 13.00 9.00 4.00 11.00 13.00 20.00 22.00 15.00 7.00 7.00 9.00 7.00 22.00 1.00 14.00 11.00 19.00 19.00 0.00 17.00 5.00 16.00 5.00 0.00 2.00 15.00 19.00 16.00 13.00 10.00 3.00 13.00 5.00
0.00 16.00 3.00 19.00 8.00 6.00 12.00 6.00 17.00 17.00 15.00 12.00 21.00 7.00 15.00 19.00 10.00 4.00 7.00 5.00 1.00 8.00 15.00 20.00 6.00 10.00 15.00 7.00 15.00 8.00 21.00 19.00 5.00 0.00 22.00 0.00 21.00 15.00 8.00 7.00 18.00 19.00 5.00 8.00 7.00 13.00 13.00 19.00 15.00 13.00
0.00 10.00 3.00 9.00 7.00 10.00 7.00 12.00 4.00 14.00 13.00 15.00 5.00 12.00 5.00 13.00 18.00 19.00 15.00 5.00 1.00 17.00 14.00 18.00 22.00 10.00 2.00 13.00 15.00 8.00 10.00 6.00 10.00 1.00 11.00 21.00 7.00 14.00 5.00 16.00 12.00 12.00 16.00 13.00 9.00 16.00 17.00 20.00 21.00 11.00
18.00 9.00 21.00 3.00 3.00 7.00 6.00 2.00 9.00 19.00 9.00 6.00 4.00 4.00 17.00 11.00 5.00 13.00 14.00 21.00 17.00 21.00 13.00 10.00 7.00 12.00 9.00 11.00 18.00 15.00 13.00 22.00 9.00 19.00 16.00 3.00 21.00 10.00 7.00 22.00 11.00 12.00 4.00 18.00 4.00 17.00 7.00 15.00 1.00 8.00
7.00 6.00 14.00 11.00 3.00 5.00 14.00 9.00 5.00 3.00 0.00 20.00 15.00 16.00 3.00 8.00 13.00 16.00 3.00 22.00 1.00 0.00 4.00 17.00 21.00 7.00 0.00 17.00 5.00 8.00 12.00 8.00 10.00 13.00 14.00 22.00 5.00 1.00 7.00 8.00 20.00 13.00 19.00 16.00 20.00 17.00 0.00 16.00 19.00 3.00
18.00 7.00 5.00 16.00 5.00 12.00 11.00 3.00 15.00 5.00 0.00 19.00 22.00 4.00 15.00 9.00 22.00 2.00 19.00 12.00 19.00 3.00 20.00 14.00 21.00 14.00 11.00 1.00 17.00 7.00 17.00 15.00 20.00 21.00 5.00 17.00 18.00 18.00 10.00 7.00 21.00 20.00 16.00 17.00 11.00 14.00 22.00 3.00 9.00 17.00
6.00 1.00 17.00 9.00 16.00 1.00 2.00 18.00 17.00 6.00 1.00 13.00 20.00 21.00 10.00 15.00 2.00 14.00 0.00 21.00 17.00 4.00 13.00 10.00 20.00 15.00 15.00 21.00 19.00 5.00 6.00 3.00 2.00 22.00 22.00 16.00 10.00 3.00 2.00 21.00 8.00 12.00 2.00 11.00 20.00 0.00 4.00 3.00 19.00 3.00
6.00 14.00 10.00 0.00 3.00 11.00 18.00 18.00 7.00 16.00 2.00 1.00 20.00 0.00 0.00 20.00 12.00 22.00 10.00 9.00 10.00 5.00 13.00 14.00 17.00 7.00 10.00 14.00 13.00 2.00 4.00 9.00 0.00 9.00 20.00 5.00 19.00 11.00 3.00 14.00 21.00 9.00 20.00 1.00 2.00 0.00 21.00 19.00 14.00 14.00
