1178.51 1111.11 694.16 1900.29 447.21 572.31 528.87 1229.27 3194.38 1125.77 3186.89 777.23 694.16 1125.77 1125.77 745.82 1229.27 1012.42 777.23 694.16 3178.05 3259.60 528.87 572.31 1111.11 1900.29 1317.62 694.16 883.88 723.50 3259.60 1666.67 1012.42 1629.80 1619.71 865.13 633.43 1767.77 1612.45 528.87 883.88 1178.51 3535.53 658.81 1229.27 1229.27 1111.11 1900.29 1490.71 572.31
910.54 472.71 1229.27 1619.71 633.43 528.87 1767.77 1229.27 2236.07 614.64 1111.11 3194.38 3186.89 1644.41 1900.29 694.16 745.82 472.71 1229.27 894.43 950.15 910.54 723.50 1125.77 3224.90 4472.14 3205.90 1900.29 3186.89 1666.67 1619.71 1229.27 950.15 723.50 3224.90 3186.89 3186.89 3205.90 1767.77 777.23 3181.74 3205.90 1612.45 3186.89 1612.45 1111.11 823.27 614.64 1612.45 1111.11
723.50 3535.53 1111.11 745.82 551.44 658.81 777.23 1490.71 883.88 1178.51 1644.41 3333.33 707.11 3333.33 950.15 1317.62 658.81 865.13 528.87 1146.82 3333.33 745.82 851.47 3535.53 3178.05 3224.90 614.64 3224.90 723.50 823.27 851.47 3178.05 1490.71 551.44 633.43 3333.33 950.15 1118.03 638.88 745.82 723.50 3181.74 1178.51 3205.90 4472.14 851.47 614.64 1767.77 745.82 472.71
745.82 1146.82 3259.60 1490.71 3181.74 658.81 3333.33 3535.53 559.02 1702.94 1229.27 723.50 745.36 572.31 572.31 3186.89 1229.27 1900.29 1619.71 910.54 1125.77 1702.94 1767.77 3259.60 851.47 472.71 777.23 745.82 1125.77 3333.33 472.71 1125.77 600.28 851.47 2236.07 3535.53 506.21 851.47 1229.27 910.54 4472.14 1490.71 1702.94 1612.45 528.87 3535.53 551.44 1317.62 658.81 658.81
1702.94 723.50 3224.90 1644.41 1612.45 3178.05 1612.45 3194.38 3181.74 865.13 883.88 3178.05 472.71 1702.94 3224.90 823.27 3205.90 3186.89 1644.41 3178.05 823.27 950.15 910.54 658.81 658.81 600.28 3259.60 658.81 3186.89 3224.90 1644.41 551.44 600.28 506.21 745.82 1629.80 950.15 1619.71 1666.67 707.11 600.28 1146.82 3535.53 633.43 3259.60 1146.82 745.36 658.81 950.15 472.71
3259.60 1612.45 1666.67 3259.60 3259.60 600.28 1317.62 1146.82 1644.41 614.64 1900.29 1125.77 823.27 1229.27 3205.90 851.47 910.54 3205.90 910.54 3259.60 1900.29 447.21 950.15 823.27 1619.71 2236.07 3194.38 2236.07 638.88 600.28 1178.51 3205.90 600.28 851.47 823.27 1146.82 447.21 1629.80 1111.11 723.50 1619.71 894.43 551.44 694.16 1125.77 1111.11 638.88 1612.45 614.64 894.43
723.50 1767.77 551.44 4472.14 614.64 559.02 950.15 745.82 1125.77 3259.60 551.44 1666.67 3224.90 2236.07 707.11 745.82 865.13 883.88 496.90 614.64 4472.14 1146.82 600.28 3224.90 851.47 600.28 3333.33 851.47 3205.90 1490.71 496.90 506.21 600.28 3186.89 572.31 1490.71 865.13 694.16 3194.38 633.43 1619.71 506.21 1111.11 950.15 600.28 723.50 1146.82 1111.11 3224.90 851.47
865.13 1767.77 950.15 1111.11 600.28 1317.62 1100.50 614.64 600.28 1146.82 1111.11 506.21 658.81 1229.27 883.88 600.28 472.71 3194.38 1900.29 1619.71 1619.71 572.31 745.82 1767.77 496.90 851.47 3259.60 723.50 3178.05 1317.62 3205.90 3259.60 572.31 1629.80 1702.94 1012.42 551.44 3333.33 447.21 496.90 1125.77 823.27 823.27 707.11 1702.94 638.88 1178.51 3205.90 1900.29 472.71
1125.77 638.88 851.47 1118.03 823.27 1900.29 723.50 614.64 1629.80 950.15 1100.50 551.44 1317.62 638.88 1100.50 1612.45 1111.11 823.27 559.02 1612.45 3205.90 551.44 723.50 506.21 1178.51 1629.80 600.28 1490.71 777.23 614.64 865.13 496.90 3535.53 572.31 600.28 1644.41 633.43 723.50 633.43 1702.94 1100.50 950.15 3205.90 1900.29 1666.67 1900.29 633.43 1111.11 723.50 472.71
1702.94 823.27 3181.74 1317.62 472.71 600.28 1178.51 572.31 633.43 707.11 1317.62 551.44 910.54 1146.82 3224.90 1317.62 614.64 777.23 1317.62 472.71 559.02 1629.80 1118.03 600.28 1118.03 1111.11 1012.42 865.13 1100.50 1612.45 3535.53 3181.74 1178.51 1666.67 3178.05 1178.51 633.43 1146.82 1100.50 572.31 707.11 910.54 1146.82 3224.90 1111.11 851.47 777.23 3333.33 2236.07 528.87
