8.20 3.81 4.64 7.09 4.16 7.09 4.16 6.29 4.45 -0.01 4.69 3.76 5.29 7.56 5.85 6.81 -0.01 6.89 6.80 3.81 3.64 5.36 7.36 6.84 4.84 -0.01 5.04 8.09 3.36 4.16 6.69 6.36 4.05 2.21 3.85 3.81 4.76 5.29 5.56 5.24 4.61 6.29 4.85 4.04 3.25 6.45 7.60 3.21 5.41 5.01
-0.01 3.36 5.84 7.01 3.81 7.36 4.76 6.04 4.36 5.05 4.44 6.40 -0.01 4.64 5.24 6.04 3.44 2.16 7.04 3.61 3.24 8.40 5.24 4.64 6.56 4.69 5.40 3.76 3.36 4.45 2.41 5.44 1.16 1.81 6.24 5.36 7.76 8.40 4.04 4.65 5.05 5.21 4.24 4.96 4.24 4.16 4.49 7.80 3.41 5.36
1.96 -0.01 5.56 -0.01 4.20 5.16 3.64 5.21 3.16 3.64 3.64 5.41 2.21 -0.01 4.56 2.04 2.61 5.49 -0.01 3.84 3.44 4.69 4.44 4.44 4.04 3.85 4.16 7.20 4.56 5.44 5.01 3.41 4.56 2.44 -0.01 8.09 -0.01 4.09 5.69 5.69 6.29 3.21 6.60 6.76 4.61 5.45 4.61 4.16 8.20 7.36
7.01 2.81 5.21 4.69 5.25 5.41 6.40 4.05 -0.01 5.36 5.40 5.56 -0.01 4.40 5.89 5.01 3.04 5.09 4.36 -0.01 3.36 6.76 4.81 6.16 4.84 3.84 5.04 -0.01 5.25 4.41 4.01 3.61 5.41 6.81 2.84 6.40 2.85 5.85 2.01 4.84 4.64 4.84 7.60 7.00 4.81 6.36 7.20 7.04 5.09 0.96
5.61 5.60 7.76 4.44 7.04 4.80 5.85 6.96 4.36 3.89 3.04 7.41 5.21 5.21 5.41 4.84 2.45 6.84 5.24 8.00 0.96 3.21 -0.01 3.56 5.25 5.65 3.56 5.05 2.84 3.89 3.24 4.89 4.60 4.60 8.40 3.44 5.41 -0.01 2.84 6.09 1.84 3.16 2.16 4.09 4.09 4.49 3.76 3.36 7.00 5.60
2.96 5.00 2.65 -0.01 4.69 2.16 4.04 6.24 1.16 5.61 7.04 5.16 3.61 2.04 6.29 3.56 2.24 5.20 8.09 5.64 -0.01 4.16 4.61 3.01 4.01 6.64 -0.01 6.60 4.80 6.09 3.64 3.36 2.85 5.29 4.56 3.61 5.60 6.64 4.49 6.80 5.04 -0.01 3.36 4.60 -0.01 6.09 5.56 4.41 5.80 4.84
4.96 4.44 5.65 4.60 6.56 5.61 6.49 1.76 6.96 3.36 -0.01 6.09 3.64 2.81 5.16 3.84 -0.01 2.21 2.01 5.16 5.24 6.29 6.89 1.16 4.65 6.21 -0.01 7.89 7.60 2.65 6.76 5.25 6.81 3.16 5.04 4.96 6.24 4.84 5.41 6.24 2.44 -0.01 1.61 4.44 2.25 3.61 5.01 7.56 -0.01 6.69
7.76 4.96 4.04 6.45 2.04 5.81 6.84 2.81 4.84 7.80 -0.01 3.76 3.84 4.00 7.29 -0.01 3.01 4.44 4.69 -0.01 6.44 -0.01 4.64 5.85 -0.01 6.56 4.84 4.00 4.69 4.20 6.41 5.56 2.61 -0.01 4.21 4.76 5.45 3.36 4.44 4.69 8.20 5.84 6.04 3.01 4.84 4.05 6.76 -0.01 3.96 3.64
-0.01 3.01 -0.01 4.69 5.04 3.05 3.21 5.04 3.85 3.24 4.84 3.24 3.61 4.64 3.64 3.45 -0.01 3.64 4.56 5.20 -0.01 3.64 5.16 8.40 3.56 5.81 3.41 7.01 5.36 7.00 5.21 5.24 3.61 3.96 3.24 3.24 7.60 3.84 4.81 3.85 6.04 4.00 5.45 4.05 4.81 4.80 5.45 6.05 4.41 3.61
5.64 -0.01 2.64 -0.01 -0.01 -0.01 7.76 1.56 2.81 6.56 3.96 2.41 4.24 8.20 3.64 5.20 4.01 1.96 7.56 7.09 3.01 3.41 7.16 5.45 2.64 5.64 4.24 4.85 1.41 7.20 -0.01 3.64 5.04 2.44 5.20 2.41 2.04 6.49 0.96 3.01 6.01 2.76 1.76 5.80 7.04 4.85 4.41 7.21 2.84 4.81
