125.52 54.71 76.35 102.29 81.73 77.20 178.98 145.17 129.52 25.19 129.22 82.53 80.80 162.49 126.72 165.24 25.10 185.85 182.95 121.06 148.37 44.77 48.36 91.85 101.14 26.70 47.17 22.53 51.44 125.98 186.25 50.36 103.20 62.48 74.15 78.53 80.53 163.53 154.69 139.59 169.64 196.85 72.15 49.17 129.22 85.87 48.82 79.73 74.20 24.90
28.08 170.89 96.33 164.84 135.96 48.36 124.78 100.69 49.20 125.62 52.40 24.07 23.93 133.56 145.17 77.04 50.37 53.91 107.17 45.72 99.05 179.75 145.17 79.84 121.18 129.22 131.12 50.64 24.88 126.82 75.35 110.37 55.62 71.59 24.28 52.36 150.29 125.12 53.20 89.47 117.06 154.69 77.15 48.00 26.59 49.60 26.13 147.10 46.12 47.51
48.12 25.68 78.93 22.36 188.15 47.96 135.56 42.52 45.72 49.97 135.56 42.12 81.73 22.36 48.02 99.85 80.93 80.40 24.68 142.39 103.94 129.22 146.77 48.37 26.79 26.91 49.84 49.62 168.49 65.19 168.84 26.50 48.80 107.89 27.18 171.78 27.51 165.93 198.05 162.73 24.33 78.60 196.85 152.29 163.53 100.40 75.80 43.72 102.04 48.36
74.20 47.32 75.73 129.22 121.58 51.51 79.57 73.75 26.08 47.22 53.22 166.49 25.90 212.81 197.65 25.80 115.17 177.78 49.44 25.27 37.92 76.53 169.24 101.54 111.57 68.39 25.48 25.31 121.58 53.51 157.09 27.20 24.50 24.00 108.44 183.75 121.46 126.72 83.17 140.39 66.79 145.97 147.50 166.84 119.06 138.79 182.15 47.20 199.25 56.36
73.80 81.17 118.78 146.77 135.99 132.32 120.38 23.78 54.36 149.97 97.85 157.93 56.48 154.69 132.76 145.97 133.52 71.95 100.34 146.70 50.12 78.60 27.51 170.49 100.80 87.47 144.39 110.37 154.30 83.60 106.29 178.18 187.35 25.87 164.04 69.19 69.35 23.98 137.16 51.44 28.68 51.60 52.82 55.44 130.42 165.13 24.48 180.58 50.02 198.85
52.02 152.70 106.00 26.00 148.37 52.82 81.04 48.80 54.82 153.89 107.17 41.72 45.72 71.99 51.04 24.68 28.28 25.27 171.78 102.84 28.08 54.76 119.46 26.90 147.52 92.25 26.07 105.24 132.32 187.45 152.70 159.09 54.02 128.02 46.37 171.64 169.64 146.70 129.62 196.45 93.85 23.67 51.56 200.85 26.10 175.78 176.18 74.35 80.77 51.60
124.38 146.77 48.42 83.17 100.74 73.80 50.64 54.71 76.13 50.42 27.00 79.20 126.16 69.59 167.29 26.99 24.99 78.75 62.88 103.54 110.77 187.05 195.65 55.62 72.55 131.16 26.59 75.60 126.72 133.12 173.78 109.97 151.49 38.32 139.99 48.36 91.45 98.33 144.72 95.53 84.24 25.68 82.93 96.65 106.80 165.53 168.84 119.18 26.58 125.22
135.99 155.89 102.74 114.26 93.87 71.55 129.16 74.55 133.16 76.77 25.78 49.62 49.57 84.37 143.17 22.93 172.84 80.24 148.37 27.70 120.56 22.98 79.84 48.02 23.48 182.15 133.16 84.37 148.37 83.97 142.72 78.93 81.97 27.19 79.80 124.78 116.26 24.88 99.13 82.00 180.15 121.76 95.93 122.66 47.57 112.37 164.09 28.11 82.13 26.88
22.87 27.80 22.47 200.05 100.74 27.71 78.60 65.99 130.72 143.59 150.30 101.53 67.99 25.88 113.97 27.31 25.80 96.65 125.18 170.44 24.78 100.73 79.73 193.25 51.11 73.40 79.33 48.31 123.58 127.92 69.75 97.53 27.20 105.94 149.17 153.50 126.72 53.60 76.53 112.77 49.20 110.44 100.40 90.67 133.96 132.32 116.26 119.98 163.93 148.32
122.16 22.36 100.25 24.31 23.13 24.27 118.78 54.80 74.55 164.49 50.00 82.37 105.64 125.52 96.65 199.65 75.15 54.02 47.96 124.42 159.09 172.04 172.98 109.57 108.84 77.84 77.15 122.38 84.37 166.44 24.39 68.79 123.36 52.37 81.97 27.50 99.85 186.65 55.22 122.66 116.66 49.97 54.76 184.95 71.55 126.02 71.35 95.93 149.97 77.57
