6.45 1.76 3.41 5.24 2.21 4.81 4.49 5.24 6.20 5.64 3.25 1.81 3.01 7.56 7.60 7.80 4.81 6.89 6.16 3.05 4.69 6.24 4.96 6.04 6.36 3.21 4.16 -0.01 6.09 3.05 6.69 3.96 4.05 2.21 3.01 5.76 2.81 4.61 5.21 5.96 5.60 6.60 4.01 3.16 4.69 6.04 4.56 5.16 7.01 -0.01
2.44 3.36 7.01 8.00 3.44 4.96 3.65 7.89 6.04 6.49 2.76 -0.01 6.69 5.01 6.29 6.04 2.56 4.21 6.65 3.16 2.44 7.76 6.29 4.64 5.45 3.25 3.65 6.49 -0.01 5.89 3.25 5.05 4.20 2.24 -0.01 2.96 7.41 6.65 2.36 4.24 5.81 5.56 3.01 6.64 -0.01 5.84 -0.01 6.44 2.96 7.41
2.41 4.84 3.61 -0.01 3.56 7.56 4.01 4.76 3.61 2.76 4.01 4.96 4.16 -0.01 5.85 2.84 4.56 3.21 5.84 4.56 4.96 3.25 5.49 3.56 -0.01 -0.01 6.89 4.16 4.56 5.01 6.00 -0.01 6.24 4.29 3.56 7.76 3.25 3.41 6.00 5.01 -0.01 4.81 6.29 6.41 5.29 5.45 6.21 4.61 6.04 4.96
5.41 2.36 7.16 3.25 6.36 3.36 3.81 3.21 2.16 8.40 2.36 5.56 4.01 4.40 6.20 -0.01 2.65 4.76 7.09 5.20 3.36 4.81 5.80 4.64 4.45 3.41 -0.01 5.45 6.36 2.36 4.36 -0.01 -0.01 -0.01 5.00 5.76 3.61 7.60 4.60 5.56 4.21 5.89 6.24 6.01 4.05 5.64 6.56 5.36 5.40 3.36
7.21 3.01 6.65 5.49 7.76 3.05 6.96 -0.01 1.96 2.84 3.84 8.09 5.21 5.56 5.04 5.89 4.20 5.61 6.76 6.64 1.41 4.81 3.25 3.56 5.25 5.24 2.84 5.44 4.20 1.61 5.09 4.56 3.96 -0.01 7.41 3.01 6.25 6.76 3.21 3.36 -0.01 4.84 3.45 1.36 2.65 3.81 -0.01 3.69 3.96 5.29
6.00 3.64 2.65 4.81 3.64 3.45 4.04 4.56 2.45 5.96 6.65 5.61 3.16 1.61 3.56 -0.01 -0.01 -0.01 7.76 7.80 2.44 1.76 3.85 -0.01 4.01 5.84 4.40 4.44 3.05 6.09 5.00 3.01 1.56 3.85 5.44 4.60 4.61 8.00 3.05 6.49 5.84 6.80 5.76 4.29 3.81 5.76 5.89 5.64 3.21 3.16
3.85 5.49 4.36 2.01 5.04 7.21 3.76 3.81 5.01 4.65 3.81 3.81 3.64 3.24 5.16 -0.01 5.84 3.44 2.01 3.64 4.85 6.29 7.20 4.20 3.81 5.84 4.24 5.61 5.85 4.40 7.09 5.64 7.16 3.16 5.76 7.36 7.04 6.01 5.41 7.41 2.44 4.84 3.56 3.64 2.25 4.29 6.00 6.45 4.16 5.25
7.04 4.61 5.56 7.21 2.45 7.04 7.21 3.65 5.21 5.21 4.96 5.05 2.96 1.41 6.24 7.69 4.00 4.44 3.64 2.21 6.44 7.76 4.64 4.56 4.76 7.20 5.21 1.41 3.64 1.61 6.41 3.61 5.20 3.64 2.61 3.65 6.21 -0.01 5.61 2.41 7.56 5.84 7.21 2.25 3.96 4.44 6.76 2.65 2.01 -0.01
7.60 -0.01 8.00 5.00 6.56 -0.01 4.81 4.61 5.60 3.96 6.20 4.41 4.04 -0.01 3.25 -0.01 5.01 4.44 3.45 4.21 5.96 4.81 3.21 8.09 5.61 7.41 5.36 4.96 4.25 5.25 6.05 6.41 -0.01 2.44 4.29 4.60 5.85 2.16 6.76 4.24 4.36 1.84 5.45 3.64 4.44 3.05 6.21 7.16 5.09 3.61
5.64 -0.01 1.84 6.45 7.49 6.20 6.65 3.24 3.65 6.56 5.64 5.00 6.40 6.45 4.44 4.89 5.24 5.00 5.16 5.65 3.36 4.40 7.49 5.84 4.80 5.64 3.01 5.96 4.00 6.21 6.44 3.21 5.04 1.56 2.61 -0.01 2.84 6.49 2.25 2.25 5.25 3.64 4.16 5.16 5.81 6.29 5.25 6.04 3.89 7.40
