707.11 1644.41 1178.51 865.13 1125.77 1111.11 528.87 633.43 707.11 3205.90 723.50 1125.77 1111.11 559.02 707.11 551.44 3333.33 496.90 506.21 777.23 633.43 1767.77 1629.80 950.15 883.88 3333.33 1767.77 3181.74 1619.71 745.82 496.90 1629.80 894.43 1490.71 1229.27 1125.77 1125.77 572.31 600.28 658.81 551.44 472.71 1229.27 1767.77 723.50 1012.42 1612.45 1125.77 1146.82 3333.33
3259.60 559.02 910.54 551.44 694.16 1629.80 745.82 865.13 1666.67 723.50 1666.67 3178.05 3181.74 694.16 633.43 1118.03 1767.77 1644.41 823.27 1900.29 950.15 506.21 633.43 1118.03 745.82 723.50 707.11 1619.71 3535.53 723.50 1229.27 823.27 1612.45 1317.62 3259.60 1629.80 600.28 707.11 1666.67 1012.42 777.23 600.28 1178.51 1666.67 3205.90 1666.67 3181.74 614.64 1900.29 1644.41
1900.29 3259.60 1125.77 4472.14 506.21 1629.80 694.16 1900.29 1900.29 1767.77 694.16 1900.29 1125.77 4472.14 1702.94 950.15 1125.77 1111.11 3259.60 658.81 883.88 723.50 633.43 1767.77 3205.90 3224.90 1619.71 1612.45 559.02 1317.62 551.44 3333.33 1666.67 865.13 3186.89 528.87 3224.90 572.31 472.71 572.31 3181.74 1146.82 472.71 600.28 572.31 894.43 1146.82 1900.29 851.47 1629.80
1146.82 1900.29 1125.77 723.50 745.82 1644.41 1100.50 1229.27 3535.53 1612.45 1612.45 559.02 3333.33 447.21 472.71 3194.38 823.27 528.87 1619.71 3178.05 2236.07 1125.77 551.44 883.88 823.27 1317.62 3259.60 3224.90 745.82 1644.41 600.28 3194.38 3333.33 3194.38 851.47 506.21 777.23 707.11 1100.50 658.81 1317.62 633.43 614.64 551.44 777.23 658.81 506.21 1666.67 472.71 1629.80
1146.82 1100.50 745.82 633.43 658.81 707.11 745.82 3186.89 1629.80 633.43 950.15 572.31 1490.71 600.28 694.16 633.43 707.11 1178.51 883.88 614.64 1900.29 1146.82 3224.90 559.02 894.43 1012.42 658.81 823.27 614.64 1111.11 865.13 528.87 506.21 3178.05 551.44 1317.62 1229.27 3186.89 694.16 1619.71 3259.60 1666.67 1702.94 1619.71 723.50 572.31 3535.53 528.87 1612.45 472.71
1612.45 614.64 894.43 3194.38 633.43 1702.94 1118.03 1666.67 1702.94 600.28 823.27 1900.29 1900.29 1317.62 1619.71 3535.53 3259.60 3178.05 528.87 851.47 3259.60 1629.80 777.23 3333.33 638.88 950.15 3178.05 851.47 707.11 496.90 614.64 600.28 1702.94 723.50 1767.77 551.44 551.44 614.64 723.50 472.71 950.15 3178.05 1629.80 472.71 3333.33 528.87 528.87 1178.51 1100.50 1666.67
745.82 633.43 1702.94 1100.50 883.88 1146.82 1619.71 1644.41 1125.77 1702.94 3194.38 1111.11 745.36 1317.62 559.02 3205.90 3205.90 1178.51 1490.71 883.88 823.27 496.90 472.71 1612.45 1229.27 694.16 3205.90 1111.11 707.11 707.11 528.87 823.27 600.28 2236.07 658.81 1629.80 950.15 910.54 638.88 910.54 1118.03 3259.60 1125.77 950.15 894.43 572.31 551.44 745.82 3186.89 723.50
658.81 600.28 883.88 777.23 1012.42 1178.51 694.16 1229.27 694.16 1100.50 3186.89 1702.94 1767.77 1100.50 633.43 3181.74 551.44 1118.03 633.43 3333.33 745.36 3186.89 1118.03 1702.94 3535.53 506.21 694.16 1100.50 633.43 1100.50 638.88 1125.77 1100.50 3205.90 1146.82 745.82 777.23 3535.53 910.54 1111.11 506.21 745.36 910.54 777.23 1767.77 823.27 559.02 3224.90 1125.77 3259.60
3178.05 3194.38 3178.05 472.71 883.88 3224.90 1146.82 1317.62 707.11 658.81 614.64 910.54 1317.62 3259.60 823.27 3224.90 3194.38 950.15 745.82 551.44 3186.89 910.54 1125.77 472.71 1644.41 1146.82 1125.77 1644.41 745.82 707.11 1229.27 910.54 3194.38 883.88 633.43 614.64 707.11 1666.67 1125.77 823.27 1666.67 851.47 894.43 1012.42 694.16 707.11 777.23 745.82 572.31 638.88
745.36 4472.14 950.15 3224.90 3181.74 3178.05 745.82 1666.67 1229.27 559.02 1666.67 1100.50 851.47 707.11 950.15 472.71 1178.51 1612.45 1629.80 723.50 600.28 551.44 528.87 823.27 851.47 1118.03 1178.51 745.82 1100.50 551.44 3205.90 1317.62 745.36 1767.77 1100.50 3333.33 950.15 496.90 1702.94 777.23 777.23 1767.77 1629.80 506.21 1178.51 723.50 1229.27 910.54 633.43 1100.50
