2.542999999999999972e+01
2.521000000000000085e+01
2.348000000000000043e+01
2.667999999999999972e+01
2.562000000000000099e+01
2.510999999999999943e+01
2.457999999999999829e+01
2.403999999999999915e+01
2.650000000000000000e+01
2.637000000000000099e+01
2.489000000000000057e+01
2.269999999999999929e+01
2.417000000000000171e+01
2.508999999999999986e+01
2.467999999999999972e+01
2.414000000000000057e+01
2.691000000000000014e+01
2.632000000000000028e+01
2.501999999999999957e+01
2.501999999999999957e+01
2.528999999999999915e+01
2.503000000000000114e+01
2.625000000000000000e+01
2.357000000000000028e+01
2.462999999999999901e+01
2.601999999999999957e+01
2.412999999999999901e+01
2.564000000000000057e+01
2.658999999999999986e+01
2.630000000000000071e+01
2.646000000000000085e+01
2.503999999999999915e+01
2.473999999999999844e+01
2.503000000000000114e+01
2.642999999999999972e+01
2.471000000000000085e+01
2.310000000000000142e+01
2.467999999999999972e+01
2.544000000000000128e+01
2.644999999999999929e+01
2.378000000000000114e+01
2.360999999999999943e+01
2.528000000000000114e+01
2.721000000000000085e+01
2.423999999999999844e+01
2.582000000000000028e+01
2.403999999999999915e+01
2.578999999999999915e+01
2.389000000000000057e+01
2.417999999999999972e+01
2.316000000000000014e+01
2.707999999999999829e+01
2.580000000000000071e+01
2.637000000000000099e+01
2.592999999999999972e+01
2.651000000000000156e+01
2.576000000000000156e+01
2.644999999999999929e+01
2.512999999999999901e+01
2.598000000000000043e+01
2.555999999999999872e+01
2.521999999999999886e+01
2.560999999999999943e+01
2.532000000000000028e+01
2.546000000000000085e+01
2.446000000000000085e+01
2.392000000000000171e+01
2.487999999999999901e+01
2.455999999999999872e+01
2.419000000000000128e+01
2.439999999999999858e+01
2.317999999999999972e+01
2.414000000000000057e+01
2.353999999999999915e+01
2.441000000000000014e+01
2.380000000000000071e+01
2.428000000000000114e+01
2.448999999999999844e+01
2.442999999999999972e+01
2.405999999999999872e+01
2.408999999999999986e+01
2.476000000000000156e+01
2.480999999999999872e+01
2.371000000000000085e+01
2.387999999999999901e+01
2.421999999999999886e+01
2.473999999999999844e+01
2.312000000000000099e+01
2.446000000000000085e+01
2.469000000000000128e+01
2.473999999999999844e+01
2.482999999999999829e+01
2.451999999999999957e+01
2.460000000000000142e+01
2.505000000000000071e+01
2.528999999999999915e+01
2.517000000000000171e+01
2.464000000000000057e+01
2.469000000000000128e+01
2.417000000000000171e+01
2.489000000000000057e+01
2.496000000000000085e+01
2.437999999999999901e+01
2.569000000000000128e+01
2.464999999999999858e+01
2.542000000000000171e+01
2.407999999999999829e+01
2.378999999999999915e+01
2.501000000000000156e+01
2.476999999999999957e+01
2.394000000000000128e+01
2.389999999999999858e+01
2.467000000000000171e+01
2.460000000000000142e+01
2.407999999999999829e+01
2.457999999999999829e+01
2.423000000000000043e+01
2.498999999999999844e+01
2.457999999999999829e+01
2.383999999999999986e+01
2.367999999999999972e+01
2.414000000000000057e+01
2.483999999999999986e+01
2.457999999999999829e+01
2.455000000000000071e+01
2.523999999999999844e+01
2.446000000000000085e+01
2.519000000000000128e+01
2.475000000000000000e+01
2.464999999999999858e+01
2.437000000000000099e+01
2.421000000000000085e+01
2.476000000000000156e+01
2.391000000000000014e+01
2.382000000000000028e+01
2.496000000000000085e+01
2.360999999999999943e+01
2.442999999999999972e+01
2.348999999999999844e+01
2.403999999999999915e+01
2.462999999999999901e+01
2.448999999999999844e+01
2.414999999999999858e+01
2.510999999999999943e+01
2.632000000000000028e+01
2.510999999999999943e+01
2.471000000000000085e+01
2.491000000000000014e+01
2.432000000000000028e+01
2.455000000000000071e+01
2.523000000000000043e+01
2.592999999999999972e+01
2.467000000000000171e+01
2.450000000000000000e+01
2.537000000000000099e+01
2.473999999999999844e+01
2.483999999999999986e+01
2.369000000000000128e+01
2.371000000000000085e+01
2.421999999999999886e+01
2.353000000000000114e+01
2.432000000000000028e+01
2.314000000000000057e+01
2.362000000000000099e+01
2.319000000000000128e+01
2.421999999999999886e+01
2.441000000000000014e+01
2.312999999999999901e+01
2.464000000000000057e+01
2.408999999999999986e+01
2.389000000000000057e+01
2.328000000000000114e+01
2.337999999999999901e+01
2.460999999999999943e+01
2.344000000000000128e+01
2.323999999999999844e+01
2.337000000000000099e+01
2.326999999999999957e+01
2.321999999999999886e+01
2.282999999999999829e+01
2.344999999999999929e+01
2.358999999999999986e+01
2.360999999999999943e+01
2.221000000000000085e+01
2.287999999999999901e+01
2.335000000000000142e+01
2.278000000000000114e+01
2.232000000000000028e+01
2.337999999999999901e+01
2.257000000000000028e+01
2.233999999999999986e+01
2.217999999999999972e+01
2.298000000000000043e+01
2.319999999999999929e+01
2.323999999999999844e+01
2.321999999999999886e+01
2.278000000000000114e+01
2.294999999999999929e+01
2.253000000000000114e+01
2.207999999999999829e+01
2.289000000000000057e+01
2.275000000000000000e+01
2.335000000000000142e+01
2.310999999999999943e+01
2.232000000000000028e+01
2.232000000000000028e+01
2.228999999999999915e+01
2.205000000000000071e+01
2.257000000000000028e+01
2.348999999999999844e+01
2.239000000000000057e+01
2.269999999999999929e+01
2.230000000000000071e+01
2.192000000000000171e+01
2.369999999999999929e+01
2.521999999999999886e+01
2.421000000000000085e+01
2.432000000000000028e+01
2.396999999999999886e+01
2.292000000000000171e+01
2.475000000000000000e+01
2.401000000000000156e+01
2.475000000000000000e+01
2.330999999999999872e+01
2.300000000000000000e+01
2.398999999999999844e+01
2.330000000000000071e+01
2.301999999999999957e+01
2.328999999999999915e+01
2.396999999999999886e+01
2.394000000000000128e+01
2.437000000000000099e+01
2.392999999999999972e+01
2.442000000000000171e+01
2.389000000000000057e+01
2.328000000000000114e+01
2.392000000000000171e+01
2.425000000000000000e+01
2.437000000000000099e+01
2.357999999999999829e+01
2.321999999999999886e+01
2.342000000000000171e+01
2.300000000000000000e+01
2.351000000000000156e+01
2.387999999999999901e+01
2.346000000000000085e+01
2.355000000000000071e+01
2.305000000000000071e+01
2.287999999999999901e+01
2.303000000000000114e+01
2.394999999999999929e+01
2.398000000000000043e+01
2.353000000000000114e+01
2.344000000000000128e+01
2.380999999999999872e+01
2.378000000000000114e+01
2.380000000000000071e+01
2.428999999999999915e+01
2.373999999999999844e+01
2.357000000000000028e+01
2.367999999999999972e+01
2.333999999999999986e+01
2.455999999999999872e+01
2.441000000000000014e+01
2.439000000000000057e+01
2.298999999999999844e+01
2.414999999999999858e+01
2.462999999999999901e+01
2.367000000000000171e+01
2.369000000000000128e+01
2.364000000000000057e+01
2.450000000000000000e+01
2.385000000000000142e+01
2.373999999999999844e+01
2.385999999999999943e+01
2.392000000000000171e+01
2.375000000000000000e+01
2.376999999999999957e+01
2.310000000000000142e+01
2.328999999999999915e+01
2.312999999999999901e+01
2.421000000000000085e+01
2.398999999999999844e+01
2.410000000000000142e+01
2.432999999999999829e+01
2.460999999999999943e+01
2.489000000000000057e+01
2.407999999999999829e+01
2.471000000000000085e+01
2.364000000000000057e+01
2.401000000000000156e+01
2.439000000000000057e+01
2.412000000000000099e+01
2.394000000000000128e+01
2.335000000000000142e+01
2.333999999999999986e+01
2.326000000000000156e+01
2.382999999999999829e+01
2.321999999999999886e+01
2.344999999999999929e+01
2.301999999999999957e+01
2.303999999999999915e+01
2.348999999999999844e+01
2.382999999999999829e+01
2.389000000000000057e+01
2.369999999999999929e+01
2.335999999999999943e+01
2.417000000000000171e+01
2.298999999999999844e+01
2.339999999999999858e+01
2.348000000000000043e+01
2.307000000000000028e+01
2.407999999999999829e+01
2.358999999999999986e+01
2.389999999999999858e+01
2.412000000000000099e+01
2.355999999999999872e+01
2.337999999999999901e+01
2.344000000000000128e+01
2.348000000000000043e+01
2.364000000000000057e+01
2.337000000000000099e+01
2.358999999999999986e+01
2.333999999999999986e+01
2.401999999999999957e+01
2.471000000000000085e+01
2.414000000000000057e+01
2.303000000000000114e+01
2.403999999999999915e+01
2.437999999999999901e+01
2.441000000000000014e+01
2.433999999999999986e+01
2.453000000000000114e+01
2.337000000000000099e+01
2.433999999999999986e+01
2.448999999999999844e+01
2.398999999999999844e+01
2.342999999999999972e+01
2.385999999999999943e+01
2.303999999999999915e+01
2.314999999999999858e+01
2.401999999999999957e+01
2.360000000000000142e+01
2.378000000000000114e+01
2.394000000000000128e+01
2.353000000000000114e+01
2.353000000000000114e+01
2.360999999999999943e+01
2.378999999999999915e+01
2.348999999999999844e+01
2.321999999999999886e+01
2.228000000000000114e+01
2.382000000000000028e+01
2.448000000000000043e+01
2.376999999999999957e+01
2.394000000000000128e+01
2.410000000000000142e+01
2.376000000000000156e+01
2.314999999999999858e+01
2.498999999999999844e+01
2.478999999999999915e+01
2.480999999999999872e+01
2.407999999999999829e+01
2.366000000000000014e+01
2.375000000000000000e+01
2.369999999999999929e+01
2.326999999999999957e+01
2.367999999999999972e+01
2.375000000000000000e+01
2.369000000000000128e+01
2.369000000000000128e+01
2.341000000000000014e+01
2.369000000000000128e+01
2.328999999999999915e+01
2.432000000000000028e+01
2.389000000000000057e+01
2.394999999999999929e+01
2.376999999999999957e+01
2.416000000000000014e+01
2.460999999999999943e+01
2.403000000000000114e+01
2.364999999999999858e+01
2.371999999999999886e+01
2.401999999999999957e+01
2.482999999999999829e+01
2.330000000000000071e+01
2.273000000000000043e+01
2.348000000000000043e+01
2.383999999999999986e+01
2.350000000000000000e+01
2.332999999999999829e+01
2.312999999999999901e+01
2.342999999999999972e+01
2.469000000000000128e+01
2.348999999999999844e+01
2.412000000000000099e+01
2.467999999999999972e+01
2.450000000000000000e+01
2.360999999999999943e+01
2.355999999999999872e+01
2.412000000000000099e+01
2.400000000000000000e+01
2.453000000000000114e+01
2.491000000000000014e+01
2.437000000000000099e+01
2.473000000000000043e+01
2.501000000000000156e+01
2.453000000000000114e+01
2.421000000000000085e+01
2.400000000000000000e+01
2.394999999999999929e+01
2.405000000000000071e+01
2.471000000000000085e+01
2.385000000000000142e+01
2.405000000000000071e+01
2.489000000000000057e+01
2.473000000000000043e+01
2.366000000000000014e+01
2.458999999999999986e+01
2.405000000000000071e+01
2.439000000000000057e+01
2.448000000000000043e+01
2.401999999999999957e+01
2.576000000000000156e+01
2.380999999999999872e+01
2.430000000000000071e+01
2.503000000000000114e+01
2.494000000000000128e+01
2.433999999999999986e+01
2.521999999999999886e+01
2.478000000000000114e+01
2.551000000000000156e+01
2.387000000000000099e+01
2.439000000000000057e+01
2.373000000000000043e+01
2.428999999999999915e+01
2.383999999999999986e+01
2.448999999999999844e+01
2.542999999999999972e+01
2.478999999999999915e+01
2.405000000000000071e+01
2.480999999999999872e+01
2.473000000000000043e+01
2.485000000000000142e+01
2.428999999999999915e+01
2.469999999999999929e+01
2.496000000000000085e+01
2.437999999999999901e+01
2.455000000000000071e+01
2.416000000000000014e+01
2.389999999999999858e+01
2.485000000000000142e+01
2.357000000000000028e+01
2.396000000000000085e+01
2.401999999999999957e+01
2.405999999999999872e+01
2.376999999999999957e+01
2.498999999999999844e+01
2.439000000000000057e+01
2.507000000000000028e+01
2.435000000000000142e+01
2.503999999999999915e+01
2.496000000000000085e+01
2.414999999999999858e+01
2.401000000000000156e+01
2.430000000000000071e+01
2.433999999999999986e+01
2.407000000000000028e+01
2.346999999999999886e+01
2.396000000000000085e+01
2.366000000000000014e+01
2.355999999999999872e+01
2.362000000000000099e+01
2.380000000000000071e+01
2.376000000000000156e+01
2.346999999999999886e+01
2.396999999999999886e+01
2.482999999999999829e+01
2.378000000000000114e+01
2.341000000000000014e+01
2.403000000000000114e+01
2.360000000000000142e+01
2.444999999999999929e+01
2.416000000000000014e+01
2.291000000000000014e+01
2.391000000000000014e+01
2.417000000000000171e+01
2.310000000000000142e+01
2.348000000000000043e+01
2.446000000000000085e+01
2.351999999999999957e+01
2.498000000000000043e+01
2.460999999999999943e+01
2.321000000000000085e+01
2.450000000000000000e+01
2.455999999999999872e+01
2.405000000000000071e+01
2.425000000000000000e+01
2.448999999999999844e+01
2.425000000000000000e+01
2.344999999999999929e+01
2.366000000000000014e+01
2.446000000000000085e+01
2.392999999999999972e+01
2.398999999999999844e+01
2.353000000000000114e+01
2.289000000000000057e+01
2.412999999999999901e+01
2.437999999999999901e+01
2.323999999999999844e+01
2.423999999999999844e+01
2.378000000000000114e+01
2.323000000000000043e+01
2.387000000000000099e+01
2.330000000000000071e+01
2.416000000000000014e+01
2.419999999999999929e+01
2.430999999999999872e+01
2.428000000000000114e+01
2.407999999999999829e+01
2.376000000000000156e+01
2.389999999999999858e+01
2.344000000000000128e+01
2.426999999999999957e+01
2.455999999999999872e+01
2.551000000000000156e+01
2.526999999999999957e+01
2.557000000000000028e+01
2.505999999999999872e+01
2.517000000000000171e+01
2.451000000000000156e+01
2.585000000000000142e+01
2.496999999999999886e+01
2.507000000000000028e+01
2.583999999999999986e+01
2.580000000000000071e+01
2.550000000000000000e+01
2.532000000000000028e+01
2.564000000000000057e+01
2.542000000000000171e+01
2.501999999999999957e+01
2.414000000000000057e+01
2.464999999999999858e+01
2.448000000000000043e+01
2.473000000000000043e+01
2.491000000000000014e+01
2.532000000000000028e+01
2.451000000000000156e+01
2.551000000000000156e+01
2.530000000000000071e+01
2.433999999999999986e+01
2.487000000000000099e+01
2.501999999999999957e+01
2.510000000000000142e+01
2.553999999999999915e+01
2.532000000000000028e+01
2.444999999999999929e+01
2.614999999999999858e+01
2.532999999999999829e+01
2.573999999999999844e+01
2.594999999999999929e+01
2.550000000000000000e+01
2.569999999999999929e+01
2.585999999999999943e+01
2.612999999999999901e+01
2.623999999999999844e+01
2.607999999999999829e+01
2.544000000000000128e+01
2.614999999999999858e+01
2.512999999999999901e+01
2.553999999999999915e+01
2.507000000000000028e+01
2.476999999999999957e+01
2.510000000000000142e+01
2.616000000000000014e+01
2.544999999999999929e+01
2.528000000000000114e+01
2.596999999999999886e+01
2.585999999999999943e+01
2.562000000000000099e+01
2.535999999999999943e+01
2.473999999999999844e+01
2.541000000000000014e+01
2.573999999999999844e+01
2.533999999999999986e+01
2.519000000000000128e+01
2.551000000000000156e+01
2.546000000000000085e+01
2.532999999999999829e+01
2.462000000000000099e+01
2.533999999999999986e+01
2.505999999999999872e+01
2.442999999999999972e+01
2.417000000000000171e+01
2.523999999999999844e+01
2.469999999999999929e+01
2.496999999999999886e+01
2.541000000000000014e+01
2.589999999999999858e+01
2.550000000000000000e+01
2.501000000000000156e+01
2.437999999999999901e+01
2.539999999999999858e+01
2.550000000000000000e+01
2.582999999999999829e+01
2.510999999999999943e+01
2.528999999999999915e+01
2.582999999999999829e+01
2.487999999999999901e+01
2.442000000000000171e+01
2.557999999999999829e+01
2.548999999999999844e+01
2.594000000000000128e+01
2.539999999999999858e+01
2.546000000000000085e+01
2.437000000000000099e+01
2.464000000000000057e+01
2.476999999999999957e+01
2.442000000000000171e+01
2.464999999999999858e+01
2.601000000000000156e+01
2.623000000000000043e+01
2.617000000000000171e+01
2.580000000000000071e+01
2.607999999999999829e+01
2.555000000000000071e+01
2.642000000000000171e+01
2.655000000000000071e+01
2.573999999999999844e+01
2.567000000000000171e+01
2.525000000000000000e+01
2.483999999999999986e+01
2.557000000000000028e+01
2.526000000000000156e+01
2.455000000000000071e+01
2.512000000000000099e+01
2.500000000000000000e+01
2.476000000000000156e+01
2.514000000000000057e+01
2.582999999999999829e+01
2.523000000000000043e+01
2.414000000000000057e+01
2.448000000000000043e+01
2.548000000000000043e+01
2.557999999999999829e+01
2.419999999999999929e+01
2.467999999999999972e+01
2.473999999999999844e+01
2.457999999999999829e+01
2.492999999999999972e+01
2.539000000000000057e+01
2.601000000000000156e+01
2.483999999999999986e+01
2.485000000000000142e+01
2.501000000000000156e+01
2.476000000000000156e+01
2.417999999999999972e+01
2.480000000000000071e+01
2.473999999999999844e+01
2.505999999999999872e+01
2.457000000000000028e+01
2.435000000000000142e+01
2.594000000000000128e+01
2.428999999999999915e+01
2.385000000000000142e+01
2.396000000000000085e+01
2.494999999999999929e+01
2.435000000000000142e+01
2.442999999999999972e+01
2.478000000000000114e+01
2.446999999999999886e+01
2.489000000000000057e+01
2.446000000000000085e+01
2.564000000000000057e+01
2.391000000000000014e+01
2.435000000000000142e+01
2.464000000000000057e+01
2.478000000000000114e+01
2.501999999999999957e+01
2.460999999999999943e+01
2.385000000000000142e+01
2.450000000000000000e+01
2.476999999999999957e+01
2.419000000000000128e+01
2.371000000000000085e+01
2.355999999999999872e+01
2.507999999999999829e+01
2.414000000000000057e+01
2.453999999999999915e+01
2.401999999999999957e+01
2.371999999999999886e+01
2.612000000000000099e+01
2.419999999999999929e+01
2.505999999999999872e+01
2.437999999999999901e+01
2.450000000000000000e+01
2.430000000000000071e+01
2.446999999999999886e+01
2.344999999999999929e+01
2.487999999999999901e+01
2.407000000000000028e+01
2.455999999999999872e+01
2.430000000000000071e+01
2.598000000000000043e+01
2.396000000000000085e+01
2.512000000000000099e+01
2.480000000000000071e+01
2.539999999999999858e+01
2.525000000000000000e+01
2.419000000000000128e+01
2.489000000000000057e+01
2.412000000000000099e+01
2.471000000000000085e+01
2.480000000000000071e+01
2.555999999999999872e+01
2.519000000000000128e+01
2.451999999999999957e+01
2.498999999999999844e+01
2.451999999999999957e+01
2.510999999999999943e+01
2.516000000000000014e+01
2.589000000000000057e+01
2.528000000000000114e+01
2.555999999999999872e+01
2.485999999999999943e+01
2.662000000000000099e+01
2.478999999999999915e+01
2.546000000000000085e+01
2.467999999999999972e+01
2.480000000000000071e+01
2.478000000000000114e+01
2.426999999999999957e+01
2.483999999999999986e+01
2.464000000000000057e+01
2.469000000000000128e+01
2.533999999999999986e+01
2.589999999999999858e+01
2.469000000000000128e+01
2.578000000000000114e+01
2.503000000000000114e+01
2.596999999999999886e+01
2.507000000000000028e+01
2.578999999999999915e+01
2.500000000000000000e+01
2.501000000000000156e+01
2.458999999999999986e+01
2.505999999999999872e+01
2.591000000000000014e+01
2.530999999999999872e+01
2.426999999999999957e+01
2.480999999999999872e+01
2.594999999999999929e+01
2.603999999999999915e+01
2.539999999999999858e+01
2.557999999999999829e+01
2.537000000000000099e+01
2.580000000000000071e+01
2.462999999999999901e+01
2.475000000000000000e+01
2.542999999999999972e+01
2.573999999999999844e+01
2.516000000000000014e+01
2.594999999999999929e+01
2.519999999999999929e+01
2.505999999999999872e+01
2.514999999999999858e+01
2.594000000000000128e+01
2.553000000000000114e+01
2.564999999999999858e+01
2.510000000000000142e+01
2.564000000000000057e+01
2.591000000000000014e+01
2.648000000000000043e+01
2.535999999999999943e+01
2.614999999999999858e+01
2.569000000000000128e+01
2.621000000000000085e+01
2.530000000000000071e+01
2.630000000000000071e+01
2.532999999999999829e+01
2.594999999999999929e+01
2.653999999999999915e+01
2.507000000000000028e+01
2.473999999999999844e+01
2.521999999999999886e+01
2.569000000000000128e+01
2.482000000000000028e+01
2.598000000000000043e+01
2.560000000000000142e+01
2.512000000000000099e+01
2.576000000000000156e+01
2.605999999999999872e+01
2.557000000000000028e+01
2.578999999999999915e+01
2.503999999999999915e+01
2.592999999999999972e+01
2.567999999999999972e+01
2.619999999999999929e+01
2.666000000000000014e+01
2.621000000000000085e+01
2.598999999999999844e+01
2.612000000000000099e+01
2.664000000000000057e+01
2.639000000000000057e+01
2.617000000000000171e+01
2.508999999999999986e+01
2.632999999999999829e+01
2.655000000000000071e+01
2.619000000000000128e+01
2.564000000000000057e+01
2.725000000000000000e+01
2.539999999999999858e+01
2.605000000000000071e+01
2.696999999999999886e+01
2.614999999999999858e+01
2.594000000000000128e+01
2.601000000000000156e+01
2.587999999999999901e+01
2.596999999999999886e+01
2.560000000000000142e+01
2.587000000000000099e+01
2.585999999999999943e+01
2.544000000000000128e+01
2.580000000000000071e+01
2.626000000000000156e+01
2.662999999999999901e+01
2.505999999999999872e+01
2.387000000000000099e+01
2.555999999999999872e+01
2.612999999999999901e+01
2.492000000000000171e+01
2.512999999999999901e+01
2.480000000000000071e+01
2.542000000000000171e+01
2.478999999999999915e+01
2.432000000000000028e+01
2.480999999999999872e+01
2.487000000000000099e+01
2.473000000000000043e+01
2.537999999999999901e+01
2.537999999999999901e+01
2.512000000000000099e+01
2.578999999999999915e+01
2.464000000000000057e+01
2.535000000000000142e+01
2.476999999999999957e+01
2.526000000000000156e+01
2.428000000000000114e+01
2.446999999999999886e+01
2.503000000000000114e+01
2.610000000000000142e+01
2.592999999999999972e+01
2.539000000000000057e+01
2.550000000000000000e+01
2.521000000000000085e+01
2.544999999999999929e+01
2.551999999999999957e+01
2.601999999999999957e+01
2.525000000000000000e+01
2.557000000000000028e+01
2.553000000000000114e+01
2.571999999999999886e+01
2.489999999999999858e+01
2.519000000000000128e+01
2.587999999999999901e+01
2.564999999999999858e+01
2.564000000000000057e+01
2.535000000000000142e+01
2.635999999999999943e+01
2.503000000000000114e+01
2.535000000000000142e+01
2.451000000000000156e+01
2.555000000000000071e+01
2.555999999999999872e+01
2.503000000000000114e+01
2.494999999999999929e+01
2.623999999999999844e+01
2.573000000000000043e+01
2.587999999999999901e+01
2.557999999999999829e+01
2.507999999999999829e+01
2.539999999999999858e+01
2.592000000000000171e+01
2.450000000000000000e+01
2.517000000000000171e+01
2.598000000000000043e+01
2.594000000000000128e+01
2.478999999999999915e+01
2.535000000000000142e+01
2.514000000000000057e+01
2.517999999999999972e+01
2.416000000000000014e+01
2.617999999999999972e+01
2.514000000000000057e+01
2.521000000000000085e+01
2.605999999999999872e+01
2.501999999999999957e+01
2.485000000000000142e+01
2.567000000000000171e+01
2.482999999999999829e+01
2.442999999999999972e+01
2.471999999999999886e+01
2.492999999999999972e+01
2.480999999999999872e+01
2.589000000000000057e+01
2.548000000000000043e+01
2.535000000000000142e+01
2.489000000000000057e+01
2.512000000000000099e+01
2.537999999999999901e+01
2.537000000000000099e+01
2.555000000000000071e+01
2.537999999999999901e+01
2.503000000000000114e+01
2.505000000000000071e+01
2.569000000000000128e+01
2.482999999999999829e+01
2.489000000000000057e+01
2.607000000000000028e+01
2.505999999999999872e+01
2.532000000000000028e+01
2.489000000000000057e+01
2.517999999999999972e+01
2.469000000000000128e+01
2.442000000000000171e+01
2.491000000000000014e+01
2.555999999999999872e+01
2.548999999999999844e+01
2.428000000000000114e+01
2.516000000000000014e+01
2.442000000000000171e+01
2.378999999999999915e+01
2.483999999999999986e+01
2.503999999999999915e+01
2.496999999999999886e+01
2.560999999999999943e+01
2.564000000000000057e+01
2.557000000000000028e+01
2.467999999999999972e+01
2.439000000000000057e+01
2.523000000000000043e+01
2.382000000000000028e+01
2.535000000000000142e+01
2.430999999999999872e+01
2.410999999999999943e+01
2.448999999999999844e+01
2.485000000000000142e+01
2.373999999999999844e+01
2.426999999999999957e+01
2.460999999999999943e+01
2.505000000000000071e+01
2.494999999999999929e+01
2.476000000000000156e+01
2.507000000000000028e+01
2.467000000000000171e+01
2.607000000000000028e+01
2.517999999999999972e+01
2.546999999999999886e+01
2.576999999999999957e+01
2.546000000000000085e+01
2.569000000000000128e+01
2.562000000000000099e+01
2.517000000000000171e+01
2.594000000000000128e+01
2.541000000000000014e+01
2.505000000000000071e+01
2.471999999999999886e+01
2.601000000000000156e+01
2.532999999999999829e+01
2.612999999999999901e+01
2.551000000000000156e+01
2.528999999999999915e+01
2.512999999999999901e+01
2.585999999999999943e+01
2.458999999999999986e+01
2.521999999999999886e+01
2.605000000000000071e+01
2.582999999999999829e+01
2.660000000000000142e+01
2.546000000000000085e+01
2.707000000000000028e+01
2.587999999999999901e+01
2.616000000000000014e+01
2.535000000000000142e+01
2.575000000000000000e+01
2.601000000000000156e+01
2.558999999999999986e+01
2.516000000000000014e+01
2.632000000000000028e+01
2.555000000000000071e+01
2.601999999999999957e+01
2.571999999999999886e+01
2.592000000000000171e+01
2.557000000000000028e+01
2.571000000000000085e+01
2.505999999999999872e+01
2.578000000000000114e+01
2.617999999999999972e+01
2.528000000000000114e+01
2.492000000000000171e+01
2.512000000000000099e+01
2.546000000000000085e+01
2.542999999999999972e+01
2.532999999999999829e+01
2.589999999999999858e+01
2.500000000000000000e+01
2.475000000000000000e+01
2.571999999999999886e+01
2.630999999999999872e+01
2.380999999999999872e+01
2.567000000000000171e+01
2.469000000000000128e+01
2.589999999999999858e+01
2.607000000000000028e+01
2.473999999999999844e+01
2.521999999999999886e+01
2.487000000000000099e+01
2.498000000000000043e+01
2.619999999999999929e+01
2.523999999999999844e+01
2.546000000000000085e+01
2.582999999999999829e+01
2.605000000000000071e+01
2.571999999999999886e+01
2.603000000000000114e+01
2.537000000000000099e+01
2.412999999999999901e+01
2.567000000000000171e+01
2.580000000000000071e+01
2.637000000000000099e+01
2.598999999999999844e+01
2.616000000000000014e+01
2.639000000000000057e+01
2.544000000000000128e+01
2.589999999999999858e+01
2.648999999999999844e+01
2.592000000000000171e+01
2.555000000000000071e+01
2.680999999999999872e+01
2.660000000000000142e+01
2.582999999999999829e+01
2.608999999999999986e+01
2.544000000000000128e+01
2.555000000000000071e+01
2.550000000000000000e+01
2.567999999999999972e+01
2.548999999999999844e+01
2.551000000000000156e+01
2.489999999999999858e+01
2.510999999999999943e+01
2.476000000000000156e+01
2.535000000000000142e+01
2.535999999999999943e+01
2.580000000000000071e+01
2.544999999999999929e+01
2.507999999999999829e+01
2.542999999999999972e+01
2.496000000000000085e+01
2.532999999999999829e+01
2.421000000000000085e+01
2.426999999999999957e+01
2.564999999999999858e+01
2.596000000000000085e+01
2.444999999999999929e+01
2.596000000000000085e+01
2.564999999999999858e+01
2.564000000000000057e+01
2.528999999999999915e+01
2.521999999999999886e+01
2.535000000000000142e+01
2.587999999999999901e+01
2.578999999999999915e+01
2.619999999999999929e+01
2.557999999999999829e+01
2.542999999999999972e+01
2.576999999999999957e+01
2.566000000000000014e+01
2.537000000000000099e+01
2.589000000000000057e+01
2.626000000000000156e+01
2.557999999999999829e+01
2.630999999999999872e+01
2.658999999999999986e+01
2.553999999999999915e+01
2.678000000000000114e+01
2.694999999999999929e+01
2.503999999999999915e+01
2.625000000000000000e+01
2.496999999999999886e+01
2.530000000000000071e+01
2.646000000000000085e+01
2.657000000000000028e+01
2.683999999999999986e+01
2.617999999999999972e+01
2.619000000000000128e+01
2.630000000000000071e+01
2.607000000000000028e+01
2.569000000000000128e+01
2.592999999999999972e+01
2.614000000000000057e+01
2.610000000000000142e+01
2.644000000000000128e+01
2.528999999999999915e+01
2.651000000000000156e+01
2.641000000000000014e+01
2.628999999999999915e+01
2.558999999999999986e+01
2.642999999999999972e+01
2.683999999999999986e+01
2.542000000000000171e+01
2.530999999999999872e+01
2.662999999999999901e+01
2.621999999999999886e+01
2.644999999999999929e+01
2.632000000000000028e+01
2.630000000000000071e+01
2.710000000000000142e+01
2.603000000000000114e+01
2.596000000000000085e+01
2.569999999999999929e+01
2.623999999999999844e+01
2.617999999999999972e+01
2.632999999999999829e+01
2.621999999999999886e+01
2.557000000000000028e+01
2.650000000000000000e+01
2.669999999999999929e+01
2.546999999999999886e+01
2.667000000000000171e+01
2.582999999999999829e+01
2.723000000000000043e+01
2.621000000000000085e+01
2.635000000000000142e+01
2.612000000000000099e+01
2.751000000000000156e+01
2.546999999999999886e+01
2.598000000000000043e+01
2.687000000000000099e+01
2.632000000000000028e+01
2.564999999999999858e+01
2.712000000000000099e+01
2.662000000000000099e+01
2.558999999999999986e+01
2.637000000000000099e+01
2.637999999999999901e+01
2.642999999999999972e+01
2.582000000000000028e+01
2.635000000000000142e+01
2.594000000000000128e+01
2.558999999999999986e+01
2.512999999999999901e+01
2.512999999999999901e+01
2.719999999999999929e+01
2.635000000000000142e+01
2.571999999999999886e+01
2.571000000000000085e+01
2.544999999999999929e+01
2.630999999999999872e+01
2.585999999999999943e+01
2.669999999999999929e+01
2.600000000000000000e+01
2.698000000000000043e+01
2.651000000000000156e+01
2.707000000000000028e+01
2.667999999999999972e+01
2.666000000000000014e+01
2.603999999999999915e+01
2.642999999999999972e+01
2.721000000000000085e+01
2.560000000000000142e+01
2.621000000000000085e+01
2.587999999999999901e+01
2.591000000000000014e+01
2.587000000000000099e+01
2.680999999999999872e+01
2.694999999999999929e+01
2.592999999999999972e+01
2.646000000000000085e+01
2.664000000000000057e+01
2.630000000000000071e+01
2.566000000000000014e+01
2.646000000000000085e+01
2.573000000000000043e+01
2.614000000000000057e+01
2.598999999999999844e+01
2.571000000000000085e+01
2.585999999999999943e+01
2.617999999999999972e+01
2.501000000000000156e+01
2.564999999999999858e+01
2.491000000000000014e+01
2.521000000000000085e+01
2.551999999999999957e+01
2.596999999999999886e+01
2.582999999999999829e+01
2.575000000000000000e+01
2.537000000000000099e+01
2.485999999999999943e+01
2.551999999999999957e+01
2.589000000000000057e+01
2.623999999999999844e+01
2.555999999999999872e+01
2.573000000000000043e+01
2.587000000000000099e+01
2.592999999999999972e+01
2.501999999999999957e+01
2.537999999999999901e+01
2.526999999999999957e+01
2.592000000000000171e+01
2.608999999999999986e+01
2.587000000000000099e+01
2.551000000000000156e+01
2.521999999999999886e+01
2.594000000000000128e+01
2.562999999999999901e+01
2.516000000000000014e+01
2.589000000000000057e+01
2.548000000000000043e+01
2.546000000000000085e+01
2.532999999999999829e+01
2.580999999999999872e+01
2.464999999999999858e+01
2.430999999999999872e+01
2.514000000000000057e+01
2.503000000000000114e+01
2.446000000000000085e+01
2.448000000000000043e+01
2.537000000000000099e+01
2.469999999999999929e+01
2.555999999999999872e+01
2.467999999999999972e+01
2.396999999999999886e+01
2.485000000000000142e+01
2.560000000000000142e+01
2.467000000000000171e+01
2.492999999999999972e+01
2.564000000000000057e+01
2.528999999999999915e+01
2.519000000000000128e+01
2.546000000000000085e+01
2.587999999999999901e+01
2.548999999999999844e+01
2.537999999999999901e+01
2.567000000000000171e+01
2.592000000000000171e+01
2.512999999999999901e+01
2.596999999999999886e+01
2.692000000000000171e+01
2.455000000000000071e+01
2.546000000000000085e+01
2.478999999999999915e+01
2.505000000000000071e+01
2.503999999999999915e+01
2.551000000000000156e+01
2.660999999999999943e+01
2.503000000000000114e+01
2.591000000000000014e+01
2.442000000000000171e+01
2.492000000000000171e+01
2.548999999999999844e+01
2.608999999999999986e+01
2.564000000000000057e+01
2.410000000000000142e+01
2.546999999999999886e+01
2.555000000000000071e+01
2.498000000000000043e+01
2.530000000000000071e+01
2.521000000000000085e+01
2.567000000000000171e+01
2.532999999999999829e+01
2.692000000000000171e+01
2.562999999999999901e+01
2.614000000000000057e+01
2.578999999999999915e+01
2.578000000000000114e+01
2.446999999999999886e+01
2.616000000000000014e+01
2.623000000000000043e+01
2.630999999999999872e+01
2.537999999999999901e+01
2.492000000000000171e+01
2.535999999999999943e+01
2.480000000000000071e+01
2.575000000000000000e+01
2.585999999999999943e+01
2.526000000000000156e+01
2.628999999999999915e+01
2.548999999999999844e+01
2.564999999999999858e+01
2.580000000000000071e+01
2.614000000000000057e+01
2.601000000000000156e+01
2.655000000000000071e+01
2.480999999999999872e+01
2.391000000000000014e+01
2.462999999999999901e+01
2.492999999999999972e+01
2.455999999999999872e+01
2.569999999999999929e+01
2.555000000000000071e+01
2.530000000000000071e+01
2.633999999999999986e+01
2.491000000000000014e+01
2.557000000000000028e+01
2.591000000000000014e+01
2.571000000000000085e+01
2.619999999999999929e+01
2.623999999999999844e+01
2.641000000000000014e+01
2.632000000000000028e+01
2.621000000000000085e+01
2.601000000000000156e+01
2.589000000000000057e+01
2.560000000000000142e+01
2.635000000000000142e+01
2.569999999999999929e+01
2.512000000000000099e+01
2.539999999999999858e+01
2.501999999999999957e+01
2.575000000000000000e+01
2.576000000000000156e+01
2.587999999999999901e+01
2.578000000000000114e+01
2.635999999999999943e+01
2.567000000000000171e+01
2.608999999999999986e+01
2.671999999999999886e+01
2.648999999999999844e+01
2.621999999999999886e+01
2.612000000000000099e+01
2.687000000000000099e+01
2.696999999999999886e+01
2.694000000000000128e+01
2.694000000000000128e+01
2.675000000000000000e+01
2.639000000000000057e+01
2.700000000000000000e+01
2.678000000000000114e+01
2.610999999999999943e+01
2.658999999999999986e+01
2.619000000000000128e+01
2.628999999999999915e+01
2.719999999999999929e+01
2.641000000000000014e+01
2.651999999999999957e+01
2.685999999999999943e+01
2.621000000000000085e+01
2.632999999999999829e+01
2.678000000000000114e+01
2.773999999999999844e+01
2.680999999999999872e+01
2.673000000000000043e+01
2.698000000000000043e+01
2.573999999999999844e+01
2.612999999999999901e+01
2.675000000000000000e+01
2.617999999999999972e+01
2.653999999999999915e+01
2.630000000000000071e+01
2.608999999999999986e+01
2.530000000000000071e+01
2.523999999999999844e+01
2.553999999999999915e+01
2.635999999999999943e+01
2.580000000000000071e+01
2.564999999999999858e+01
2.598000000000000043e+01
2.541000000000000014e+01
2.510000000000000142e+01
2.610000000000000142e+01
2.564000000000000057e+01
2.610000000000000142e+01
2.637000000000000099e+01
2.542999999999999972e+01
2.551000000000000156e+01
2.557999999999999829e+01
2.535999999999999943e+01
2.571000000000000085e+01
2.625000000000000000e+01
2.600000000000000000e+01
2.626000000000000156e+01
2.625000000000000000e+01
2.758999999999999986e+01
2.575000000000000000e+01
2.682000000000000028e+01
2.614999999999999858e+01
2.621999999999999886e+01
2.700000000000000000e+01
2.664999999999999858e+01
2.601000000000000156e+01
2.662000000000000099e+01
2.692999999999999972e+01
2.657999999999999829e+01
2.626000000000000156e+01
2.619000000000000128e+01
2.687999999999999901e+01
2.580999999999999872e+01
2.687000000000000099e+01
2.678999999999999915e+01
2.653999999999999915e+01
2.603000000000000114e+01
2.667000000000000171e+01
2.660000000000000142e+01
2.707000000000000028e+01
2.744999999999999929e+01
2.662000000000000099e+01
2.728999999999999915e+01
2.635000000000000142e+01
2.696000000000000085e+01
2.737000000000000099e+01
2.683999999999999986e+01
2.651000000000000156e+01
2.642999999999999972e+01
2.658999999999999986e+01
2.607000000000000028e+01
2.719999999999999929e+01
2.714999999999999858e+01
2.623999999999999844e+01
2.719999999999999929e+01
2.744999999999999929e+01
2.828999999999999915e+01
2.751999999999999957e+01
2.648000000000000043e+01
2.775000000000000000e+01
2.664999999999999858e+01
2.719000000000000128e+01
2.635999999999999943e+01
2.648000000000000043e+01
2.610999999999999943e+01
2.551000000000000156e+01
2.635000000000000142e+01
2.646999999999999886e+01
2.601999999999999957e+01
2.628000000000000114e+01
2.657000000000000028e+01
2.644999999999999929e+01
2.728999999999999915e+01
2.667999999999999972e+01
2.580999999999999872e+01
2.691000000000000014e+01
2.664999999999999858e+01
2.623999999999999844e+01
2.621999999999999886e+01
2.657999999999999829e+01
2.591000000000000014e+01
2.657999999999999829e+01
2.767999999999999972e+01
2.626999999999999957e+01
2.657999999999999829e+01
2.573000000000000043e+01
2.623000000000000043e+01
2.623000000000000043e+01
2.705999999999999872e+01
2.694999999999999929e+01
2.635999999999999943e+01
2.648999999999999844e+01
2.662000000000000099e+01
2.573000000000000043e+01
2.710000000000000142e+01
2.719000000000000128e+01
2.751999999999999957e+01
2.598000000000000043e+01
2.750000000000000000e+01
2.710999999999999943e+01
2.755000000000000071e+01
2.605999999999999872e+01
2.733999999999999986e+01
2.812000000000000099e+01
2.698999999999999844e+01
2.757000000000000028e+01
2.744000000000000128e+01
2.780999999999999872e+01
2.733999999999999986e+01
2.721000000000000085e+01
2.646999999999999886e+01
2.628000000000000114e+01
2.585999999999999943e+01
2.555999999999999872e+01
2.671999999999999886e+01
2.617000000000000171e+01
2.746999999999999886e+01
2.657000000000000028e+01
2.735999999999999943e+01
2.683999999999999986e+01
2.667000000000000171e+01
2.726000000000000156e+01
2.750000000000000000e+01
2.750000000000000000e+01
2.757000000000000028e+01
2.637999999999999901e+01
2.608999999999999986e+01
2.712000000000000099e+01
2.630999999999999872e+01
2.775000000000000000e+01
2.560000000000000142e+01
2.691000000000000014e+01
2.608999999999999986e+01
2.623000000000000043e+01
2.655000000000000071e+01
2.669000000000000128e+01
