1.697200000000000000e+04
1.281300000000000000e+04
5.616000000000000000e+03
1.171300000000000000e+04
1.509400000000000000e+04
6.854000000000000000e+03
6.525000000000000000e+03
9.385000000000000000e+03
1.655900000000000000e+04
1.729700000000000000e+04
6.848000000000000000e+03
1.996400000000000000e+04
1.052900000000000000e+04
1.278800000000000000e+04
1.093300000000000000e+04
1.054200000000000000e+04
7.221000000000000000e+03
7.322000000000000000e+03
7.791000000000000000e+03
8.613000000000000000e+03
1.853500000000000000e+04
5.146000000000000000e+03
7.933000000000000000e+03
1.589300000000000000e+04
1.223000000000000000e+04
1.888400000000000000e+04
