5.004999999999999893e+00
4.780000000000000249e+00
4.855000000000000426e+00
5.264999999999999680e+00
5.315000000000000391e+00
5.195000000000000284e+00
4.804999999999999716e+00
4.509999999999999787e+00
4.844999999999999751e+00
5.105000000000000426e+00
5.014999999999999680e+00
4.865000000000000213e+00
4.919999999999999929e+00
4.804999999999999716e+00
4.894999999999999574e+00
5.044999999999999929e+00
4.990000000000000213e+00
5.059999999999999609e+00
4.634999999999999787e+00
4.804999999999999716e+00
4.990000000000000213e+00
4.700000000000000178e+00
4.634999999999999787e+00
5.294999999999999929e+00
4.839999999999999858e+00
5.150000000000000355e+00
4.875000000000000000e+00
5.129999999999999893e+00
5.049999999999999822e+00
5.254999999999999893e+00
4.980000000000000426e+00
5.000000000000000000e+00
5.049999999999999822e+00
4.794999999999999929e+00
4.599999999999999645e+00
4.650000000000000355e+00
5.000000000000000000e+00
5.134999999999999787e+00
4.759999999999999787e+00
5.389999999999999680e+00
5.084999999999999964e+00
4.959999999999999964e+00
5.315000000000000391e+00
5.205000000000000071e+00
5.320000000000000284e+00
4.434999999999999609e+00
4.639999999999999680e+00
5.004999999999999893e+00
5.334999999999999964e+00
4.834999999999999964e+00
4.910000000000000142e+00
2.250000000000000000e+00
2.109999999999999876e+00
2.265000000000000124e+00
2.294999999999999929e+00
2.544999999999999929e+00
2.410000000000000142e+00
2.265000000000000124e+00
2.274999999999999911e+00
2.424999999999999822e+00
2.350000000000000089e+00
2.299999999999999822e+00
2.375000000000000000e+00
2.384999999999999787e+00
2.354999999999999982e+00
2.220000000000000195e+00
2.299999999999999822e+00
2.379999999999999893e+00
2.450000000000000178e+00
2.444999999999999840e+00
2.240000000000000213e+00
2.350000000000000089e+00
2.285000000000000142e+00
2.495000000000000107e+00
2.350000000000000089e+00
2.234999999999999876e+00
2.319999999999999840e+00
2.404999999999999805e+00
2.229999999999999982e+00
2.330000000000000071e+00
2.450000000000000178e+00
2.500000000000000000e+00
2.500000000000000000e+00
2.314999999999999947e+00
2.365000000000000213e+00
2.424999999999999822e+00
2.240000000000000213e+00
2.439999999999999947e+00
2.270000000000000018e+00
2.415000000000000036e+00
2.629999999999999893e+00
2.580000000000000071e+00
2.464999999999999858e+00
2.359999999999999876e+00
2.250000000000000000e+00
2.279999999999999805e+00
2.375000000000000000e+00
2.410000000000000142e+00
2.495000000000000107e+00
2.455000000000000071e+00
2.569999999999999840e+00
2.410000000000000142e+00
2.555000000000000160e+00
2.299999999999999822e+00
2.410000000000000142e+00
2.259999999999999787e+00
2.365000000000000213e+00
2.375000000000000000e+00
2.410000000000000142e+00
2.390000000000000124e+00
2.524999999999999911e+00
2.299999999999999822e+00
2.314999999999999947e+00
2.350000000000000089e+00
2.569999999999999840e+00
2.549999999999999822e+00
2.379999999999999893e+00
2.484999999999999876e+00
2.455000000000000071e+00
2.370000000000000107e+00
2.459999999999999964e+00
2.279999999999999805e+00
2.490000000000000213e+00
2.654999999999999805e+00
2.564999999999999947e+00
2.564999999999999947e+00
2.479999999999999982e+00
2.379999999999999893e+00
2.484999999999999876e+00
2.665000000000000036e+00
2.459999999999999964e+00
2.529999999999999805e+00
2.665000000000000036e+00
2.479999999999999982e+00
2.540000000000000036e+00
2.520000000000000018e+00
2.435000000000000053e+00
2.540000000000000036e+00
2.444999999999999840e+00
2.450000000000000178e+00
2.410000000000000142e+00
2.549999999999999822e+00
2.395000000000000018e+00
2.515000000000000124e+00
2.564999999999999947e+00
2.705000000000000071e+00
2.660000000000000142e+00
2.649999999999999911e+00
2.640000000000000124e+00
2.625000000000000000e+00
2.625000000000000000e+00
2.669999999999999929e+00
2.700000000000000178e+00
2.649999999999999911e+00
2.654999999999999805e+00
2.524999999999999911e+00
2.549999999999999822e+00
2.479999999999999982e+00
2.825000000000000178e+00
2.654999999999999805e+00
2.600000000000000089e+00
2.589999999999999858e+00
2.765000000000000124e+00
2.845000000000000195e+00
2.825000000000000178e+00
2.765000000000000124e+00
2.700000000000000178e+00
2.665000000000000036e+00
2.714999999999999858e+00
2.669999999999999929e+00
2.564999999999999947e+00
2.700000000000000178e+00
2.584999999999999964e+00
2.734999999999999876e+00
2.674999999999999822e+00
2.515000000000000124e+00
2.479999999999999982e+00
2.604999999999999982e+00
2.674999999999999822e+00
2.615000000000000213e+00
2.560000000000000053e+00
2.649999999999999911e+00
2.595000000000000195e+00
2.564999999999999947e+00
2.535000000000000142e+00
2.569999999999999840e+00
2.509999999999999787e+00
2.924999999999999822e+00
2.745000000000000107e+00
2.689999999999999947e+00
2.509999999999999787e+00
2.524999999999999911e+00
2.799999999999999822e+00
2.669999999999999929e+00
2.615000000000000213e+00
2.665000000000000036e+00
2.689999999999999947e+00
2.814999999999999947e+00
2.759999999999999787e+00
2.714999999999999858e+00
2.834999999999999964e+00
3.125000000000000000e+00
2.805000000000000160e+00
2.879999999999999893e+00
2.915000000000000036e+00
2.794999999999999929e+00
2.875000000000000000e+00
3.035000000000000142e+00
2.660000000000000142e+00
2.845000000000000195e+00
2.745000000000000107e+00
2.794999999999999929e+00
2.674999999999999822e+00
2.870000000000000107e+00
2.685000000000000053e+00
2.834999999999999964e+00
2.725000000000000089e+00
2.680000000000000160e+00
2.779999999999999805e+00
2.959999999999999964e+00
2.990000000000000213e+00
2.774999999999999911e+00
2.819999999999999840e+00
2.915000000000000036e+00
2.805000000000000160e+00
2.759999999999999787e+00
2.725000000000000089e+00
2.685000000000000053e+00
2.799999999999999822e+00
2.970000000000000195e+00
3.004999999999999893e+00
2.910000000000000142e+00
2.930000000000000160e+00
2.810000000000000053e+00
2.725000000000000089e+00
2.694999999999999840e+00
2.915000000000000036e+00
2.990000000000000213e+00
2.935000000000000053e+00
2.794999999999999929e+00
2.745000000000000107e+00
2.830000000000000071e+00
2.859999999999999876e+00
2.890000000000000124e+00
2.895000000000000018e+00
2.955000000000000071e+00
2.794999999999999929e+00
2.834999999999999964e+00
2.770000000000000018e+00
2.729999999999999982e+00
2.785000000000000142e+00
2.819999999999999840e+00
2.990000000000000213e+00
2.625000000000000000e+00
2.765000000000000124e+00
2.720000000000000195e+00
2.839999999999999858e+00
2.950000000000000178e+00
2.665000000000000036e+00
2.720000000000000195e+00
2.680000000000000160e+00
2.660000000000000142e+00
2.750000000000000000e+00
2.944999999999999840e+00
2.839999999999999858e+00
2.859999999999999876e+00
2.774999999999999911e+00
2.819999999999999840e+00
2.629999999999999893e+00
2.785000000000000142e+00
2.734999999999999876e+00
2.850000000000000089e+00
2.930000000000000160e+00
2.725000000000000089e+00
2.810000000000000053e+00
2.654999999999999805e+00
2.890000000000000124e+00
2.899999999999999911e+00
2.890000000000000124e+00
3.180000000000000160e+00
2.970000000000000195e+00
2.765000000000000124e+00
3.029999999999999805e+00
2.944999999999999840e+00
2.870000000000000107e+00
2.859999999999999876e+00
2.919999999999999929e+00
2.950000000000000178e+00
2.825000000000000178e+00
2.765000000000000124e+00
2.770000000000000018e+00
2.995000000000000107e+00
2.790000000000000036e+00
3.015000000000000124e+00
2.935000000000000053e+00
2.884999999999999787e+00
2.799999999999999822e+00
2.790000000000000036e+00
2.895000000000000018e+00
2.854999999999999982e+00
2.990000000000000213e+00
2.879999999999999893e+00
2.819999999999999840e+00
2.850000000000000089e+00
3.064999999999999947e+00
3.089999999999999858e+00
2.990000000000000213e+00
2.814999999999999947e+00
2.924999999999999822e+00
2.904999999999999805e+00
3.075000000000000178e+00
2.915000000000000036e+00
2.779999999999999805e+00
2.955000000000000071e+00
2.924999999999999822e+00
2.794999999999999929e+00
2.959999999999999964e+00
2.819999999999999840e+00
3.004999999999999893e+00
2.919999999999999929e+00
2.759999999999999787e+00
3.040000000000000036e+00
3.145000000000000018e+00
2.910000000000000142e+00
3.049999999999999822e+00
3.145000000000000018e+00
3.055000000000000160e+00
3.084999999999999964e+00
2.859999999999999876e+00
2.884999999999999787e+00
3.174999999999999822e+00
3.089999999999999858e+00
3.000000000000000000e+00
2.959999999999999964e+00
2.979999999999999982e+00
3.029999999999999805e+00
3.194999999999999840e+00
3.000000000000000000e+00
3.049999999999999822e+00
3.064999999999999947e+00
2.830000000000000071e+00
3.000000000000000000e+00
2.950000000000000178e+00
2.850000000000000089e+00
2.865000000000000213e+00
2.935000000000000053e+00
3.009999999999999787e+00
3.080000000000000071e+00
3.069999999999999840e+00
3.015000000000000124e+00
2.964999999999999858e+00
3.004999999999999893e+00
3.080000000000000071e+00
3.080000000000000071e+00
3.109999999999999876e+00
3.125000000000000000e+00
3.080000000000000071e+00
3.044999999999999929e+00
3.109999999999999876e+00
3.020000000000000018e+00
3.229999999999999982e+00
2.984999999999999876e+00
3.044999999999999929e+00
2.839999999999999858e+00
2.930000000000000160e+00
2.870000000000000107e+00
2.879999999999999893e+00
2.879999999999999893e+00
2.995000000000000107e+00
2.899999999999999911e+00
2.859999999999999876e+00
3.080000000000000071e+00
3.104999999999999982e+00
2.955000000000000071e+00
2.935000000000000053e+00
3.160000000000000142e+00
2.935000000000000053e+00
3.029999999999999805e+00
3.169999999999999929e+00
3.194999999999999840e+00
3.254999999999999893e+00
3.140000000000000124e+00
3.125000000000000000e+00
2.839999999999999858e+00
3.000000000000000000e+00
3.089999999999999858e+00
3.214999999999999858e+00
3.200000000000000178e+00
2.939999999999999947e+00
3.149999999999999911e+00
3.129999999999999893e+00
3.004999999999999893e+00
3.220000000000000195e+00
3.084999999999999964e+00
3.205000000000000071e+00
3.189999999999999947e+00
2.959999999999999964e+00
3.165000000000000036e+00
3.214999999999999858e+00
3.044999999999999929e+00
3.125000000000000000e+00
3.020000000000000018e+00
3.040000000000000036e+00
3.125000000000000000e+00
3.134999999999999787e+00
3.004999999999999893e+00
3.140000000000000124e+00
3.035000000000000142e+00
3.095000000000000195e+00
3.035000000000000142e+00
2.939999999999999947e+00
2.870000000000000107e+00
2.984999999999999876e+00
3.134999999999999787e+00
3.084999999999999964e+00
2.935000000000000053e+00
3.095000000000000195e+00
3.064999999999999947e+00
2.979999999999999982e+00
2.884999999999999787e+00
2.964999999999999858e+00
2.745000000000000107e+00
2.959999999999999964e+00
2.950000000000000178e+00
2.859999999999999876e+00
2.904999999999999805e+00
2.839999999999999858e+00
2.790000000000000036e+00
2.720000000000000195e+00
2.774999999999999911e+00
2.890000000000000124e+00
2.799999999999999822e+00
3.000000000000000000e+00
3.004999999999999893e+00
2.870000000000000107e+00
2.884999999999999787e+00
2.899999999999999911e+00
2.930000000000000160e+00
3.044999999999999929e+00
3.134999999999999787e+00
3.075000000000000178e+00
3.109999999999999876e+00
2.884999999999999787e+00
2.785000000000000142e+00
2.964999999999999858e+00
2.995000000000000107e+00
2.959999999999999964e+00
2.939999999999999947e+00
2.899999999999999911e+00
2.834999999999999964e+00
2.955000000000000071e+00
3.120000000000000107e+00
2.975000000000000089e+00
3.035000000000000142e+00
2.990000000000000213e+00
2.970000000000000195e+00
3.084999999999999964e+00
3.145000000000000018e+00
2.979999999999999982e+00
2.959999999999999964e+00
3.009999999999999787e+00
3.004999999999999893e+00
2.990000000000000213e+00
3.069999999999999840e+00
2.975000000000000089e+00
2.915000000000000036e+00
3.125000000000000000e+00
3.100000000000000089e+00
3.145000000000000018e+00
3.040000000000000036e+00
3.189999999999999947e+00
3.040000000000000036e+00
3.115000000000000213e+00
3.009999999999999787e+00
3.189999999999999947e+00
2.970000000000000195e+00
2.955000000000000071e+00
3.044999999999999929e+00
2.805000000000000160e+00
3.095000000000000195e+00
2.995000000000000107e+00
3.000000000000000000e+00
2.919999999999999929e+00
2.930000000000000160e+00
3.149999999999999911e+00
3.274999999999999911e+00
3.145000000000000018e+00
3.004999999999999893e+00
3.080000000000000071e+00
3.044999999999999929e+00
3.075000000000000178e+00
3.109999999999999876e+00
3.084999999999999964e+00
2.834999999999999964e+00
3.104999999999999982e+00
2.890000000000000124e+00
3.100000000000000089e+00
3.064999999999999947e+00
3.009999999999999787e+00
2.979999999999999982e+00
3.004999999999999893e+00
3.075000000000000178e+00
3.040000000000000036e+00
2.910000000000000142e+00
3.245000000000000107e+00
2.915000000000000036e+00
3.174999999999999822e+00
3.109999999999999876e+00
2.984999999999999876e+00
3.185000000000000053e+00
2.895000000000000018e+00
3.120000000000000107e+00
2.955000000000000071e+00
2.964999999999999858e+00
2.850000000000000089e+00
2.939999999999999947e+00
3.040000000000000036e+00
2.959999999999999964e+00
3.075000000000000178e+00
2.884999999999999787e+00
2.890000000000000124e+00
2.729999999999999982e+00
2.790000000000000036e+00
2.870000000000000107e+00
2.904999999999999805e+00
2.685000000000000053e+00
2.799999999999999822e+00
2.875000000000000000e+00
2.640000000000000124e+00
2.754999999999999893e+00
2.839999999999999858e+00
2.915000000000000036e+00
2.819999999999999840e+00
2.794999999999999929e+00
2.790000000000000036e+00
2.859999999999999876e+00
2.875000000000000000e+00
2.740000000000000213e+00
2.745000000000000107e+00
2.794999999999999929e+00
2.834999999999999964e+00
2.964999999999999858e+00
2.700000000000000178e+00
2.915000000000000036e+00
2.794999999999999929e+00
2.930000000000000160e+00
2.839999999999999858e+00
3.035000000000000142e+00
2.674999999999999822e+00
2.754999999999999893e+00
2.830000000000000071e+00
2.875000000000000000e+00
2.919999999999999929e+00
2.890000000000000124e+00
3.044999999999999929e+00
2.899999999999999911e+00
2.799999999999999822e+00
3.040000000000000036e+00
2.910000000000000142e+00
2.745000000000000107e+00
2.910000000000000142e+00
3.024999999999999911e+00
2.935000000000000053e+00
3.115000000000000213e+00
2.984999999999999876e+00
2.890000000000000124e+00
2.924999999999999822e+00
2.845000000000000195e+00
2.930000000000000160e+00
2.899999999999999911e+00
2.884999999999999787e+00
2.975000000000000089e+00
3.084999999999999964e+00
2.995000000000000107e+00
2.854999999999999982e+00
2.990000000000000213e+00
2.825000000000000178e+00
2.845000000000000195e+00
2.865000000000000213e+00
2.779999999999999805e+00
2.859999999999999876e+00
2.950000000000000178e+00
2.884999999999999787e+00
2.825000000000000178e+00
2.814999999999999947e+00
2.830000000000000071e+00
3.049999999999999822e+00
2.870000000000000107e+00
2.680000000000000160e+00
2.975000000000000089e+00
2.765000000000000124e+00
2.875000000000000000e+00
2.890000000000000124e+00
2.794999999999999929e+00
2.870000000000000107e+00
2.950000000000000178e+00
2.924999999999999822e+00
2.845000000000000195e+00
2.939999999999999947e+00
2.970000000000000195e+00
3.055000000000000160e+00
2.964999999999999858e+00
2.884999999999999787e+00
2.740000000000000213e+00
2.930000000000000160e+00
2.705000000000000071e+00
3.009999999999999787e+00
2.990000000000000213e+00
3.049999999999999822e+00
2.750000000000000000e+00
2.770000000000000018e+00
2.774999999999999911e+00
2.669999999999999929e+00
2.839999999999999858e+00
2.924999999999999822e+00
2.850000000000000089e+00
2.959999999999999964e+00
2.759999999999999787e+00
2.895000000000000018e+00
2.830000000000000071e+00
2.870000000000000107e+00
2.834999999999999964e+00
2.850000000000000089e+00
2.984999999999999876e+00
2.895000000000000018e+00
2.944999999999999840e+00
2.915000000000000036e+00
2.904999999999999805e+00
2.939999999999999947e+00
2.970000000000000195e+00
2.895000000000000018e+00
2.745000000000000107e+00
2.825000000000000178e+00
2.825000000000000178e+00
2.895000000000000018e+00
2.740000000000000213e+00
2.879999999999999893e+00
3.015000000000000124e+00
3.029999999999999805e+00
2.884999999999999787e+00
2.845000000000000195e+00
2.895000000000000018e+00
2.879999999999999893e+00
2.830000000000000071e+00
2.939999999999999947e+00
2.930000000000000160e+00
2.714999999999999858e+00
2.685000000000000053e+00
2.879999999999999893e+00
2.725000000000000089e+00
2.834999999999999964e+00
3.080000000000000071e+00
3.024999999999999911e+00
3.009999999999999787e+00
2.979999999999999982e+00
2.895000000000000018e+00
2.770000000000000018e+00
2.859999999999999876e+00
2.904999999999999805e+00
2.870000000000000107e+00
2.845000000000000195e+00
2.939999999999999947e+00
2.825000000000000178e+00
2.850000000000000089e+00
2.910000000000000142e+00
2.845000000000000195e+00
2.700000000000000178e+00
2.725000000000000089e+00
2.790000000000000036e+00
2.729999999999999982e+00
2.890000000000000124e+00
2.854999999999999982e+00
2.660000000000000142e+00
2.850000000000000089e+00
2.890000000000000124e+00
2.875000000000000000e+00
2.890000000000000124e+00
2.814999999999999947e+00
2.919999999999999929e+00
2.705000000000000071e+00
2.729999999999999982e+00
2.979999999999999982e+00
2.910000000000000142e+00
2.995000000000000107e+00
2.669999999999999929e+00
2.870000000000000107e+00
2.830000000000000071e+00
2.845000000000000195e+00
2.819999999999999840e+00
3.009999999999999787e+00
3.015000000000000124e+00
2.975000000000000089e+00
2.680000000000000160e+00
2.779999999999999805e+00
3.049999999999999822e+00
2.955000000000000071e+00
2.830000000000000071e+00
2.895000000000000018e+00
2.814999999999999947e+00
2.714999999999999858e+00
2.990000000000000213e+00
2.959999999999999964e+00
2.884999999999999787e+00
2.814999999999999947e+00
2.640000000000000124e+00
2.770000000000000018e+00
3.104999999999999982e+00
3.270000000000000018e+00
3.029999999999999805e+00
3.040000000000000036e+00
2.915000000000000036e+00
3.125000000000000000e+00
2.810000000000000053e+00
2.765000000000000124e+00
2.979999999999999982e+00
2.770000000000000018e+00
2.770000000000000018e+00
2.709999999999999964e+00
2.805000000000000160e+00
2.939999999999999947e+00
2.919999999999999929e+00
2.970000000000000195e+00
2.765000000000000124e+00
2.924999999999999822e+00
2.729999999999999982e+00
2.770000000000000018e+00
2.740000000000000213e+00
2.910000000000000142e+00
2.680000000000000160e+00
2.649999999999999911e+00
2.759999999999999787e+00
2.609999999999999876e+00
2.745000000000000107e+00
2.720000000000000195e+00
2.604999999999999982e+00
2.649999999999999911e+00
2.600000000000000089e+00
2.810000000000000053e+00
2.729999999999999982e+00
2.834999999999999964e+00
2.504999999999999893e+00
2.620000000000000107e+00
2.629999999999999893e+00
2.629999999999999893e+00
2.634999999999999787e+00
2.875000000000000000e+00
2.584999999999999964e+00
2.569999999999999840e+00
2.589999999999999858e+00
2.740000000000000213e+00
2.600000000000000089e+00
2.555000000000000160e+00
2.555000000000000160e+00
2.604999999999999982e+00
2.654999999999999805e+00
2.524999999999999911e+00
2.625000000000000000e+00
2.654999999999999805e+00
2.759999999999999787e+00
2.604999999999999982e+00
2.589999999999999858e+00
2.660000000000000142e+00
2.850000000000000089e+00
2.734999999999999876e+00
2.629999999999999893e+00
2.649999999999999911e+00
2.720000000000000195e+00
2.680000000000000160e+00
2.810000000000000053e+00
2.740000000000000213e+00
2.629999999999999893e+00
2.524999999999999911e+00
2.830000000000000071e+00
2.615000000000000213e+00
2.729999999999999982e+00
2.705000000000000071e+00
2.604999999999999982e+00
2.705000000000000071e+00
2.524999999999999911e+00
2.524999999999999911e+00
2.515000000000000124e+00
2.654999999999999805e+00
2.564999999999999947e+00
2.759999999999999787e+00
2.564999999999999947e+00
2.819999999999999840e+00
2.685000000000000053e+00
2.694999999999999840e+00
2.674999999999999822e+00
2.785000000000000142e+00
2.625000000000000000e+00
2.685000000000000053e+00
2.629999999999999893e+00
2.490000000000000213e+00
2.584999999999999964e+00
2.770000000000000018e+00
2.799999999999999822e+00
2.705000000000000071e+00
2.640000000000000124e+00
2.790000000000000036e+00
2.634999999999999787e+00
2.490000000000000213e+00
2.634999999999999787e+00
2.634999999999999787e+00
2.629999999999999893e+00
2.669999999999999929e+00
2.645000000000000018e+00
2.450000000000000178e+00
2.575000000000000178e+00
2.709999999999999964e+00
2.509999999999999787e+00
2.464999999999999858e+00
2.584999999999999964e+00
2.524999999999999911e+00
2.584999999999999964e+00
2.694999999999999840e+00
2.689999999999999947e+00
2.589999999999999858e+00
2.709999999999999964e+00
2.504999999999999893e+00
2.450000000000000178e+00
2.575000000000000178e+00
2.334999999999999964e+00
2.524999999999999911e+00
2.685000000000000053e+00
2.444999999999999840e+00
2.339999999999999858e+00
2.495000000000000107e+00
2.435000000000000053e+00
2.604999999999999982e+00
2.665000000000000036e+00
2.609999999999999876e+00
2.834999999999999964e+00
2.689999999999999947e+00
2.689999999999999947e+00
2.645000000000000018e+00
2.705000000000000071e+00
3.004999999999999893e+00
2.640000000000000124e+00
2.544999999999999929e+00
2.600000000000000089e+00
2.535000000000000142e+00
2.484999999999999876e+00
2.459999999999999964e+00
2.785000000000000142e+00
2.604999999999999982e+00
2.535000000000000142e+00
2.575000000000000178e+00
2.569999999999999840e+00
2.620000000000000107e+00
2.700000000000000178e+00
2.580000000000000071e+00
2.575000000000000178e+00
2.419999999999999929e+00
2.509999999999999787e+00
2.464999999999999858e+00
2.444999999999999840e+00
2.524999999999999911e+00
2.484999999999999876e+00
2.555000000000000160e+00
2.620000000000000107e+00
2.555000000000000160e+00
2.625000000000000000e+00
2.419999999999999929e+00
2.379999999999999893e+00
2.475000000000000089e+00
2.694999999999999840e+00
2.370000000000000107e+00
2.500000000000000000e+00
2.669999999999999929e+00
2.575000000000000178e+00
2.549999999999999822e+00
2.450000000000000178e+00
2.515000000000000124e+00
2.294999999999999929e+00
2.600000000000000089e+00
2.444999999999999840e+00
2.459999999999999964e+00
2.359999999999999876e+00
2.490000000000000213e+00
2.450000000000000178e+00
2.575000000000000178e+00
2.685000000000000053e+00
2.569999999999999840e+00
2.745000000000000107e+00
2.265000000000000124e+00
2.479999999999999982e+00
2.459999999999999964e+00
2.540000000000000036e+00
2.515000000000000124e+00
2.464999999999999858e+00
2.589999999999999858e+00
2.484999999999999876e+00
2.509999999999999787e+00
2.564999999999999947e+00
2.625000000000000000e+00
2.524999999999999911e+00
2.504999999999999893e+00
2.595000000000000195e+00
2.500000000000000000e+00
2.540000000000000036e+00
2.354999999999999982e+00
2.524999999999999911e+00
2.629999999999999893e+00
2.549999999999999822e+00
2.555000000000000160e+00
2.689999999999999947e+00
2.645000000000000018e+00
2.470000000000000195e+00
2.654999999999999805e+00
2.665000000000000036e+00
2.629999999999999893e+00
2.484999999999999876e+00
2.544999999999999929e+00
2.600000000000000089e+00
2.435000000000000053e+00
2.674999999999999822e+00
2.500000000000000000e+00
2.740000000000000213e+00
2.625000000000000000e+00
2.580000000000000071e+00
2.560000000000000053e+00
2.589999999999999858e+00
2.529999999999999805e+00
2.645000000000000018e+00
2.725000000000000089e+00
2.419999999999999929e+00
2.524999999999999911e+00
2.615000000000000213e+00
2.589999999999999858e+00
2.490000000000000213e+00
2.560000000000000053e+00
2.475000000000000089e+00
2.540000000000000036e+00
2.654999999999999805e+00
2.609999999999999876e+00
2.705000000000000071e+00
2.685000000000000053e+00
2.620000000000000107e+00
2.589999999999999858e+00
2.609999999999999876e+00
2.665000000000000036e+00
3.049999999999999822e+00
2.754999999999999893e+00
2.604999999999999982e+00
2.660000000000000142e+00
2.475000000000000089e+00
2.615000000000000213e+00
2.654999999999999805e+00
2.700000000000000178e+00
2.555000000000000160e+00
2.589999999999999858e+00
2.569999999999999840e+00
2.604999999999999982e+00
2.765000000000000124e+00
2.584999999999999964e+00
2.660000000000000142e+00
2.770000000000000018e+00
2.845000000000000195e+00
2.640000000000000124e+00
2.674999999999999822e+00
2.865000000000000213e+00
2.850000000000000089e+00
2.640000000000000124e+00
2.759999999999999787e+00
2.634999999999999787e+00
2.794999999999999929e+00
2.935000000000000053e+00
2.615000000000000213e+00
2.600000000000000089e+00
2.560000000000000053e+00
2.479999999999999982e+00
2.455000000000000071e+00
2.765000000000000124e+00
2.584999999999999964e+00
2.484999999999999876e+00
2.729999999999999982e+00
2.564999999999999947e+00
2.305000000000000160e+00
2.620000000000000107e+00
2.455000000000000071e+00
2.484999999999999876e+00
2.509999999999999787e+00
2.685000000000000053e+00
2.634999999999999787e+00
2.600000000000000089e+00
2.479999999999999982e+00
2.404999999999999805e+00
2.279999999999999805e+00
2.274999999999999911e+00
2.535000000000000142e+00
2.580000000000000071e+00
2.504999999999999893e+00
2.299999999999999822e+00
2.640000000000000124e+00
2.515000000000000124e+00
2.629999999999999893e+00
2.495000000000000107e+00
2.540000000000000036e+00
2.495000000000000107e+00
2.740000000000000213e+00
2.580000000000000071e+00
2.609999999999999876e+00
2.595000000000000195e+00
2.589999999999999858e+00
2.475000000000000089e+00
2.515000000000000124e+00
2.634999999999999787e+00
2.410000000000000142e+00
2.455000000000000071e+00
2.294999999999999929e+00
2.615000000000000213e+00
2.439999999999999947e+00
2.495000000000000107e+00
2.450000000000000178e+00
2.455000000000000071e+00
2.580000000000000071e+00
2.549999999999999822e+00
2.299999999999999822e+00
2.415000000000000036e+00
2.430000000000000160e+00
2.479999999999999982e+00
2.665000000000000036e+00
2.500000000000000000e+00
2.604999999999999982e+00
2.455000000000000071e+00
2.415000000000000036e+00
2.390000000000000124e+00
2.375000000000000000e+00
2.419999999999999929e+00
2.399999999999999911e+00
2.450000000000000178e+00
2.479999999999999982e+00
2.430000000000000160e+00
2.464999999999999858e+00
2.500000000000000000e+00
2.419999999999999929e+00
2.515000000000000124e+00
2.464999999999999858e+00
2.770000000000000018e+00
2.604999999999999982e+00
2.439999999999999947e+00
2.314999999999999947e+00
2.305000000000000160e+00
2.555000000000000160e+00
2.540000000000000036e+00
2.424999999999999822e+00
2.564999999999999947e+00
2.415000000000000036e+00
2.535000000000000142e+00
2.734999999999999876e+00
2.564999999999999947e+00
2.575000000000000178e+00
2.470000000000000195e+00
2.589999999999999858e+00
2.379999999999999893e+00
2.245000000000000107e+00
2.310000000000000053e+00
2.279999999999999805e+00
2.464999999999999858e+00
2.424999999999999822e+00
2.359999999999999876e+00
2.475000000000000089e+00
2.365000000000000213e+00
2.325000000000000178e+00
2.430000000000000160e+00
2.444999999999999840e+00
2.339999999999999858e+00
2.395000000000000018e+00
2.604999999999999982e+00
2.589999999999999858e+00
2.569999999999999840e+00
2.524999999999999911e+00
2.475000000000000089e+00
2.435000000000000053e+00
2.734999999999999876e+00
2.600000000000000089e+00
2.589999999999999858e+00
2.470000000000000195e+00
2.479999999999999982e+00
2.455000000000000071e+00
2.314999999999999947e+00
2.459999999999999964e+00
2.279999999999999805e+00
2.740000000000000213e+00
2.529999999999999805e+00
2.419999999999999929e+00
2.584999999999999964e+00
2.419999999999999929e+00
2.399999999999999911e+00
2.535000000000000142e+00
2.490000000000000213e+00
2.419999999999999929e+00
2.330000000000000071e+00
2.464999999999999858e+00
2.455000000000000071e+00
2.350000000000000089e+00
2.270000000000000018e+00
2.305000000000000160e+00
2.415000000000000036e+00
2.495000000000000107e+00
2.270000000000000018e+00
2.305000000000000160e+00
2.319999999999999840e+00
2.390000000000000124e+00
2.700000000000000178e+00
2.430000000000000160e+00
2.475000000000000089e+00
2.410000000000000142e+00
2.444999999999999840e+00
2.580000000000000071e+00
2.325000000000000178e+00
2.520000000000000018e+00
2.544999999999999929e+00
2.524999999999999911e+00
2.439999999999999947e+00
2.564999999999999947e+00
2.314999999999999947e+00
2.254999999999999893e+00
2.354999999999999982e+00
2.410000000000000142e+00
2.305000000000000160e+00
2.564999999999999947e+00
2.464999999999999858e+00
2.370000000000000107e+00
2.370000000000000107e+00
2.404999999999999805e+00
2.265000000000000124e+00
2.345000000000000195e+00
2.334999999999999964e+00
2.365000000000000213e+00
2.540000000000000036e+00
2.185000000000000053e+00
2.270000000000000018e+00
2.120000000000000107e+00
2.240000000000000213e+00
2.350000000000000089e+00
2.274999999999999911e+00
2.274999999999999911e+00
2.174999999999999822e+00
2.225000000000000089e+00
2.270000000000000018e+00
2.345000000000000195e+00
2.310000000000000053e+00
2.470000000000000195e+00
2.115000000000000213e+00
2.234999999999999876e+00
2.395000000000000018e+00
2.205000000000000071e+00
2.334999999999999964e+00
2.399999999999999911e+00
2.125000000000000000e+00
2.435000000000000053e+00
2.225000000000000089e+00
2.359999999999999876e+00
2.240000000000000213e+00
2.339999999999999858e+00
2.140000000000000124e+00
2.274999999999999911e+00
2.234999999999999876e+00
2.365000000000000213e+00
2.279999999999999805e+00
2.279999999999999805e+00
2.370000000000000107e+00
2.484999999999999876e+00
2.250000000000000000e+00
2.484999999999999876e+00
2.390000000000000124e+00
2.325000000000000178e+00
2.379999999999999893e+00
2.424999999999999822e+00
2.294999999999999929e+00
2.464999999999999858e+00
2.259999999999999787e+00
2.305000000000000160e+00
2.265000000000000124e+00
2.399999999999999911e+00
2.245000000000000107e+00
2.395000000000000018e+00
2.270000000000000018e+00
2.330000000000000071e+00
2.365000000000000213e+00
2.395000000000000018e+00
2.180000000000000160e+00
2.325000000000000178e+00
2.305000000000000160e+00
2.080000000000000071e+00
2.524999999999999911e+00
2.229999999999999982e+00
2.299999999999999822e+00
2.595000000000000195e+00
2.069999999999999840e+00
2.270000000000000018e+00
2.254999999999999893e+00
2.084999999999999964e+00
2.274999999999999911e+00
2.319999999999999840e+00
2.240000000000000213e+00
2.209999999999999964e+00
2.279999999999999805e+00
2.490000000000000213e+00
2.209999999999999964e+00
2.209999999999999964e+00
2.169999999999999929e+00
2.169999999999999929e+00
2.265000000000000124e+00
2.100000000000000089e+00
2.069999999999999840e+00
2.285000000000000142e+00
2.115000000000000213e+00
2.189999999999999947e+00
2.305000000000000160e+00
2.354999999999999982e+00
2.325000000000000178e+00
2.274999999999999911e+00
2.250000000000000000e+00
2.200000000000000178e+00
2.120000000000000107e+00
2.640000000000000124e+00
2.189999999999999947e+00
2.174999999999999822e+00
2.229999999999999982e+00
2.189999999999999947e+00
2.325000000000000178e+00
2.390000000000000124e+00
2.120000000000000107e+00
2.274999999999999911e+00
2.419999999999999929e+00
2.185000000000000053e+00
2.390000000000000124e+00
2.214999999999999858e+00
2.254999999999999893e+00
2.229999999999999982e+00
2.084999999999999964e+00
2.245000000000000107e+00
2.240000000000000213e+00
2.189999999999999947e+00
1.985000000000000098e+00
2.229999999999999982e+00
2.209999999999999964e+00
2.229999999999999982e+00
2.464999999999999858e+00
2.444999999999999840e+00
2.169999999999999929e+00
2.294999999999999929e+00
2.259999999999999787e+00
2.120000000000000107e+00
2.290000000000000036e+00
2.299999999999999822e+00
2.185000000000000053e+00
2.339999999999999858e+00
2.299999999999999822e+00
2.254999999999999893e+00
2.419999999999999929e+00
2.290000000000000036e+00
2.375000000000000000e+00
2.220000000000000195e+00
2.115000000000000213e+00
2.365000000000000213e+00
2.279999999999999805e+00
2.234999999999999876e+00
2.174999999999999822e+00
2.120000000000000107e+00
2.234999999999999876e+00
2.299999999999999822e+00
2.395000000000000018e+00
2.064999999999999947e+00
2.285000000000000142e+00
2.299999999999999822e+00
2.165000000000000036e+00
2.310000000000000053e+00
2.259999999999999787e+00
2.035000000000000142e+00
2.509999999999999787e+00
2.509999999999999787e+00
2.194999999999999840e+00
2.265000000000000124e+00
2.154999999999999805e+00
2.220000000000000195e+00
2.209999999999999964e+00
2.330000000000000071e+00
2.290000000000000036e+00
2.299999999999999822e+00
2.490000000000000213e+00
2.294999999999999929e+00
2.319999999999999840e+00
2.310000000000000053e+00
2.115000000000000213e+00
2.214999999999999858e+00
2.254999999999999893e+00
2.265000000000000124e+00
2.220000000000000195e+00
2.290000000000000036e+00
2.365000000000000213e+00
2.384999999999999787e+00
2.180000000000000160e+00
2.299999999999999822e+00
2.259999999999999787e+00
2.319999999999999840e+00
2.435000000000000053e+00
2.345000000000000195e+00
2.279999999999999805e+00
2.339999999999999858e+00
2.104999999999999982e+00
2.370000000000000107e+00
2.334999999999999964e+00
2.330000000000000071e+00
2.305000000000000160e+00
2.325000000000000178e+00
2.310000000000000053e+00
2.234999999999999876e+00
2.359999999999999876e+00
2.129999999999999893e+00
2.310000000000000053e+00
2.274999999999999911e+00
2.319999999999999840e+00
2.020000000000000018e+00
2.390000000000000124e+00
2.225000000000000089e+00
2.134999999999999787e+00
2.240000000000000213e+00
2.595000000000000195e+00
2.245000000000000107e+00
2.334999999999999964e+00
2.325000000000000178e+00
2.415000000000000036e+00
2.325000000000000178e+00
2.200000000000000178e+00
2.259999999999999787e+00
2.185000000000000053e+00
2.209999999999999964e+00
2.345000000000000195e+00
2.174999999999999822e+00
2.350000000000000089e+00
2.459999999999999964e+00
2.439999999999999947e+00
2.080000000000000071e+00
2.325000000000000178e+00
2.345000000000000195e+00
2.310000000000000053e+00
2.160000000000000142e+00
2.259999999999999787e+00
2.245000000000000107e+00
2.290000000000000036e+00
2.160000000000000142e+00
2.359999999999999876e+00
2.225000000000000089e+00
2.265000000000000124e+00
2.180000000000000160e+00
2.384999999999999787e+00
2.185000000000000053e+00
2.435000000000000053e+00
2.259999999999999787e+00
2.265000000000000124e+00
2.310000000000000053e+00
2.305000000000000160e+00
2.160000000000000142e+00
2.245000000000000107e+00
2.040000000000000036e+00
2.180000000000000160e+00
2.165000000000000036e+00
2.345000000000000195e+00
2.305000000000000160e+00
2.334999999999999964e+00
2.395000000000000018e+00
2.285000000000000142e+00
2.354999999999999982e+00
2.365000000000000213e+00
2.214999999999999858e+00
2.399999999999999911e+00
2.294999999999999929e+00
2.270000000000000018e+00
2.279999999999999805e+00
2.064999999999999947e+00
2.100000000000000089e+00
2.279999999999999805e+00
2.259999999999999787e+00
2.245000000000000107e+00
2.259999999999999787e+00
2.365000000000000213e+00
2.229999999999999982e+00
2.194999999999999840e+00
2.089999999999999858e+00
2.459999999999999964e+00
2.240000000000000213e+00
2.165000000000000036e+00
2.165000000000000036e+00
2.399999999999999911e+00
2.205000000000000071e+00
2.395000000000000018e+00
2.305000000000000160e+00
2.265000000000000124e+00
2.245000000000000107e+00
2.104999999999999982e+00
2.259999999999999787e+00
2.294999999999999929e+00
2.279999999999999805e+00
2.310000000000000053e+00
2.375000000000000000e+00
2.285000000000000142e+00
2.229999999999999982e+00
2.365000000000000213e+00
2.470000000000000195e+00
2.455000000000000071e+00
2.439999999999999947e+00
2.245000000000000107e+00
2.299999999999999822e+00
2.430000000000000160e+00
2.410000000000000142e+00
2.410000000000000142e+00
2.365000000000000213e+00
2.435000000000000053e+00
2.555000000000000160e+00
2.290000000000000036e+00
2.390000000000000124e+00
2.529999999999999805e+00
2.410000000000000142e+00
2.314999999999999947e+00
2.285000000000000142e+00
2.225000000000000089e+00
2.339999999999999858e+00
2.325000000000000178e+00
2.365000000000000213e+00
2.430000000000000160e+00
2.495000000000000107e+00
2.785000000000000142e+00
2.354999999999999982e+00
2.325000000000000178e+00
2.379999999999999893e+00
2.339999999999999858e+00
2.375000000000000000e+00
2.470000000000000195e+00
2.250000000000000000e+00
2.705000000000000071e+00
2.415000000000000036e+00
2.279999999999999805e+00
2.459999999999999964e+00
2.334999999999999964e+00
2.294999999999999929e+00
2.354999999999999982e+00
2.200000000000000178e+00
2.265000000000000124e+00
2.404999999999999805e+00
2.185000000000000053e+00
2.455000000000000071e+00
2.529999999999999805e+00
2.495000000000000107e+00
2.375000000000000000e+00
2.370000000000000107e+00
2.310000000000000053e+00
2.470000000000000195e+00
2.490000000000000213e+00
2.455000000000000071e+00
2.370000000000000107e+00
2.325000000000000178e+00
2.259999999999999787e+00
2.234999999999999876e+00
2.285000000000000142e+00
2.435000000000000053e+00
2.229999999999999982e+00
2.354999999999999982e+00
2.330000000000000071e+00
2.334999999999999964e+00
2.354999999999999982e+00
2.149999999999999911e+00
2.415000000000000036e+00
2.439999999999999947e+00
2.345000000000000195e+00
2.160000000000000142e+00
2.265000000000000124e+00
2.319999999999999840e+00
2.345000000000000195e+00
2.205000000000000071e+00
2.305000000000000160e+00
2.310000000000000053e+00
2.375000000000000000e+00
2.250000000000000000e+00
2.254999999999999893e+00
2.390000000000000124e+00
2.564999999999999947e+00
2.334999999999999964e+00
2.410000000000000142e+00
2.325000000000000178e+00
2.399999999999999911e+00
2.339999999999999858e+00
2.325000000000000178e+00
2.194999999999999840e+00
2.430000000000000160e+00
2.354999999999999982e+00
2.359999999999999876e+00
2.285000000000000142e+00
2.354999999999999982e+00
2.149999999999999911e+00
2.265000000000000124e+00
2.464999999999999858e+00
2.299999999999999822e+00
2.464999999999999858e+00
2.290000000000000036e+00
2.299999999999999822e+00
2.279999999999999805e+00
