-20.05 115.98 -26.28 90.32 -96.01 95.63 -74.76 -66.49 117.92 -10.41 156.81 -1.15 165.76 -32.86 -92.98 34.58 62.13 185.71 129.92 42.13 121.39 -95.02 60.04 -29.09 127.67 41.91 51.13 154.81 119.20 29.96 137.23 64.16 44.32 3.25 110.99 131.17 31.71 6.16 168.49 176.04 76.48 52.66 -60.67 1.69 -12.08 47.35 86.09 41.06 26.59 -4.12
-23.97 102.73 178.72 75.62 230.31 -40.31 87.26 -75.49 -15.20 47.00 -8.44 10.77 -15.84 -103.66 138.61 150.44 101.69 16.03 -67.21 -106.95 97.93 53.86 -6.80 -65.73 1.83 127.79 132.00 110.63 52.29 -47.91 -47.02 72.48 -29.44 79.40 49.64 -29.58 -21.47 4.82 45.60 38.22 16.12 -58.77 -48.58 -11.64 188.83 122.37 65.01 114.28 85.43 -73.45
75.46 -13.28 4.42 -40.85 -56.35 100.32 -50.91 114.05 20.03 144.21 67.15 -2.06 -86.52 47.59 -83.57 66.72 -20.49 186.03 119.03 68.12 6.37 29.60 34.32 84.78 109.77 13.50 -17.65 12.60 141.22 -66.15 23.17 15.02 85.43 -18.96 33.46 -63.05 19.45 92.22 130.46 16.16 39.74 9.66 22.79 -55.04 69.52 -76.62 150.95 19.50 -33.62 178.16
36.91 -42.37 63.56 14.85 -48.79 -63.27 -31.47 27.14 120.09 49.09 134.96 28.06 105.79 -6.25 23.50 41.10 -60.10 -3.19 52.54 -23.14 -85.59 148.83 63.81 -92.95 260.86 -44.81 136.64 8.07 39.84 -24.17 -92.40 -62.54 102.30 49.28 1.59 -12.29 88.90 27.62 64.56 35.83 -41.43 19.92 194.97 17.16 8.97 95.16 93.01 3.73 183.41 27.58
-50.00 11.39 16.28 -62.78 -42.46 150.08 -86.51 117.26 -28.99 -66.93 -30.85 174.97 -84.60 144.02 -82.40 -23.86 -36.43 24.32 33.73 30.30 -0.76 192.83 145.66 198.43 155.68 -57.37 -78.43 48.32 20.65 244.91 9.19 -11.74 3.29 66.29 30.12 61.21 -71.21 37.59 -73.56 193.49 36.00 10.90 278.60 21.91 65.00 9.02 7.13 72.69 74.32 44.75
70.86 195.52 -42.19 109.18 43.98 33.27 133.62 24.07 21.53 82.17 -83.16 -53.26 -40.74 -5.87 48.08 61.06 -26.02 -44.56 83.50 35.38 -25.76 -14.20 -53.58 151.90 49.78 105.37 127.20 -80.18 164.56 131.43 -35.62 -24.34 54.19 0.01 -44.90 102.46 -66.34 114.32 88.75 130.85 123.72 59.24 113.84 87.60 50.79 -77.96 -67.54 -75.60 199.25 -1.35
-18.98 147.92 42.54 -79.60 115.11 30.66 -0.42 32.29 49.95 -49.29 36.69 -102.77 120.34 -92.55 91.99 -55.09 -69.60 149.50 0.84 24.71 89.90 61.19 100.25 148.90 35.67 -16.21 92.33 -81.90 -81.50 90.38 -44.11 120.42 76.77 51.37 59.41 68.26 23.57 -79.20 -49.62 -19.33 65.33 53.30 181.90 -67.99 10.55 -63.36 -9.63 152.11 -72.00 102.34
46.20 -4.97 -91.24 -7.31 26.03 39.26 66.66 84.06 -74.84 94.28 121.92 86.63 -82.52 -10.16 30.74 115.06 -33.08 -4.81 52.94 53.71 159.52 162.46 -4.51 100.77 -1.38 61.58 83.86 -25.51 96.58 76.19 -57.34 90.38 52.89 18.43 40.36 106.25 -5.02 -0.85 -44.92 -33.47 -14.63 -82.23 67.30 141.55 -13.44 94.61 159.62 -72.60 64.68 -29.79
89.75 5.13 -14.57 -74.06 36.08 79.69 112.23 -94.70 -63.46 -7.43 126.29 114.53 73.65 117.10 126.51 101.64 79.24 -70.47 84.22 -50.82 162.99 -7.55 63.84 71.03 180.08 15.74 33.83 14.15 85.00 60.06 57.81 59.35 -17.77 2.35 79.09 -21.17 -2.38 101.37 97.41 87.90 -92.33 -80.59 53.63 72.47 -54.98 -18.37 130.26 111.95 30.74 142.15
-91.86 121.33 169.18 52.83 -97.94 -53.83 63.65 -39.34 61.52 16.27 86.03 23.29 88.50 -31.41 -53.66 111.11 111.97 119.16 -31.99 111.07 -62.35 -21.31 1.39 65.71 133.10 135.48 -58.48 -94.01 -59.51 -7.91 -86.91 15.38 238.23 -7.85 66.89 209.88 105.50 84.23 -85.79 235.55 15.40 147.80 -18.90 -39.21 155.81 -77.85 -25.00 -35.42 -11.56 218.12
