4.59 2.54 4.85 3.78 6.19 3.44 5.20 6.04 3.06 4.50 3.62 6.22 3.28 5.56 5.74 6.28 4.58 2.24 2.36 6.11 3.47 5.69 3.41 4.74 2.73 3.35 3.81 2.73 3.17 4.98 2.39 4.05 3.61 6.25 2.89 2.93 3.25 5.45 2.33 3.44 4.37 3.53 5.60 5.95 5.29 3.62 5.08 4.18 4.59 5.30
5.15 2.66 2.86 3.69 2.46 5.09 3.51 6.39 4.96 4.74 5.34 6.81 4.61 5.62 2.91 2.67 2.63 4.22 5.21 6.21 5.44 3.92 5.16 6.03 5.04 2.67 2.38 2.83 3.28 5.90 6.67 4.40 5.16 4.58 4.04 5.34 6.10 4.92 3.32 4.25 4.45 5.22 5.37 5.72 2.89 3.41 4.02 2.25 2.62 5.53
3.29 4.58 5.33 5.21 6.00 4.26 5.14 3.82 5.29 2.17 4.05 4.22 5.94 4.31 5.95 4.55 6.33 2.30 2.98 5.66 4.62 3.85 4.37 2.16 3.14 4.11 4.56 3.66 2.29 5.79 5.61 4.91 3.27 5.33 4.55 5.81 5.24 3.33 2.95 5.15 4.91 4.76 5.21 5.89 3.49 5.54 4.36 6.19 4.63 2.70
5.46 5.46 3.22 3.61 5.14 6.06 5.29 5.00 2.94 5.14 2.18 4.46 3.13 4.55 4.66 3.57 4.72 4.61 3.92 4.98 5.93 2.35 3.08 5.43 2.40 5.69 3.23 4.61 3.24 5.91 5.99 6.07 3.24 4.11 4.95 4.71 4.04 5.68 3.28 4.25 4.83 4.25 2.75 4.27 3.47 2.64 3.83 4.71 3.22 5.09
6.15 4.28 4.66 5.56 5.30 2.60 5.77 3.10 5.31 5.97 5.33 2.98 5.59 3.48 6.39 5.98 5.90 5.33 5.34 4.10 4.96 3.40 2.33 2.64 2.08 6.27 5.28 4.71 5.63 2.51 5.68 5.66 4.78 3.62 4.36 3.00 6.07 4.15 6.00 3.58 4.00 5.97 2.80 6.10 3.14 4.83 4.40 3.62 3.24 5.77
3.49 2.91 5.51 2.64 4.32 4.46 2.81 5.07 4.05 3.17 5.38 5.38 4.90 5.22 3.73 3.37 5.25 6.20 3.12 4.16 4.69 4.60 5.05 2.71 5.04 4.95 2.68 6.51 2.86 4.58 5.95 5.55 4.49 5.03 5.32 3.58 5.81 4.35 4.29 2.94 2.89 4.08 2.04 3.92 4.42 6.53 6.26 6.26 2.73 5.03
4.65 2.36 4.11 5.96 2.33 4.91 4.67 4.96 4.57 5.78 3.62 5.98 2.88 5.86 3.27 4.91 6.21 3.59 5.75 5.25 3.78 5.33 3.35 3.13 5.26 5.17 3.50 5.51 5.95 4.08 5.18 3.18 3.37 4.16 4.47 3.30 4.44 5.96 5.54 5.53 3.66 5.44 3.15 5.79 4.65 5.99 4.25 2.37 5.64 2.97
3.70 5.31 6.22 5.56 3.82 4.27 3.44 3.32 6.27 3.52 2.89 4.05 5.68 4.44 5.32 4.95 5.29 6.15 3.65 3.94 3.91 3.13 6.20 3.32 4.37 3.53 3.79 5.33 4.13 4.96 5.45 2.91 4.26 4.01 3.95 4.19 4.81 6.30 5.38 4.71 5.28 5.72 3.77 3.36 5.74 3.64 2.90 5.35 4.08 6.91
3.41 4.13 6.24 5.44 4.74 3.23 2.98 5.56 6.40 4.46 3.12 5.22 4.03 2.54 3.65 2.45 2.72 5.65 3.62 5.24 2.56 4.20 4.44 4.47 3.29 4.56 5.13 4.62 3.26 4.10 3.99 4.30 4.79 5.16 2.94 6.11 4.24 2.87 3.68 4.90 5.97 5.25 4.55 4.18 5.51 5.06 2.46 2.79 5.76 3.69
6.15 3.27 3.70 3.99 6.04 5.35 3.86 5.51 3.59 5.01 3.00 4.60 2.96 5.34 5.76 3.03 3.02 2.51 6.07 3.25 5.65 6.02 6.28 4.14 2.95 3.69 6.50 5.98 5.92 5.78 5.97 4.16 2.89 4.31 5.40 2.45 2.81 2.72 5.85 2.84 4.79 2.37 4.84 5.56 2.26 6.16 6.14 4.90 5.89 2.56
