360.68 340.85 348.17 295.06 333.56 303.84 383.52 311.52 308.24 349.66 251.00 253.58 257.49 306.05 366.01 228.84 275.23 293.51 337.93 229.66 283.86 379.68 348.75 361.78 320.44 377.48 332.41 289.43 302.38 283.88 331.09 301.97 358.53 246.40 324.27 302.97 402.72 283.32 302.58 243.35 271.53 346.67 337.01 257.34 307.77 344.06 242.55 316.90 306.19 296.40
319.97 354.07 267.01 310.35 248.56 351.51 309.54 302.10 327.55 283.93 298.28 223.43 354.91 394.58 297.52 297.23 352.74 341.96 379.38 343.82 223.00 320.97 309.41 311.27 306.44 321.66 333.89 330.11 376.80 303.13 265.48 275.12 329.64 263.64 319.35 315.24 270.32 304.68 376.51 313.26 326.56 362.54 335.43 282.92 257.98 280.61 303.02 367.27 385.46 360.30
339.49 354.21 284.96 340.89 305.21 264.32 357.92 274.16 275.84 338.75 299.27 362.14 342.37 300.67 338.38 274.03 259.40 289.41 308.61 230.83 325.98 351.86 315.54 425.21 309.34 354.74 361.08 391.69 331.99 325.46 261.87 297.61 326.34 307.66 303.07 326.85 279.37 314.75 305.10 284.13 278.28 313.42 278.72 312.54 328.28 363.79 227.71 240.73 378.95 276.27
254.83 321.82 359.11 393.62 355.86 307.01 325.06 281.90 315.66 262.13 349.09 314.41 310.37 349.83 307.69 361.28 411.35 341.05 325.69 334.05 346.48 318.64 368.58 397.06 234.27 315.27 283.98 325.77 397.23 279.78 349.28 310.59 316.35 313.69 309.51 346.37 282.49 255.22 351.54 320.17 372.75 339.42 258.82 336.40 430.91 364.48 289.76 317.53 249.81 279.43
291.54 340.96 314.19 341.74 334.74 305.45 361.94 306.31 321.43 321.68 321.80 265.13 370.93 267.08 307.60 278.60 293.37 274.18 266.93 338.30 310.13 238.19 323.98 262.58 334.24 288.49 390.52 281.12 259.03 237.30 267.10 286.56 320.52 328.20 317.04 379.20 312.70 326.39 321.09 229.89 331.23 256.54 209.38 240.55 365.76 312.48 349.25 318.69 340.92 240.70
326.84 252.96 322.36 347.85 307.24 306.21 305.61 282.99 351.33 339.37 385.59 338.94 363.69 299.74 338.66 348.48 323.02 283.33 341.29 322.70 353.43 349.66 369.25 299.31 263.52 232.79 325.63 297.34 277.04 232.98 292.93 304.63 290.62 308.63 335.23 295.54 329.86 251.05 270.82 302.25 311.89 304.19 389.35 287.60 294.13 294.08 300.79 312.11 256.64 310.41
353.83 318.04 319.96 333.89 367.09 285.18 328.54 283.62 285.35 307.59 361.29 360.33 316.22 360.69 324.37 384.01 306.37 257.34 267.93 278.46 295.42 247.72 309.64 278.01 267.26 317.17 309.28 371.62 332.22 275.88 349.06 301.28 330.72 309.24 284.81 345.83 320.33 328.63 327.04 298.00 322.03 246.43 251.45 332.77 320.46 307.84 376.69 314.36 343.52 326.65
343.17 296.97 328.56 286.05 358.90 311.27 335.28 324.61 310.40 302.77 313.66 280.33 356.53 360.31 267.21 227.97 326.14 256.88 339.86 314.85 237.97 271.03 253.75 311.75 350.97 337.51 299.98 316.87 267.90 251.89 340.76 349.68 300.85 354.07 336.30 261.54 326.60 249.59 329.72 370.33 307.34 356.93 316.26 272.44 278.97 297.61 280.65 371.46 303.32 241.60
311.28 361.88 260.47 365.58 291.81 335.92 320.08 379.79 288.81 354.90 297.36 219.57 295.29 343.88 269.03 366.51 377.02 341.96 307.86 347.85 294.56 369.75 286.01 272.83 248.15 318.63 275.99 314.72 327.34 301.61 315.15 292.10 339.98 297.75 355.00 269.59 364.93 336.51 292.47 244.68 344.74 391.22 287.33 286.31 334.09 322.97 328.12 335.41 249.79 256.71
334.06 294.27 242.55 316.43 349.21 342.62 311.96 320.34 331.44 296.94 350.83 307.89 345.90 321.35 316.91 316.34 313.61 340.64 279.09 303.89 338.81 274.35 248.82 298.32 303.12 264.71 281.36 347.11 310.38 276.02 339.92 347.24 229.40 369.34 241.03 262.21 337.50 365.99 354.09 230.34 305.43 321.23 342.35 315.76 319.17 316.51 269.69 353.89 272.08 251.18
